0.16361091849977408 0.08379759700486819
0.15171657372210434 0.07466646338621942
0.13648739577501276 0.0637166054146666
0.11216067983053886 0.04784424933603274
0.0734318348478263 0.029465641139982804
0.052650289791814006 0.021924373954897845
0.047672763928178534 0.019083440947391478
0.040698060894956686 0.01661322449857206
0.040469320543940555 0.0161993557548988
0.039600811757026705 0.016678949965287983
0.03895378442524777 0.017084532936704738
0.03669309758473057 0.014630360538558401
0.03678367431295306 0.014375844096439884
0.036616760474526805 0.014621297476890402
0.0368509827667337 0.01469043504481779
0.0367731948365735 0.014938577713762082
0.03674722635837802 0.014908444129893356
0.03676596471728646 0.015189250227218305
0.036720056457375645 0.01509939025645055
0.03515557614808635 0.013665285977450285
0.03469205955542541 0.013756053450214701
0.0346045475344828 0.014068995482080368
0.03464353022739495 0.014203483823366342
0.03476133440980817 0.014696119222770539
0.03486503806107452 0.01500642644283623
0.03376538367948123 0.01407565891182161
0.03327291303697892 0.014151530330582224
0.033124178811924164 0.01370487193204268
0.03240938260085774 0.013969494465210428
0.0323794909136561 0.01402908532472489
