0.18211218841866733 0.10016339310037138
0.17506277560019598 0.09472364158610011
0.16803039640494855 0.08891498624716465
0.16143283393557079 0.08411889991563445
0.15735527161930427 0.08086066389397738
0.15354885970418913 0.07800722419102195
0.14730549133390494 0.07342043925680485
0.141437676077903 0.06906219683302571
0.1351790731412298 0.06463500346774373
0.12923830995835375 0.06056097465315613
0.12233775952351789 0.055915081931526306
0.11537668230952965 0.0514011135349026
0.11121378919647232 0.048945146149067115
0.10648250895700637 0.045931067040034024
0.10113619051629104 0.04294380278927515
0.095374931099951 0.03964915306961339
0.09056839669585988 0.0372780007710344
0.08485270700636943 0.03450550513003692
0.08079965205475258 0.032610043748123665
0.07565060306681774 0.030597145882731887
0.07198643625979911 0.029089012342804883
0.0697288878766536 0.028305490762180884
0.06615068345020823 0.026894358166849205
0.06287540478778784 0.02631258324061694
0.06070963222684958 0.025421734361796167
0.058260929270271926 0.024652678905867784
0.05187856940531602 0.02176921839731865
0.0503687683733464 0.02093557708311327
0.050053096100257224 0.021310286088423294
0.04891468068655071 0.02071834089831936
0.04771859497488976 0.020929686392441568
0.0467531234688878 0.021031898019407552
0.04585680081761392 0.020438932138201055
0.042423592716499266 0.01827383999976372
0.04226435704770946 0.018150934946534896
0.04086071950790054 0.01726724447845204
0.04068068463682019 0.017139025587900703
0.040526697812040664 0.017486413461291223
0.04059476531877756 0.017284216182636123
0.04010355103196962 0.017286522238730874
0.03973336877220113 0.01735907953164264
0.03979640753230647 0.017430450542608077
0.03841607399865262 0.016338119683285197
0.03838736803726727 0.01646504235042836
0.037913716085864774 0.016612530857446545
0.03779342808365997 0.016418758352293575
0.03815012937898089 0.016704726952968638
0.037648955685785156 0.016656284844656893
0.03779969607422832 0.01695001721276102
0.037627821552700884 0.0170369714079665
0.03732935754532092 0.016806078050467833
0.037343730861097504 0.016806929078820632
0.03748632525416463 0.016887395370475254
