0.18879897444084368 0.10946585105677396
0.18153098387369587 0.10294113456043288
0.17592873407225643 0.09827758011819619
0.16956987431852055 0.09315914427976875
0.16287628834547577 0.08774381785330353
0.1561485556251471 0.08232738493523667
0.15162369985733057 0.07926766578072493
0.14480942246455325 0.07382868742158483
0.13888669500240233 0.0700522207901762
0.13494996572685422 0.06730593562252664
0.12884933237076404 0.06253190474076704
0.11449972199989704 0.05349055136055503
0.10104675580238076 0.044789271427204465
0.0878808482672527 0.0373067892942911
0.08376656739660143 0.03505877348741627
0.079058041197026 0.03271202084703584
0.07531330837588494 0.031024186654187026
0.07095356065350937 0.02901493824114427
0.06136113033049302 0.02456221362917846
0.05761357748212955 0.022617453435810793
0.05566025139360096 0.021654417120950738
0.053346713508675384 0.021273510085849066
0.05168830768643856 0.021136776060867446
0.049380266221294516 0.020297302472789592
0.04727942733357684 0.019556459117197174
0.04531336085041526 0.01877336937250246
0.04465017088311647 0.01895329570196777
0.043657856448376706 0.018722299387567153
0.042639347838876684 0.018676606681939777
0.0417645840125657 0.01851066802557509
0.040150695360301615 0.017211654981539617
0.04001646158573281 0.017170720189799257
0.040006095950866065 0.016949948127673715
0.03963359860293649 0.017278511363118202
0.03878312579209729 0.016806158194661688
0.03874038969194923 0.01678652606501274
0.03869939635904897 0.01669742785286136
0.03851749502755947 0.016672569574464703
0.03790547730296542 0.0160447192520989
0.03781405623369842 0.016353072823253587
0.037658325137858634 0.016808182264664673
0.03773113354867553 0.01660184721918042
0.0374228217439439 0.016770402323368964
0.03756365074346834 0.016914499915021444
0.03763573379923566 0.016833927085722636
0.03756486445637306 0.016826066947211046
0.03723267817669316 0.0170930998039448
0.037064225837508825 0.016556848094874066
0.03718852727511178 0.01630382045318096
