0.1846455858035277 0.10094368973144792
0.17975352921362078 0.09711012596804951
0.17469902161930426 0.09312775847199675
0.16989940592846645 0.08930455363744774
0.16680454969990202 0.08701816756325331
0.1638859244855463 0.08488749660348748
0.15870865997060266 0.08107708298296844
0.15368462150906417 0.07722674296687367
0.1482133930211906 0.07318115234375
0.14271369541585008 0.06948389427620752
0.13596036141903478 0.06443605557007205
0.12904885396251836 0.059409141031539096
0.12472152896864282 0.05682511491678805
0.1199320090488731 0.053636931965856276
0.11395220250489956 0.04945419954884585
0.1082610584578638 0.04608192301330946
0.10271933182263596 0.04281369453434248
0.09655823202474277 0.03900500197275702
0.09226792166829985 0.0371511066072332
0.08615989404703576 0.03349167926098142
0.08215993041095052 0.03161021437727245
0.07955134584762372 0.031077975544762385
0.07547602756767516 0.02959322831826243
0.07161786884492896 0.027628305649295054
0.06872320075177608 0.026772570173164804
0.06565881365598972 0.025802270264583982
0.05870325323064674 0.02181036636469267
0.05655493056406173 0.02113580763117314
0.05595592119365507 0.02118279742634693
0.05374590905959089 0.020538566248672667
0.05231630481381676 0.02097344037965192
0.05102462506890005 0.02094904694814229
0.04961277693991916 0.01976310025540732
0.045865748254532095 0.01672044586740849
0.04544990296576433 0.017396953686597275
0.04361472145241303 0.016395452119684413
0.04326267569512494 0.016668383834667847
0.04316503858402744 0.0164327222752499
0.04329405392577168 0.01675406488059912
0.04270975280193533 0.017271576986429935
0.04213815033990691 0.016369610446942826
0.041901598289747675 0.01682822786177462
0.04150608330015924 0.016613985885188497
0.04140653708353748 0.016659185399026808
0.041343125114833415 0.016386522429839
0.04108986001806712 0.015942016883881315
0.041106458231259184 0.016641191646438163
0.0409034758160828 0.016076495651247833
0.040969174883635474 0.01615936843934506
0.04063970824657031 0.01624247875529196
0.04058716238975992 0.016320678352609773
0.040544339095418915 0.015984332130973694
0.04076609198922097 0.0161211603880989
0.04091338498285154 0.0163405302516338
0.040542961094439 0.016514315127562934
0.04055183197574718 0.016525624167811
