0.16925870418398964 0.08591486819860662
0.16943397677576874 0.08604666484216097
0.16927770226211955 0.08590919000755826
0.1691751279612488 0.0858069501835675
0.16913598272768277 0.08577399832391891
0.16912843712003844 0.08576306294838278
0.16902593942432145 0.08568829650123254
0.16907263026553185 0.08572680780648932
0.1690725153578012 0.08572022283207961
0.1690676317792497 0.08571777235799599
0.16917319368111663 0.08580726863724797
0.1691879593245019 0.08582610598207574
0.1691922683644003 0.08582826499007892
0.16919203854893905 0.08582801670415856
0.1691756258947482 0.08581232611349543
0.1691762387359782 0.08581309256133655
0.1691777899903416 0.08581371327613747
