0.17055267408745714 0.08900759224789016
0.16418562055977462 0.08377419950020014
0.15763574266597255 0.07870857470868173
0.15163304599461047 0.07427138074227785
0.14784963904029888 0.07145017967638098
0.1444515556099951 0.0691015260157223
0.13863298475012248 0.06505153230491682
0.1334189161256737 0.061244300200281314
0.1276869200912543 0.0577659423697824
0.12257244074595787 0.05432323814816925
0.11647950414931406 0.05074553666982632
0.11032274888228809 0.047198157318120666
0.10644335076249388 0.044938781553688176
0.10235574052241549 0.04271732880708226
0.0971694615843949 0.04035246624596241
0.09233597003613425 0.038032473374295335
0.08771970503123469 0.03586733508759007
0.08304909511268986 0.03403657357732165
0.07990077914472073 0.032730004813318635
0.07504544532398334 0.031003671404179083
0.07176342976788339 0.030070230388658324
0.069611427647293 0.029291307347203845
0.06664705088651396 0.028004975955992318
0.06341113616180793 0.025910824563787026
0.0609749931099951 0.024817308779819816
0.058421150592540425 0.023822520428589497
0.05213997332036992 0.021905870205184103
0.0502125375122489 0.02071642438789806
0.04907734700361342 0.020060331748062512
0.04751621065041646 0.019273403339423314
0.04653454284817492 0.019201095790079194
0.04572468497366487 0.018817672905941447
0.04475102680211906 0.01819453012941147
0.044583346092601665 0.018318039182029445
0.04415862992252572 0.01821222934746653
0.04370389438388045 0.018183533268622966
0.043500103350073496 0.017945239900630728
0.0429481326172832 0.018035290101693843
0.04276176276947575 0.01803909054728849
0.04222362946319206 0.017825737603511107
0.04150605459180549 0.017807358377155004
0.04147365721460069 0.017532146394814783
0.0410538932355463 0.017814769246064562
0.04102581168085497 0.017723475756371197
0.04074088605463008 0.017428075264111425
0.04066556490384615 0.01752611047282929
0.040592272476727094 0.016957855631799974
0.040191298115200884 0.01683588847425183
0.040056529140892944 0.01633110514655908
0.03997630843106933 0.016757831393643813
0.03997338735607545 0.01716499484703011
0.03989024317889515 0.016817769849879358
0.03981851057232974 0.016845067907664896
0.039723495490874575 0.017179649636703462
0.03968755741670749 0.016739377515677816
0.039559231075453206 0.016473811878638004
0.039931922923811855 0.01673668462851361
0.03945525420290299 0.016980203609198486
0.03944961540375429 0.01648912360247843
