0.17445444898362217 0.0899990664076223
0.1691775271144486 0.08592327311569581
0.16336671862427138 0.08179453372871563
0.15740858149912665 0.07761078443716515
0.1443133235990766 0.0682835822655701
0.13841638334286008 0.06434896426566891
0.1332240599639619 0.060958302127818706
0.12014913713373108 0.05248265456550259
0.11362486668167232 0.048518939531689134
0.10660277033798304 0.04500754721738868
0.10035601321622377 0.041563330562718194
0.09497376488504111 0.038514370954290084
0.08958176108681039 0.03647078141038748
0.08527167499950936 0.03463778888615954
0.08084952561981139 0.0326478155053355
0.07185693513660873 0.027734906229930124
0.06740703346558348 0.026444765295648164
0.06483725849373442 0.025516991788675513
0.058959723758905264 0.022104047208726038
0.05582695867545827 0.02202513195730022
0.0535837187349739 0.021621229693400888
0.051363981037058665 0.02009892761026768
0.04766037259521029 0.018158625031991726
0.04648728247416737 0.01792837625728348
0.04524404977841099 0.01677043706403766
0.04381573153200008 0.01673992752672896
0.04215536637317724 0.0151797666001902
0.042084524241396484 0.015396835136849118
0.04188081418169686 0.015220245409573023
0.04053363018063215 0.01403186904636519
0.04011000285725939 0.013993974019286294
0.039661790415309206 0.013819133169555128
0.0397500448099842 0.01431754182768312
0.03965932279962662 0.014416790963391858
0.03983359156891523 0.014754923370377409
0.03986302806783948 0.015199139606925446
0.040079248699475496 0.015681142319532347
0.03989467344216116 0.01595377021654197
0.03994920535300301 0.016029351209476
0.03967102361030018 0.016002892903445705
0.03984409211215483 0.015761655013129473
0.03984260675125851 0.015966836543027073
