0.18553176463342289 0.10674442146876105
0.18104867782568834 0.10268972887350217
0.1757293883109115 0.09828637807580916
0.1700116370889061 0.09370645280857579
0.16498019143934342 0.08963551367809294
0.1588451240666428 0.08463454946511872
0.1551490115790222 0.08218340608902436
0.14865579596125372 0.076912436335172
0.14366962395755706 0.07374343359305911
0.14094121649903416 0.07180394812611923
0.13638677199058186 0.06801248718412849
0.12809150631165184 0.06281436236030355
0.11863332652058166 0.05637064104920189
0.11032140879635531 0.05143862475680934
0.10793287925373098 0.04989350369173096
0.1040221382765924 0.04752591932287982
0.1006875255095162 0.04573307367951616
0.09672285450413791 0.04345486684447681
0.08989269111760179 0.03983332792861663
0.08555009816184402 0.03727843342292929
0.08285230403788829 0.03563082694669979
0.07901158495909898 0.03433236984722514
0.07729981407163133 0.03380957145677424
0.07336590482330561 0.031472488473488075
0.07032916162094054 0.030137028675598858
0.06624252563514865 0.02832824145689169
0.06440203415027113 0.02754912833506284
0.06181877909463739 0.026763710909864697
0.05863263669117214 0.02561215541368666
0.05647476047866577 0.024606915889884375
0.05331428080170664 0.023215737492952998
0.052187026388636946 0.022527652196678374
0.05073046557088612 0.022479639906827577
0.049124639611054184 0.021810876382801447
0.04681537246345015 0.020612504147454375
0.04609057280124824 0.02021058591634172
0.044510380840989766 0.01966283614027403
0.04379270545808656 0.01936445988485406
0.042530760033436615 0.018517350155344944
0.04192740826686049 0.018690929001280897
0.04147055428118626 0.018595724844620513
0.0413867530308063 0.01852378399919443
0.0409828044794404 0.01887445817535152
0.0409220757438054 0.018658905515073675
0.0407852062731654 0.018595264706039834
0.04065469503028661 0.018345304205091253
0.039684538636268925 0.018426634036571177
0.0396279992449796 0.01828365912908035
0.03947607207380569 0.017592003373320463
0.03966694339001706 0.018136503842343363
0.03924908860933455 0.017954758548635368
0.039436187121723754 0.01804777131217252
0.039195192095849596 0.01762328604990659
0.038628038658331205 0.017646685648521097
0.038463124519685685 0.017405776788625864
0.03862542211354845 0.017287011107750733
0.03869728971732085 0.017674304758401822
0.03840567304828454 0.017759937762708095
0.038747506789514774 0.017633004284680922
0.037919922162269325 0.017491887473452837
0.03778422570804611 0.0170989304749334
0.03797178624526887 0.017771854137505667
0.03817430872658334 0.017336877445724267
0.03784833464609032 0.0175635449490785
0.03801631538479688 0.017746870366768825
0.038026542172822454 0.0175545243437652
0.03782948259653475 0.017311208189946414
0.03818059274310186 0.017828834406849688
0.03801646859510438 0.017671477807297654
0.037937598801497045 0.017704862817926884
0.03790250645934656 0.017451678648153546
