0.20760857499387556 0.12367595733007361
0.20029906449044585 0.11781105539633739
0.1945971261024008 0.11280061307485323
0.18924462579617835 0.10850946480344356
0.18601522308304752 0.10562959571598136
0.183672066389025 0.1039834707111168
0.1798188120100441 0.10072882339594268
0.175695526855708 0.09740424788182708
0.17309012891964723 0.09549484972299746
0.16862238179813815 0.09244578479766168
0.16433643511146498 0.08895155196299313
0.15971837104973052 0.08584427506956335
0.1565149493967418 0.08325995577758072
0.1521899402100686 0.08036723032559265
0.14783061497121508 0.07712631347743118
0.14255542626163645 0.07354019672670009
0.13769088184407152 0.07045715038854018
0.13247529167687408 0.06704803124756771
0.1284381411532337 0.06413256284329968
0.12305293246264086 0.06080238981574397
0.11823949848419892 0.0579738864650974
0.11466147109260166 0.05580805595437311
0.10882660345725134 0.052654066155377155
0.10490901365752082 0.0507901919055634
0.10146247052609016 0.0489591372180634
0.09788720870590396 0.046989757169334304
0.09087539426139148 0.04319897285031161
0.08669184070308672 0.04090510261289973
0.0839444034021313 0.04017290605003141
0.08130223006491916 0.03837207847802882
0.07842081566174669 0.03719772721626351
0.07346523226972072 0.03530816466883395
0.07170762072819696 0.03395046362395898
0.06723974920382166 0.03218113360212401
0.06577189586140372 0.03176065773074047
0.05999997607637188 0.028849796009453945
0.05854985014239344 0.02805830163689318
0.05621377484229544 0.027843609036043687
0.05566114381736894 0.0272702249507636
0.05334512608708966 0.0260102740811869
0.05157638527376286 0.024756089030498075
0.05048289843367222 0.02444272600359561
0.04831071434039686 0.02333535759543592
0.04730431429140127 0.02237021543444783
0.045172522851849584 0.02120786272234561
0.04528763856565409 0.021671028456173
0.044740978878307205 0.021484905705081252
0.04414618006645027 0.020912968503731127
0.0437292677838682 0.020480553803972408
0.0432317233050588 0.020113330319181836
0.04315206719285889 0.020008257499603884
0.04289170156326556 0.0200441567801513
0.042627823945063696 0.019864967127665785
0.042575124977033314 0.020226529305822336
0.0428332322161318 0.019921405102048262
0.042243060233953945 0.019796765416865883
0.04215917920902744 0.01988771550915373
0.04185364098481137 0.019839071162844273
0.041697582373836355 0.019553702489652363
0.04162052436765066 0.019741821831983298
0.041350086890617345 0.019477202234436154
0.041018505404826065 0.019612367796613704
0.041079879080414015 0.019229080642675762
0.04074835979605586 0.01869695446623154
0.04095095464845664 0.018566466166739404
0.040841858119488 0.019067959394388788
0.0410413189766046 0.018622978792731774
0.04068139756093826 0.01881123386526252
0.04067408171545811 0.018267424033218762
0.04080955643679569 0.01848688890789353
0.04054289889300588 0.018210992845346274
0.04064681356412298 0.01805517186136183
0.04080991529121754 0.018212473661826187
0.04052922414717051 0.018735310463395497
0.04052061642577168 0.018709463361445917
0.04069662734260167 0.01869893748445075
0.040785809843520336 0.01850757690494838
0.04073241230554875 0.01863922298304489
0.04048297977400784 0.018588801928419933
0.040525941825391966 0.018776128606383984
0.04045271159970602 0.018497865409152065
0.04065617248744488 0.018322159950895638
