0.15614058179673995 0.08047712293496659
0.12450709531053551 0.05917677817881128
0.0883295735753821 0.0396721340645817
0.060591814447906844 0.026855572388588198
0.048267317140475205 0.021727279934140708
0.04440592985079758 0.019541369378047718
0.03953270715080716 0.016622927993567137
0.039348851092559034 0.016008594317620577
0.037308415507775666 0.015513728031170406
0.03593934745734618 0.014693327624388415
0.03612686293915385 0.014752082731698042
0.035278888650235 0.014363075290893852
0.035688314838040726 0.015023348764109304
0.03589786599683964 0.01582047699304127
0.03576630660240968 0.016979687889043315
0.03505110751902478 0.016449552593809185
0.03502011033099683 0.016933170107340238
0.034070583441226376 0.015786527383207072
0.03413204784833952 0.016211731265289613
0.03315743736064455 0.016001719624603387
0.03337316109889449 0.016970533147085756
0.03295241132128001 0.01698827527616548
