0.16669285373898496 0.09047284202501976
0.13514739149927385 0.0696503494989049
0.0938460980585049 0.047619751126657735
0.06447652182986036 0.03281916530065706
0.04946751057653622 0.024473288472582833
0.04163889680655457 0.01835587429661083
0.03900900784178557 0.014756914812547345
0.03752912361483868 0.013514453238643536
0.0369087003471643 0.013140618267156486
0.03634866418715532 0.012693012826538622
0.03623316539874983 0.013124197580138849
0.03606780879483912 0.012605518024122277
0.03610927192553677 0.013693582523733917
0.03646711453140639 0.014681088574716209
0.03646625685527594 0.014767448281898412
0.03690393521357918 0.015379941381805918
0.03575384183325197 0.014042367672178964
0.03536585358841727 0.013740089265068532
0.03537367808630012 0.014378609147198313
0.03499458763238303 0.013874506250994918
0.03484418286291411 0.013347283327661164
0.034683265571488674 0.013409544708396687
