0.1348232905132288 0.06506841171256504
0.10877619158806957 0.052203778502907625
0.08714163362016168 0.04385681640972469
0.06691543571625429 0.03262730862953934
0.05122799026212641 0.02488702795425358
0.04290796006093826 0.019804477606819016
0.0396359015188633 0.017449826028630776
0.03823045535276825 0.016635746150821834
0.03588000673689368 0.014341911203261903
0.03589768390571411 0.014996632968079385
0.03580848944298138 0.015524115814388149
0.03486249894736036 0.014823897286594773
0.034817362238179814 0.0160603356136586
0.03475832350869672 0.01573458720602359
0.033779371038247186 0.015318760093983499
0.03382520870973175 0.015797519870466917
0.03366978885962763 0.01626517963120997
0.032719128471796914 0.016097100852880797
0.032707078140311124 0.016662774105509752
