0.18289152669570888 0.10443036472373829
0.1538563119925376 0.08409501942767257
0.12690052289157955 0.06657108915806743
0.09849300944505188 0.050148138377024594
0.07581667430720351 0.03732434401394981
0.05639497133419708 0.02573813805420828
0.04599641168009277 0.01998531563408029
0.038936592022298926 0.014336467147484587
0.03667861802913373 0.012812708341677071
0.03672792352808326 0.01326333083553493
0.036584447997515396 0.013020285326030664
0.035762766291350834 0.012650985947046386
0.03576085104982815 0.013061198409378728
0.03523206962377915 0.012909394092772229
0.035075802673891675 0.01297820834530228
0.03516707829675886 0.01282094193786114
0.03487870038068873 0.01376240140076385
0.03463180420194797 0.013542167200982329
0.033721080523342044 0.013309142267996923
0.0338144078486904 0.013498714582562257
0.03365879686902445 0.013801744638746106
0.03343320296411971 0.014589723395188622
