0.15213651390781888 0.07651955625131268
0.11929606643260217 0.05324312364587018
0.08491917811556224 0.03510609894284605
0.05664760085681332 0.022135596584000265
0.047117484038550164 0.017765988382637016
0.04366114089434372 0.0172134078261622
0.03963878620819197 0.014048646185395572
0.03952114463114312 0.01409043378529719
0.039284559189431675 0.014289511865130743
0.038466502328183834 0.015066784432636877
0.037154651039777074 0.013315696702814794
0.03647658052136242 0.012110356269137448
0.0364387064545664 0.012489564434816611
0.03582413921469912 0.01239446957793639
0.03578008885738204 0.013210028104238979
0.03589493674023009 0.013765623175638238
0.03524261991694163 0.013178015413071774
0.03540296886720588 0.013280233646982501
0.03476849386300792 0.013076674276162341
0.034899172679660535 0.013517009355931642
0.034531295580066484 0.013134662532367848
0.03455366667887242 0.013556678429230135
