0.176097284561794 0.09131941038009594
0.17333086179572285 0.08929609602991245
0.17056143227736703 0.08698142894721933
0.1660077921230291 0.0833914520296057
0.16113336788736468 0.07954235097144997
0.15849921349488647 0.07756348519853201
0.153538445675302 0.07386475904779802
0.1506951975156642 0.07170289575653022
0.1476954929051371 0.06965374347806863
0.1446436393361949 0.0671730486799307
0.13968060208893063 0.06362180976341418
0.1345584559373284 0.06021839272735564
0.1316650697045615 0.057645384144521576
0.12648629319304988 0.0542719179469872
0.12352107047735429 0.05247364779601554
0.12082874404624745 0.050607287930143484
0.11595326648971897 0.04746225557438594
0.11299775347726114 0.04573621503616079
0.10834216143892669 0.043145354155900414
0.10552218209474035 0.041481503843206965
0.10061311317829268 0.03881543661791569
0.09816261964192913 0.03745634107991162
0.09559771630844054 0.03620992686835371
0.09310283966112332 0.034872629214901786
0.08875116899464622 0.03300529239790828
0.08714464401278632 0.03235312354914662
0.08290380185249648 0.030402964486390995
0.0788548556023494 0.028430818625882946
0.07539913008719505 0.02699701601344872
0.07199476832762983 0.025695066718528916
0.0704388745645763 0.0252591279188061
0.0686695157527774 0.024731817201628547
0.06570438879352399 0.02366488402413529
0.06276651890553911 0.02264057776090489
0.06108437506128412 0.022171660113933442
0.058649130738338856 0.02135371183564733
0.05763827785639169 0.02108088609056503
0.05633220786318197 0.021105818584861796
0.054371609072869274 0.020487469247090002
0.05214778539862871 0.01930503993646644
0.05058996693108723 0.018564537974014524
0.04980354321051587 0.018672169920493236
0.048226223943523 0.01805166292409826
0.04694556771006972 0.017256301917665452
0.046106099708348856 0.017468510814298368
0.045502561216710466 0.017059416580335135
0.04448117512612273 0.016506309765659543
0.044049361450080406 0.01677486202427554
0.04311485517948894 0.016002833147457138
0.04272651971602163 0.016332734967863596
0.04202202041956336 0.015702489495994263
0.04188325975919017 0.0159773082753395
0.041861230989665044 0.015872051237664293
0.04141958312701012 0.015887921295867694
0.0416053410492087 0.01618667132954822
0.04095625121802195 0.015551176769471143
0.040283155246778904 0.015624045988338593
0.04034636886208866 0.015458698360414778
0.04024823287231331 0.015561236397385977
0.03981665858737645 0.01481355708270348
0.03968825398622578 0.015216604744877796
0.03979352143703301 0.015159476043733557
0.03970590189852085 0.01541722921419363
0.03955621782200517 0.015052993769016542
0.03945068943489297 0.015159921339134214
0.03918129783608826 0.015184663570850698
0.039102528586745226 0.014547552453531239
0.03862864192391699 0.014821807192035644
0.0386751939182862 0.014695711678989708
0.038657127071556566 0.01468140960034862
0.03862576204891821 0.014578299426256576
0.038480736523314935 0.014889849678635977
0.03833853341884511 0.014841324624384424
0.03848132303152333 0.015008240231870551
0.03851729633294193 0.015145782535473365
0.038324586493040574 0.014976682281764016
0.038230400456505435 0.015162771229698417
