0.1916155284411834 0.11307121440043862
0.18749609290729374 0.10961405885752717
0.18426111590857833 0.10671632930923523
0.1807459199226794 0.10376130849707774
0.17751716745891272 0.10167321995287917
0.17433692806291554 0.09874864658829768
0.17118277425645728 0.09639907898952625
0.1650532735920983 0.0917181561560898
0.15919734602683913 0.0872827010334265
0.15570273888730904 0.08438620146707067
0.15235428382837474 0.08218222488799827
0.14644209604338682 0.0778495218089176
0.1403184177132568 0.07364562696969738
0.13386338344728765 0.06887039473184495
0.12740758308470945 0.0647217789492001
0.12387425933779835 0.062384128149099015
0.11774183793011728 0.05880340797352837
0.11400578586803035 0.05626005887858792
0.10804952837560552 0.052394322757272516
0.10506455742905332 0.050366168859170606
0.10217293535431662 0.049104023974376326
0.09920989392319912 0.047051157149742576
0.09607525642785698 0.045760722680418066
0.09322226477463276 0.04382898210320178
0.08776923699229246 0.04044686355037868
0.08484120617620958 0.038561371372891166
0.07961106462607132 0.035904890913117875
0.07501418810920002 0.03329246322742426
0.07046411530703926 0.030630628569968624
0.0683689464195096 0.03015848813555109
0.06461476180830669 0.028288659346447156
0.06099962373165045 0.026028982927505467
0.05764423071030026 0.024455997870966004
0.054784952276777835 0.02289105355160089
0.05216872756869129 0.02101416180701523
0.04984669353469621 0.020229062449074433
0.048391727642849436 0.019730865818379056
0.047411363388426914 0.019350019174771024
0.046633057114647276 0.018779728339716004
0.04592905263574006 0.01859679550000967
0.044363878958574396 0.017259890101329795
0.04293264769729745 0.01770748888959475
0.041726299307509956 0.016753457177121543
0.040958076780347234 0.016632305305080405
0.040467071099281215 0.016301082768203388
0.040215283872501915 0.01655927377896025
0.039713062058268696 0.01605910000624917
0.03915785987541431 0.015858003354354947
0.038971796555537716 0.015789964583856973
0.03854352461054713 0.01567236104786175
0.038275374039008415 0.01561692284888675
0.038123313438315126 0.015638850783425126
0.03799370904447528 0.015500611333390186
0.037715644704004785 0.015246858777185622
0.03775973116980501 0.015365427956893838
0.03753568621648174 0.01574288810418439
0.037545789115513886 0.015363280883163282
0.03759020117237296 0.015414513946527809
0.03740052522817421 0.015816681625692587
0.037420510773463395 0.015460520935328327
0.03735448521602086 0.01562551788713099
0.03749450852374409 0.01566081108590919
0.03722899380335097 0.015567293347498122
0.03728848838720116 0.01528930259463179
