0.19107291584891958 0.10943072821749297
0.1870461312079269 0.10595500496429278
0.18097777072130197 0.10122996400115822
0.17514313895894257 0.0963941634737836
0.17125937061483132 0.09338244892645024
0.1679070548164485 0.09077301105798788
0.16220382478705866 0.08637840476036909
0.15674481683794378 0.08196761497981347
0.151232910874973 0.07807282582331097
0.14551729964378937 0.07418244303414007
0.13999561904782348 0.07018271586439762
0.13425086599415148 0.06671657190368105
0.13062008815109022 0.0642623646741338
0.12733710516615804 0.06189717464155542
0.12417067030523227 0.05979314496180891
0.12141071643230035 0.05833041862676752
0.11619053534936609 0.054887416135358115
0.11010460927227052 0.05162000362973169
0.10696900283717348 0.04956860913347532
0.10147239129994799 0.046304938287699805
0.09630112171388339 0.043656891099644025
0.09119984616644261 0.04071124525956355
0.08572681832706121 0.03776081513378546
0.08303726097764116 0.03641964717927307
0.08060601267957726 0.03528828556416597
0.07626726870995083 0.033397492972112135
0.0736749258354513 0.03191583319495982
0.07129341316998018 0.0313382774418694
0.06756325509998184 0.028695928512297172
0.06434382160397818 0.027592508733827452
0.062364290720431086 0.02647134287378689
0.06064085042986919 0.02597531027687511
0.057555751056733655 0.024607055492525086
0.05476758490974525 0.023279331782863823
0.0523288427263851 0.02230797973182527
0.05029211107386955 0.020687901322502002
0.04822041115096265 0.0203854594187935
0.04716514368940494 0.019836354754039363
0.046023092819608265 0.020083048338214143
0.04532265891023345 0.019376448204620807
0.04416675585220694 0.01868514438389936
0.04308609351080898 0.018453020758857505
0.04258499982520656 0.018254660521453154
0.04169433909988126 0.017901633842410634
0.040997700048022195 0.017494930694167316
0.040847141950976884 0.01742663200052765
0.04011852930795292 0.01714112003553569
0.03987818593621205 0.017016579852295995
0.03979119409829892 0.017264417912657266
0.03945504494874566 0.016733425186615553
0.03978432071053839 0.017184808470757675
0.03944501636695214 0.01749369642886549
0.03977561697483465 0.01720334657273392
0.039526716007736294 0.016985015627916135
0.03947971870982817 0.017141280851861663
0.039330205156897044 0.016988214532666898
0.03879242305715561 0.016967534893283145
0.038628051103774555 0.01676030161509337
0.03859120696631577 0.016767996676291058
0.038418976974644525 0.01674276861515444
