0.19100615124326312 0.1083307352763354
0.18719978717540423 0.10502101407528687
0.183757559866487 0.10249482531327833
0.18033468198799607 0.09967383055728518
0.1766627304323861 0.09660707727231031
0.17327769016413522 0.09401800742333437
0.17001781831822635 0.09125802610675925
0.16715865767393434 0.08902517745257739
0.16123547357300344 0.08448353095360868
0.15785827068532582 0.08190451056862658
0.15449287650048996 0.07949270436060087
0.1484875290911318 0.0755528584215442
0.14478638113975992 0.07299699360864949
0.14185223427547772 0.0703566448901858
0.13579800610913767 0.06650555021418009
0.13205780522721705 0.06422103721674302
0.1288735607545321 0.06213332215061266
0.1227085279121754 0.05783214070283313
0.11913695990017148 0.0555162251663683
0.11303033898824105 0.0520196251970151
0.10995607621876531 0.05024836780634284
0.10419939100012249 0.04692191921546989
0.09783499777988731 0.043272934950791396
0.09227535713192063 0.03982325148230408
0.08644793452964233 0.03705970046147399
0.08370918629042136 0.03572600194513321
0.07869947329740323 0.03338010360753063
0.07373487069757471 0.030746427385689546
0.0690979596016046 0.028923435072058187
0.06703546055854973 0.027663809954961028
0.06447756537849093 0.026926556084847838
0.06263835512616364 0.025898622418824218
0.06113768813541156 0.025306811601618094
0.05804219553833905 0.023855475721103064
0.05521130305303772 0.022789268853337374
0.05365210929844439 0.0221102703849821
0.05085479601757717 0.0206655798550497
0.048600544310387066 0.01983494903667608
0.04742550660674914 0.019702143822673206
0.045543415643373344 0.018976888502223108
0.044829563288522785 0.018797362238842066
0.04362164973511759 0.018106529454365465
0.04224002193318226 0.017781112228417988
0.041253387585742284 0.017493714388738937
0.04011353196962274 0.017131381263047474
0.03958128148349461 0.01658929791914528
0.03937931103778785 0.016977408924384423
0.03885228547204189 0.016623545363161026
0.03844112682202352 0.016972978690662666
0.038351547188878 0.016663345529650948
0.03810631325407276 0.016579719438944776
0.03808976767286257 0.016879877274707848
0.038128906728472564 0.016284428888146848
0.037859174998468886 0.01658496948307338
0.03770062593780622 0.01705526648159872
0.03778101889775233 0.016819611708690764
0.03798095105034297 0.016827007647278343
0.03781711247550221 0.016853465535127062
0.03769779577259921 0.016963059527660643
0.037690692847409356 0.016802570782104776
0.03764263984796056 0.017016087959423925
0.0375914552455904 0.01664320723990532
0.03751255990476482 0.016753855856091415
