0.19375653036843862 0.11349503249085685
0.18685739946762533 0.1079213173287291
0.18046769102133428 0.1025475661790317
0.17432408000844726 0.0977329531848659
0.17087399657934543 0.09517783148701454
0.16792499039245443 0.09262357078666514
0.16219647215837654 0.08808218099978775
0.1587076074725218 0.0858821888826982
0.15275914972914703 0.08107184367244645
0.1470519837279487 0.07715348655942507
0.14101910504945583 0.07300795366107192
0.1351097930663602 0.06884467996233891
0.13134837566485444 0.06673051654067616
0.12803303384188866 0.06434940668981028
0.12205090748332646 0.06052466976812848
0.11848299349326674 0.05805785346222189
0.11494829728508565 0.05592027834922501
0.10892257438634488 0.052131373805063025
0.10313725115536107 0.0489814303885433
0.09723985268225484 0.045925861864877224
0.09477188563582921 0.0442585774059289
0.09126493006443502 0.0422625460304146
0.08861003026223381 0.04109696268993818
0.08364541549718588 0.03819441255564807
0.08102855835248704 0.037166676509675145
0.07631106258993645 0.03454874185517622
0.07200920636148436 0.032043329476064523
0.0698654172406638 0.03122215576597059
0.06606158793543974 0.029093219859389965
0.0641924426294471 0.02828158089941032
0.060705136675776955 0.026378686068490673
0.05758062683709777 0.025321216377303477
0.05586308622142906 0.024318699054458923
0.05300754641242584 0.022873278238847255
0.05171417759102919 0.0220422934090705
0.04970816121093136 0.021327266872489713
0.04877480676708854 0.020700036835811647
0.04673631120436263 0.020180500579270615
0.0459607867873841 0.020124503852846896
0.04444865350095278 0.019491159139465097
0.04339534862038101 0.018866098869639962
0.04284965806499735 0.018873497070397538
0.042005976284709944 0.018559627606037476
0.04107783999661127 0.01819556384749298
0.040808831598143074 0.018490935152559403
0.040326353627968825 0.017791415871912825
0.039578653779510205 0.017754467386520104
0.039284012629778604 0.017652682334610245
0.03877012021096083 0.017763460027096122
0.03878169559596864 0.01793824251999385
0.03854391459828181 0.017525766253762027
0.03848805683093421 0.017523980481165373
0.0381757036874865 0.017409967404547904
0.0381148483849501 0.017511797632252617
0.03812110010003512 0.017490727110051892
0.03801566745506861 0.017349360089649185
0.03809878864734967 0.017242488774718494
0.0380736331079397 0.017385580447524817
0.03792437131199169 0.017578039963209682
0.03803761440422781 0.01739014586020496
0.03795788165591113 0.01722572855482696
0.03785273917493591 0.017594187652470963
0.03789229020558306 0.017299252160954917
0.03785055455182795 0.017297297643477472
0.03775437358188944 0.01762223384887738
0.037612351497426526 0.01733162859016825
0.03788022082237521 0.01766194735865525
0.038097536865502955 0.017881020732309627
0.03775505702600115 0.01747418213953585
0.037359177419904376 0.017691722193564824
0.03777543565077769 0.01838646081215577
