0.18538912583714112 0.09974556522484082
0.18263903912010707 0.09716556145607645
0.180029542011492 0.09583566650131543
0.17547274189456188 0.09184114545910528
0.17073963501627706 0.08847975891134871
0.1683975856506903 0.0868735001371402
0.16372666300596173 0.08336183043980203
0.1611812461084582 0.08152679238253614
0.15844734223015375 0.07947731085535406
0.15571965294494725 0.07754044318561804
0.1509250895820668 0.07428367676817574
0.14594499811244901 0.07132709342597608
0.14307062910910046 0.06904675457053358
0.13823594379694365 0.06620326546506068
0.1353960375371382 0.06458942857276098
0.1330585461781995 0.06337315141416751
0.12801465219115254 0.060106577702870756
0.1254345714615773 0.059257979607219444
0.12044590979038379 0.05596357628276165
0.11807676135165811 0.05497780021610806
0.11273221128743234 0.05226100709778199
0.11041903248916497 0.05120438318350393
0.10774043753186774 0.04988868370636386
0.10497246351143316 0.04897416569885535
0.10021426844529534 0.04714449817399739
0.09848425595559107 0.04588963954238703
0.0936596250698639 0.04376341607573178
0.0893613098929734 0.041293465041169694
0.0845771648310029 0.0386225049639912
0.08074619854585033 0.03626523795463527
0.07897987521326875 0.03579367282409992
0.07678928381228918 0.034696216670961656
0.072715244586467 0.03295249385719043
0.06940286646526661 0.03141861312752863
0.06719288438474418 0.030226527653610828
0.06423277027523926 0.02839704634319315
0.06265029931165673 0.028195953639016627
0.060834642260060405 0.02676161667210161
0.058401897180256214 0.025333697356476056
0.0555724570995818 0.023785540186393207
0.05334300294654063 0.023014504453256267
0.05211413658484419 0.02241290362006917
0.05049713584820903 0.021442710193678563
0.04896557379711523 0.020207347404336946
0.04828620099108684 0.0204909263586551
0.04682285582940706 0.01891693126029415
0.045410702061720466 0.018555653656081424
0.04528405459128393 0.01905623990231957
0.044324771341276575 0.018146041260197428
0.044002857333932284 0.01826920726925904
0.043668911529627194 0.017175687257586583
0.04331276938202316 0.017310955855886042
0.043115017965440657 0.01777268535558689
0.043191977418026356 0.01770910796741314
0.0428245072833116 0.017863597134460944
0.04245326913259678 0.017552150784341698
0.04182086964928322 0.016978629199616006
0.041798534459143104 0.016659406372545295
0.04187497682694099 0.01716322843202821
0.0413081513552371 0.01600783394974451
0.04138928100088004 0.01671592245516863
0.04098133461805283 0.017181955127695825
0.0412688768504741 0.016853201629671057
0.04077454858114998 0.016589361406022008
0.04077821126506364 0.016915163809982425
0.04027937286731252 0.015966210974203136
0.04032994663225359 0.015988787451016426
0.039894331425456446 0.01596255280501774
0.04002100522891459 0.015609092159156544
0.040030504267979536 0.01600130025177488
0.039592291667688066 0.015953580777384513
0.039536386662828236 0.01602290247622673
0.039549668081359575 0.01583911826933573
0.039693874889382155 0.01608697508686121
0.03959688797691305 0.015805807474606613
0.03943079124620651 0.015591528629050645
0.0394459925814037 0.01600669237426283
0.03960355262528926 0.016281737849448398
0.03943387220973388 0.01633516385186718
0.03943007786071222 0.016406775448572775
0.039249213092709394 0.016683433432860724
0.03924960808803342 0.016228218739809484
0.03893759529681126 0.016031874503859962
0.038863427144515315 0.01619759186190432
0.0391201286208192 0.016643633469702036
0.039125060077591825 0.016431713340389547
