0.19814394139031613 0.11824249926075565
0.1932189769044654 0.11402105568237089
0.18871463216656534 0.11013851159024585
0.18144145160025102 0.10424172098155067
0.17446027072874176 0.09887298055027414
0.1710554780651867 0.0961342357180757
0.1643974177321933 0.09111708974011762
0.16080819816098604 0.08838306234040613
0.1572204245120558 0.08577112684327468
0.15341210462548047 0.08312668208313528
0.14731892112059244 0.07894888285153487
0.14098119481364724 0.07466798559026243
0.1374834226447286 0.07214844484062721
0.13178260116170185 0.06827898433700146
0.12805644987816717 0.06635780725792857
0.12485753356531416 0.06430416424282034
0.11925471880086583 0.06041290315588245
0.1160659813978173 0.059026782235198534
0.11017271819292732 0.055716251120956954
0.10750566188691363 0.05399174347841407
0.1014817007140826 0.0503949009153503
0.09878438537233782 0.04905845876881964
0.09592276155144434 0.04782982668692795
0.09300814611544458 0.046730378848906746
0.08811542282367822 0.04428894831006671
0.08594859817164947 0.04370315816236293
0.08124312660257982 0.04115199874052109
0.0771453637182058 0.039175046388445954
0.07249459780455758 0.03660107974581049
0.06915691125568717 0.0347864470129347
0.06716388454622783 0.034503743806237844
0.0651657875331547 0.033498844326196056
0.061741968064537085 0.03174672297129245
0.05885915334298763 0.029750819926469368
0.05722371470340936 0.028865297396443612
0.05457190282299184 0.027672040660684086
0.05349481042216181 0.027536155395723714
0.052375125555846995 0.026669877723286335
0.05028781705341034 0.025396540681928724
0.04827133959125941 0.024295970159745866
0.04697998257539173 0.022986499420694972
0.046199366483039 0.023243129906993388
0.04496183895114675 0.022090096839713174
0.04399289866394483 0.020721370776634905
0.043740929949796045 0.021164492326108314
0.0427870282118396 0.02074945137447631
0.04225990814888855 0.01962611141413988
0.04206614020030103 0.01988038453357482
0.04168184565869401 0.019491490518241374
0.041601807636491996 0.01918237859552557
0.041102997965673536 0.018564903655995064
0.04101882805299115 0.01877315347170214
0.040955432500441244 0.018409034073205224
0.041116059144387845 0.018947836110479722
0.040860801196449935 0.01908780864746612
0.040596508628191676 0.01807177138488791
0.040324522029803696 0.017770558732703754
0.04003779372714102 0.017648489769583758
0.03999964914839583 0.017824709352183603
0.03999900758023318 0.017153744989374227
0.03998874727745284 0.017252261873939495
0.040016303587603205 0.017492097976733147
0.039866708085796544 0.01719666876723752
0.03969804268852835 0.0169761166540523
0.039632305890966966 0.017143674566419378
0.03953209198639615 0.016754429712285412
0.03940095114490998 0.016800030660072653
0.03909688613838935 0.016197799666424626
0.03946030338168855 0.016848384343063953
0.03935824616560563 0.016570412062654066
0.03926348080259526 0.016304995763162695
0.039149724543188144 0.016151511884216374
0.03930366020573693 0.01626772723688774
0.03913497805109135 0.016620405242347785
0.03898781955073835 0.016387114981943784
0.0391248661707964 0.016097183146576263
0.03902067597996377 0.016334099191045608
0.038826979848707886 0.016559245943137603
0.03917175810053538 0.016624346781333597
0.03914023507976742 0.016314603348776862
0.03918974594820021 0.01615305557493865
0.039034038791470965 0.01593183012113244
0.039078773807349684 0.01600520265874063
0.03886718797878221 0.016543610677054548
0.03900965920129015 0.01624022822182719
0.03881734675062387 0.016196571730622816
0.03876494403763703 0.01620502559633528
0.0388936287263811 0.016043201199596662
0.03879239262178994 0.01581812866340478
0.03873060577746877 0.016018479208580207
0.03858014846768243 0.015504569184202418
0.03880762747174189 0.015936079318758706
0.038683086643033465 0.015569827899858646
0.0385526855200632 0.01538254205186248
0.038704418784441676 0.015562518308387866
0.0385913735166178 0.015741883295772353
0.03885679122307176 0.015187454088694811
0.03864670158891346 0.015212275933831414
0.03859200550913624 0.015222304526006201
0.03859135675924042 0.01542737520242859
0.03864526524228065 0.014863049642416458
0.03848756156373181 0.015011635271955558
0.038380149168619586 0.015460351350917216
0.038500965071726935 0.015431168309614184
0.03846716783545703 0.01513943775070401
0.03854051248235017 0.015467065865807117
0.03849235417366327 0.015261431148543897
0.03834364920676896 0.015249835926186799
0.03832865614183352 0.015340937967641133
0.03841595729017542 0.015206854124983418
0.03839369152345588 0.015135961747818883
