0.18854368164656643 0.10740597562590572
0.1845386311895276 0.10396822646781134
0.1783418013598316 0.09923055606254391
0.17248712201685867 0.09441571526298743
0.1686519968463584 0.09145653404880445
0.16524043910564637 0.08885698638438927
0.15939075249187978 0.08442159170596017
0.15384711730356898 0.08001439349001789
0.14820118387288286 0.07607589445611661
0.1423499927322729 0.07218970897305353
0.13669795494745157 0.06817610871492404
0.13083210185734892 0.06471712644125735
0.1271527575044649 0.06229144802793727
0.1238023966326811 0.059931581015748504
0.120561099582581 0.05784464611145266
0.11774060048292054 0.05641749770826014
0.11237841889829843 0.052949584767957907
0.10618166573239063 0.0497425695138218
0.10311480754935921 0.04779312184714232
0.0974856539053147 0.044552544225776175
0.09236780939664985 0.04210895087374297
0.08736023616433282 0.03925337289729437
0.08202786721034581 0.036468090417199575
0.07948610806159598 0.03522088476167964
0.07714823625755599 0.0341513597041803
0.07291104305836997 0.03234999707099865
0.07049201305154995 0.030926110558951236
0.06821083891036837 0.03036569782620927
0.06455472847679479 0.027742019672082216
0.06146961472919897 0.02669083035601561
0.059633991359071103 0.025661943584089013
0.05799532684379477 0.02517711988509738
0.05506266862200214 0.023828037087075135
0.05245404427548427 0.022659336601349795
0.05021349235907356 0.021762875373179644
0.04838997707599405 0.02087789375041169
0.0464525346121671 0.019512469333398747
0.04562067980387563 0.019736230509490135
0.044774383454482564 0.019400990116099952
0.04414764261151208 0.01925241191253582
0.04305299392025494 0.018498160561421374
0.042289786742807096 0.017766749149002888
0.041993160171812746 0.01793228409400456
0.04113926452441466 0.017398215755728662
0.04040395817438375 0.017512561524037882
0.040117420078767445 0.01717157998781055
0.03990222482529856 0.01726260738885405
0.03984341411677796 0.017346432898766164
0.039477040268728045 0.01692543049887197
0.039526279982440925 0.01700090428092202
0.03932331739467622 0.01721388674276524
0.03919566739584151 0.017231112851548776
0.03928438416898907 0.017008683770690845
0.039161834707812836 0.017354436191255297
0.039040761024559396 0.016785782961943396
0.03870933388521039 0.017124837382531177
0.03829263984318269 0.016809424301997108
0.03859995861688713 0.016713056458795342
0.038356675668017585 0.016735483635587977
0.03831386133805296 0.016545516670263233
0.03834519286999171 0.01688582143778544
0.037933469995479904 0.01636946969808729
0.037993265354530154 0.016442292691030928
0.038097063332262086 0.01644744417400618
0.037948735672304626 0.016712870179884425
0.037776230170144545 0.0166277353570517
0.03763680748833484 0.016569715506913645
0.03745764181957515 0.016707103574462333
0.03751203956878766 0.016557296466140573
0.03727523950150752 0.016687309765007464
0.0370634174547193 0.016536356840363167
0.03696190262042961 0.016589277472831905
