0.18750833130062367 0.10976877763790989
0.18345908936854027 0.10646823979486146
0.18027708795034222 0.10362902070305595
0.17679299548677166 0.10075391634879906
0.17360825527319618 0.09876266190878005
0.17047233456603386 0.09588856096083945
0.1673350540373904 0.09359821591335955
0.1611788932110357 0.08899877938318952
0.15542298913429858 0.08467719469345225
0.15197312203673832 0.08184037082962756
0.1486222825021083 0.07968678574733185
0.1427012558774932 0.07538165476331868
0.1366638304493371 0.07127304576154267
0.13030540096577203 0.06659963768616316
0.12398601368064681 0.06253866890578044
0.12051064514221205 0.060275766481585315
0.1144069523573712 0.05676328333017998
0.11077624815523937 0.05431056987782007
0.10483938248323167 0.05049878033264926
0.1019593571959148 0.04854881660201134
0.09910564732711957 0.04732777361358163
0.09621059697005727 0.04534004188498486
0.09312966284701112 0.04413016853514589
0.09038423115770068 0.04225751564278079
0.08511002947633313 0.03903067152007469
0.08234599121562984 0.03721073522191809
0.07731979894713811 0.034680861981698556
0.07296803025223578 0.032178250643733704
0.06866462619388496 0.029655260986630225
0.0667015323617594 0.029244549518468544
0.06310339684172077 0.027494492917720853
0.059703522336006294 0.02536304751027488
0.05655408959990145 0.023907512241988633
0.05388974923666134 0.02246244126081003
0.05144912344758183 0.020698378780230797
0.04918361297902489 0.019945544869482086
0.04828800773818863 0.019461355467282653
0.04730340601189718 0.019612130752949195
0.04649111856540136 0.018940452722688014
0.045670078465146896 0.018530358942823188
0.04399368192465532 0.01803567288557042
0.042819581414005964 0.01763440746289166
0.04205010919174969 0.016974207915369646
0.04085733028815038 0.01653684144393492
0.040701511025968834 0.016491820328813446
0.04036889581882857 0.016718778969311388
0.03977862316964198 0.01650026431664448
0.039353564042305694 0.016034026986321566
0.03927110331854665 0.01604198275763849
0.03890115287197361 0.015836814487909752
0.038373554107564864 0.015738805697034647
0.03820390440753765 0.015589449206320709
0.03789955337716836 0.015220964420636213
0.038162374789170214 0.015712695554180662
0.03785155981866187 0.015544239278182726
0.03748152318622031 0.01538219455275958
0.037544477175070846 0.015480853399877226
0.03752130993480211 0.015500058380984704
0.037352854866674674 0.015571235493549888
0.03742835847560258 0.015933523166299774
0.0375914412912589 0.015717731467063758
0.037355098093308114 0.015605109897375485
0.03729850510036478 0.015642442276731953
