0.18674431957373835 0.10491461245705279
0.18300117130083293 0.1017029427523461
0.17964265755144537 0.09923693133172479
0.17625185647354238 0.09653011281981075
0.17265267102523274 0.09354246309528443
0.1692797074044586 0.09101370088868752
0.16605595066756493 0.08833527170536548
0.16323181421484567 0.08614444512104441
0.15733532888290053 0.081711171042811
0.15399656648089172 0.07919306637150307
0.15060683718152867 0.07683252817454912
0.14458330781479667 0.07298793768971824
0.14090246623897598 0.07046439838120998
0.13792824251286134 0.06782954402123455
0.13187198562285643 0.06405294893729986
0.1281555743967418 0.06185184486224927
0.12496674615690838 0.059799566236684976
0.11882158906479667 0.05556260689024695
0.11533301690347869 0.05334303264960639
0.10930644445124939 0.04999150111780878
0.10634314903846154 0.04831091692981676
0.10071165138106321 0.04509800936568782
0.09460882954127879 0.04164652882935504
0.0893103583568104 0.03837976895114999
0.08375216269598236 0.03578320408054061
0.08118667894108281 0.03455815487454273
0.07637264208721214 0.03234227792454496
0.07168855838130818 0.029852625017720937
0.06730630473726115 0.028135580983456292
0.06539430445400539 0.02697296224016245
0.06293411337120285 0.026292601040601094
0.06118038224216071 0.02530694190260991
0.059748404772476726 0.024744608970198253
0.056818171813755515 0.023351970971892514
0.05420496042074963 0.022400857884356654
0.052771700644598234 0.021822690666835304
0.05011243626745468 0.020461714452238954
0.04803343470572023 0.01974101287999244
0.046856176889392455 0.01942404893088905
0.0454991521466193 0.018843714102076754
0.04447554143955169 0.018658331080573964
0.04322961802578393 0.018107039799916746
0.042067819657949534 0.01794339261261133
0.04113179335344194 0.01759850760410528
0.04029467211232239 0.017228086315807214
0.039583070970878244 0.016995333454571167
0.039353066817736405 0.0171095734918442
0.03879371564567002 0.016526699150993484
0.0385617210466683 0.01700407583674085
0.03847894768572391 0.016576904394600744
0.038467567215825574 0.01682255433942262
0.03821793611817124 0.01691536122084385
0.03810305724828515 0.017053317395929468
0.038235517592479173 0.017057746272349225
0.03804400416462518 0.017354377837521265
0.03783423222378736 0.017055056099789016
0.0379429794677854 0.016618208451704544
0.037678671224277316 0.017144870130304468
