0.1913244861037443 0.11150445941432101
0.18454802023171066 0.10607466901980472
0.17832830471942285 0.10087528580865225
0.1723625522429475 0.09622442178384057
0.16898197388098185 0.09375207277176398
0.16601433964546009 0.09119711051789446
0.16029690999233853 0.08671146766186923
0.15686311411554102 0.08457473760197612
0.15091579784373527 0.07978088421424645
0.145280880278318 0.07593842775138236
0.1393459859029988 0.07186353385178564
0.13354537270830877 0.06778396292872148
0.1298478968990649 0.06570660980766718
0.12654126479193678 0.06334615858204894
0.12056991047179495 0.05956701200957582
0.11706620665554279 0.05714448392702619
0.11354910253860208 0.055041396547302224
0.107570889796848 0.051312597069496146
0.10192290765767426 0.04825131513648065
0.09618779958352978 0.045284992724252224
0.09378939515742869 0.04366607293979667
0.09032859724309485 0.04170398453061733
0.08769848368067834 0.04057210233310339
0.08279654433774851 0.03773728931710015
0.08024547048733892 0.03675783025142998
0.07560017040348008 0.03417625413959095
0.07143182318371347 0.03172732744844729
0.069361423970243 0.03095826800381917
0.06560127273888103 0.02884462011769772
0.06378856313016905 0.028071935979882338
0.06035514134909585 0.026196162570274403
0.0573341696962665 0.025203844347468488
0.05569920351758948 0.024261878534129006
0.05286929406180015 0.022850469777244427
0.05163415947482025 0.02208362394656424
0.049655739848538424 0.021347750109357314
0.048762797335118555 0.020760210994559686
0.04673445511403819 0.02024773544901466
0.04615615588135264 0.020159548311356426
0.044647327107152676 0.01905603518431214
0.04339863394821625 0.019079481421842345
0.04280159635662227 0.018717389453873325
0.04202754434204581 0.018588075069798198
0.04120895095578196 0.018025960626605494
0.04110138884284634 0.018424274281149997
0.04042597340091152 0.01825602367670849
0.04002658065227561 0.017982929353305414
0.03932155169688286 0.017658496725148166
0.0389620025409349 0.017619349241505846
0.03868682875716422 0.01749241987365914
0.03896344856479231 0.017757762562144886
0.03878140303392783 0.017644032498595193
0.03840730491157374 0.017649579820463526
0.038496972779030136 0.017608646564224548
0.0383966647658767 0.017602523915321723
0.038123678003263495 0.0173763831871721
0.038100958882160536 0.017080128296706288
0.038160766237058975 0.0177277963944571
0.03808200709684529 0.01778490524265418
0.03835340874872922 0.017432507468781295
0.038004902610796795 0.017608739573213954
0.03808600704343593 0.01808196133912876
0.0377589778369578 0.017889214824276575
0.03771006482100498 0.017620804167840173
0.03793468292490521 0.017845714519929903
0.037860261856263754 0.017182479374751692
0.03775975480500059 0.017356088625683014
