0.1865200690531602 0.10474929307368573
0.1827248821043606 0.10150020526749577
0.179320167044341 0.09899568990379269
0.1758814038767761 0.09626007487268724
0.1722309644475747 0.09323839487246487
0.1688138091009309 0.0906773831703934
0.1655423390801078 0.08797839900561233
0.1626859535766781 0.08576302154274984
0.1565593229421852 0.0811940118354997
0.1531666940990936 0.07865592224957192
0.14970794991731995 0.076262010711089
0.14341541370651642 0.07229899291232099
0.13964777720786378 0.06974989289258472
0.13659565814857913 0.06707876056480441
0.13026327474277316 0.06320146453102762
0.12647474813204312 0.06101061080066659
0.12320081876224889 0.05891622323791363
0.11679471230401764 0.05460415079890144
0.11321426384125428 0.05238737802958493
0.10696103893618325 0.049032176353184485
0.1039548245345419 0.04735972511876501
0.09816849315592846 0.044179330366698265
0.0919165409878736 0.040711184876432965
0.08656686366976972 0.03753553253754753
0.08098549079801567 0.03503258078574625
0.07848070607239098 0.033838510640552724
0.07368133918728564 0.03169384861179061
0.06904767213528908 0.02921840937149056
0.06467985400845173 0.0275097507489701
0.0628121124372244 0.026286989954141
0.060482352974951005 0.02558357905204812
0.05881266076678099 0.02461491876428099
0.05744674600379716 0.024072505595993263
0.054568570859872614 0.02275578014113856
0.052036776358096525 0.021810517025214457
0.05068581864741548 0.021310856155262493
0.04813148808794709 0.020002708849035704
0.046216459073370894 0.019249655983664772
0.045456333637003916 0.01908616352878714
0.043731411340948066 0.018530824773571625
0.04319769433641597 0.018625485729522242
0.04182704747978932 0.017678863954298057
0.04121272220265801 0.017771297577669817
0.03999465067675159 0.017103245749929115
0.03931099711768128 0.016647512601843256
0.03863397279596399 0.017149763204007573
0.03863002778968643 0.017278295631320467
0.03810755010564674 0.01691098935110801
0.03800097512708231 0.017032860140214292
0.03778631798138168 0.017077108185351946
0.037848761043146745 0.016625121190780804
0.03784745242068839 0.016589315564071255
0.03759885960849461 0.016841137161078434
0.03753411748606688 0.017192792391950942
0.037696412986893676 0.016635158439056663
0.037659039495039195 0.017068790638707663
0.0375384046002266 0.017335923959555268
0.03742291807018618 0.017245324051182925
0.037156227033317 0.016788914966702016
0.03757171346766291 0.016777791876827687
0.037365173608984566 0.017265026646987165
0.0373782406946656 0.017205998940392334
