0.18729026190085116 0.10960252507954746
0.1831876230351154 0.1062657135586994
0.17995433144893996 0.10338207485609643
0.17642706944144815 0.10047990010993017
0.17319651665065014 0.09845561957599545
0.17002054824324855 0.09554794227906245
0.16684381373923787 0.09324059327078177
0.16047015808556747 0.08850667332094087
0.15447331662527702 0.08404618698694648
0.1509678309138981 0.0811821254968264
0.14755592390331737 0.07902681412409404
0.14138565732314812 0.0745910029540282
0.1350761239556571 0.07037354594556523
0.1284234654931701 0.06559877225361002
0.12180666035198769 0.06138320876996973
0.11823498389358489 0.05913879383741935
0.11188739467703819 0.055576140370199534
0.10820165600975211 0.05316528406627022
0.10204545687856695 0.04925024077435865
0.09917708583591558 0.047332736698586925
0.09632253326085038 0.046172944652711795
0.0934406501892565 0.04420294516369377
0.09036882303965071 0.043094545323582784
0.08762138034674145 0.041266287766055884
0.08232732718699132 0.0380265423196648
0.07959725573469277 0.036197529510071866
0.07459979687714507 0.03371993859412288
0.07027702015079233 0.031245557499454492
0.06600831548072869 0.028692212103954447
0.06404350750744033 0.028287191999576022
0.060529106346773325 0.026517795551280494
0.05720612878819451 0.024418850258632833
0.0541603584995048 0.02302652419361521
0.051585392881920614 0.021654264906258977
0.04928598742651601 0.01995011009848832
0.0471553530540901 0.01921520263499246
0.046174050331321465 0.01916129786744437
0.04536314185872198 0.01861118574919624
0.044765739722967206 0.01864733265254193
0.044149620889432035 0.017929350927311433
0.04264715221971896 0.017836649130864555
0.04152002779551717 0.017046519254698272
0.040382527550366254 0.016471464936969684
0.039877468784627564 0.01646998680078332
0.039696262996062874 0.01618485891589306
0.039469950875587134 0.016122109607186064
0.03902930407630813 0.0161812175220033
0.03848875588515415 0.016171598847476716
0.038230849461709876 0.015887237003967707
0.037956498295741485 0.015475313086507176
0.03773617848717983 0.01615415117608715
0.03759788607898272 0.015641750411892898
0.03743295505525702 0.01545088203083569
0.03754691431990846 0.015795552100481152
0.03727911327994764 0.015638779304211734
0.037303511062894694 0.015431906322676827
0.03724647277629734 0.015451100514469076
0.03721571399744308 0.015672919394924843
0.037070565024594763 0.015730581541501403
0.03705591342694625 0.016016463329793288
0.03704925317455113 0.01565946511883438
0.03708427575984526 0.015836830671882594
0.03709736164754898 0.015697061836413957
0.0368850954295902 0.015749407547911466
0.0368863762473585 0.015696082706056932
0.03698917204798462 0.01645429509044726
