0.16934867693706857 0.08599173967855998
0.16933910129284985 0.08594334011664861
0.16930495454556596 0.08592984631662871
0.1692838689769964 0.08591205069316248
0.1692554101623784 0.08588566221784356
0.16925010525548126 0.08587258402686428
0.1692429618248941 0.0858689353033389
0.16924294267360565 0.08586724048205639
0.16924110414991567 0.08586682487301578
0.16924564300527534 0.08586522180957343
0.1692450110127569 0.08586435820637214
0.1692462941490822 0.0858651408467733
0.16924460883569972 0.08586489256085293
0.1692444939279691 0.08586488176581292
0.16924391938931596 0.08586474682781273
0.16924370872514316 0.08586474682781273
0.16924432156637315 0.08586449854189236
0.16924457053312283 0.08586449854189236
0.16924464713827658 0.08586450933693238
0.16924468544085347 0.08586450933693238
0.16924470459214191 0.08586450933693238
