0.19126704802176647 0.11145734903248541
0.1842431418086005 0.10584324139495711
0.17781345308079916 0.10049409776645768
0.17164918047329286 0.09571084208872127
0.16822940839005776 0.09322762962668169
0.16523618217011432 0.09065169517440025
0.15931833313074611 0.08605724243036507
0.15582888332080977 0.08390876134901004
0.1496252635168651 0.07898117166410876
0.1437809386756198 0.07505176508314557
0.13759566874656215 0.07091871133377144
0.13154547615057266 0.06672447361376425
0.12772373341547325 0.06464223087726674
0.12436194616950534 0.06228013737863549
0.11812785195232693 0.05844102392459073
0.11453754977199729 0.0560092799798905
0.11098086824586477 0.05396089783033732
0.10476794400980277 0.05017996017046815
0.09899610740929003 0.047183412494081436
0.09310893421931479 0.04423751751332697
0.09078242331766659 0.04263939188150361
0.08733545735293395 0.0407853134830253
0.08478010538219001 0.03975574914606055
0.07986469379708618 0.03690695023544986
0.07741970006501209 0.035948373016601906
0.07279662030795714 0.03339260025582468
0.0686993368875113 0.03100713758425445
0.06671135863586358 0.030156070784964406
0.06295246398244735 0.028054753233438916
0.06126539778001237 0.027318223018506727
0.057898234107032355 0.02551748660415442
0.05496764973651383 0.024617427984043018
0.05340789598281815 0.023679352603860535
0.05070326063368055 0.022322534808959748
0.049600829310749155 0.021535327981798046
0.047723003065513026 0.02088892347760335
0.04693828452669486 0.02029632998858126
0.04498891966833402 0.019463898204669268
0.04440695141989087 0.019926102391438633
0.04361941757094236 0.01898181932556301
0.04229294607404379 0.018987251050544506
0.04189639981018191 0.018924771597558968
0.04125040363969432 0.01894960499773122
0.04023233569869264 0.018732997690996032
0.04041445317104255 0.01858047092056407
0.03971179588661991 0.017783753259885356
0.039033301349108124 0.01798847136037435
0.03896017762525415 0.017961057625095922
0.03851388862030734 0.017629756947420732
0.038143452319562315 0.0178267725748868
0.03824956840864053 0.01758056183552252
0.038205976664560985 0.01777904966242095
0.03800174437958584 0.01779478678342898
0.038274884617367985 0.01749465208940496
0.03800125277943531 0.017739738748697238
0.037827823440477415 0.01750838553104115
0.03774854871961805 0.01771359126437462
0.0378476888826578 0.01741986356102104
0.03782918073650278 0.01783708461441258
0.03773056095020774 0.017872810695944492
0.03769191878032669 0.017535930807604603
0.03741476900375584 0.0179422379204389
0.037831792212424366 0.018251443648330014
0.03765553077698953 0.018344549632828146
0.03755689180629838 0.017652459113035663
0.03768001006643633 0.01772557215091037
0.03760735875833677 0.018070509275132794
0.03740616959819587 0.01817824557366499
