0.1743609332333903 0.0913405463239616
0.1734844940967311 0.09052146133002982
0.17306844209811606 0.09016242537171282
0.1727229311240276 0.08987270502710293
0.17271433651456664 0.08988652350552943
0.17281294431061409 0.08996369439274207
0.17280141448854708 0.08995136405814612
0.17280479094226386 0.08995174672370254
0.1728033329281589 0.0899511727253679
0.17280279576506757 0.0899498440255192
0.1728030067934249 0.08994903617601119
0.17280137611975482 0.08994919561999304
0.17280149122613153 0.08994911058320272
0.17280160633250824 0.08994911058320272
