0.17162303082527605 0.08881790730269191
0.17157009354958913 0.08874986448620073
0.17151056784306418 0.08868958997667437
0.17147119047735787 0.08865098041212767
0.171551419944743 0.08869265414219937
0.17155124757300594 0.0886927782193245
0.1715501367329228 0.08869189889013335
0.17153489141040223 0.08867785659636292
0.17153506378213929 0.08867749515430275
0.17146697694600796 0.08859938051204537
0.17154559761051402 0.0886462546920574
0.17155149655440388 0.08864721494111279
0.1715554994091863 0.08864741993810213
0.1715554994091863 0.08864725270371608
0.1715556526285081 0.08864724730905847
0.17155705075481967 0.08864668626466657
0.17155603567681266 0.08864642732110108
0.17155567178092335 0.08864655679288382
0.1715557100857538 0.08864654600356858
0.17155559517126243 0.08864649745165006
