0.16999725466974466 0.08488451222135462
0.1699138636341334 0.08479794479308471
0.16986706039143917 0.08474224873885693
0.16990422316276765 0.08475969731022473
0.1699105095933998 0.0847538811197688
0.16991196620537555 0.08475130805855327
0.16991026043608817 0.08475293230344556
0.1699122536945813 0.08475198884766655
0.1699162402115675 0.08475211214018312
0.16991838679763704 0.08475128661637647
0.16991482193148588 0.08475210141909473
0.16991376780439818 0.0847521818272577
0.16991313532814556 0.0847527661265754
