0.18860246360616648 0.10745089698629347
0.18466152324200735 0.1040633010797251
0.17865982191921967 0.09946192787126186
0.17298066431932368 0.09476550149306165
0.16919883964756738 0.09184410139439333
0.1658400457590819 0.0892726054577716
0.16016967574590799 0.0849380640579028
0.1547955154443801 0.08061532121581602
0.14936647345347673 0.07678974204546703
0.1437277464188811 0.07297963340567638
0.13830287302146096 0.06905135692956262
0.1326570450034836 0.06564970567610443
0.12910320885485152 0.06324816043276832
0.12582079126535728 0.060890555570231535
0.12265849624899416 0.05878976901972543
0.1198952170842492 0.05735059691589452
0.11471957766225738 0.05394194479171241
0.10876658659389535 0.050764610870806255
0.10572712613217082 0.04877969784370609
0.10023706934883618 0.04553915238560513
0.09519855269500814 0.042987686122383025
0.09025186967646655 0.04012685481261939
0.08492356390325398 0.03724687027843267
0.08230433599653111 0.03596072294957898
0.07993219547916708 0.034860138898990534
0.07563709716245855 0.03298090364022978
0.07312035436609474 0.03157050157711499
0.07079659349056974 0.031014224504222566
0.06710110661878349 0.02840440603712207
0.06399755043863953 0.027384715278768883
0.062083092736811375 0.026315334955962916
0.06040034175183502 0.025855150998382058
0.057345831230190075 0.024527813247903128
0.05465260360191009 0.02327635132028917
0.05231092735738082 0.02238208925537667
0.05032103248796685 0.02148731793876526
0.04811704919852609 0.020295165072169222
0.047218353149900395 0.019829757264266425
0.046251986933730595 0.020032363052676395
0.04555149073502787 0.01966683424442572
0.044383033981684104 0.01923767175612457
0.04333848507601368 0.018636197254818142
0.042830683308944024 0.018282172174418555
0.04191759842557111 0.017916132774332925
0.04140462664428493 0.01734803704161772
0.04136639057992169 0.0176931274349736
0.04057411345228691 0.01760887040125346
0.04037880766036838 0.017211875198554556
0.04024701302548427 0.0172486914161134
0.04008246857857977 0.017529504864114923
0.03970383571164848 0.01752263934713203
0.0399662678373636 0.017349312851137087
0.03985690454775725 0.01747835723164001
0.03965380540261982 0.017479969415307862
0.03972479127900345 0.017532650163423695
0.03935669489146248 0.01745233178955378
0.0390111137002176 0.016934440233534468
0.038860383109648844 0.016785401023169215
0.03867486872092909 0.017008828505384217
0.03893622036637931 0.01684205259440047
0.03874166683788246 0.01720849135502893
0.03877910272395639 0.016686181370453572
0.03837118189419048 0.01680761913873809
0.038353748069605814 0.017071904688837992
0.03800598675188409 0.0169391548321575
0.0384401984695148 0.01716645664769234
0.038131806402775595 0.016433742623033494
0.03814473383406031 0.016418079112883968
0.037921690125274764 0.016694672472464814
0.03777033184994014 0.016274518378690112
0.037760030153401174 0.016660442717481995
0.03766454540520185 0.01635763629676796
0.03762620392812985 0.016434191568610163
0.03748428727746036 0.016097707528965808
0.037698874012110424 0.016041857359092308
0.03757194034054668 0.016081381991607704
0.037363778989644866 0.016606313282296378
0.03750253805053799 0.01684782992091096
0.03740588178382529 0.016392348500728692
0.037431875599510826 0.01658936726194724
0.03728172717458369 0.016390146657198946
0.037518352352597 0.01657310471098347
0.037229193313721716 0.016770742615057007
0.0371836957511702 0.01670227506427507
0.037035078206263616 0.01679861744489189
