0.18584484857300343 0.10413578171213418
0.1817484727155806 0.10065036048203722
0.17805232958721215 0.09790516832803327
0.17438546897966684 0.09501553752460083
0.1705045014698677 0.09181971024881583
0.16686967938510533 0.08911908646322107
0.16338327948922096 0.08626416458648373
0.1602914759156051 0.08387558995945728
0.15286694060815775 0.07833493661464819
0.1491454097256247 0.0755823878838146
0.14532775370529152 0.07299476220416463
0.13760499601910828 0.06804792305431084
0.1333571453178589 0.06522425712798545
0.1299609566389025 0.062370708840870176
0.12247180839661931 0.05774747220419243
0.11845826570921117 0.055556553323335485
0.11494875558855953 0.05332280884983488
0.10764950353686918 0.04851511487161704
0.10377402889208721 0.04629901532409158
0.09683496141597256 0.042587353567745394
0.09366807592785399 0.04098754242165957
0.08722728020884371 0.037450584434695226
0.08079388167564919 0.034028918394052435
0.07507632594316511 0.030752518957056964
0.06949972344285889 0.0283237193280152
0.06718106932876042 0.027255006880761042
0.06249760285246203 0.025262924598811933
0.058039142883390495 0.0230700810637217
0.05413252924424302 0.02162159144549666
0.0526128860316634 0.020574506248280028
0.05072725437132533 0.020370267587419805
0.04949320186183243 0.01978141568856951
0.048426313311489465 0.019692264021429127
0.04613060195676139 0.018507466963486534
0.04449780955260901 0.017889510437891252
0.0435316490461171 0.01771103336895473
0.0419859099399804 0.016986356259155816
0.04091115051598481 0.016901566960637285
0.04033464371019108 0.017223486419335694
0.039280709804476975 0.01690898868796283
0.03908494993263106 0.016526726297033445
0.03847192131614405 0.017037017556234435
0.037997838739435325 0.01667953814248813
0.0377671599399804 0.016703605821518218
0.03735582903983954 0.01676999010494268
0.03734010164671117 0.016719308448334094
0.03716111941526825 0.016979446234683553
0.037191102898395396 0.017040387737095684
0.03715626770348481 0.0170430751950519
0.037283469634217296 0.01690586689336723
0.037146502078484814 0.01667471972039492
