0.19087725946143722 0.1111156286905967
0.1827120351544083 0.10453138946033612
0.17525126187283907 0.09838710932397793
0.16811654658769448 0.09284404992475945
0.16431471725576577 0.09011307214453261
0.16114035196767446 0.0873824717150628
0.15406436971124568 0.08195354231804848
0.1502169198853479 0.07957881022645637
0.14249823158236583 0.07353326843325496
0.1355185358100542 0.06890372206881586
0.12784619700809366 0.06382632413337307
0.12064767442146 0.05898078963632826
0.11638164984885765 0.05667617037835249
0.11263900437895352 0.05420228007445141
0.10518652834870541 0.04980936983826683
0.10136962008142779 0.047291409217783985
0.09763489776712046 0.045354297708360546
0.09087894001453717 0.041381695095316036
0.08441435487019684 0.03802782548341715
0.07827609150772778 0.035075239170224606
0.07605626023679377 0.03366268507407045
0.07291858031017946 0.03218893106288505
0.07057542694489873 0.03128695645759181
0.06584249733567106 0.02845714732521878
0.06372256401142347 0.027911575195142427
0.05947946479218234 0.025466057947810542
0.05610226288393348 0.023549304777468923
0.05452688823569857 0.02295764802184017
0.05158354144566242 0.021650567448375867
0.050392785163002905 0.021058473550496885
0.047937427060925956 0.02062666735886614
0.0458778382546681 0.019303486929335107
0.045003096937065355 0.019342290279716616
0.04346398079749381 0.01895315794112665
0.04290609376227801 0.018096460111877804
0.04168808124883359 0.017753105469175183
0.041357366240251256 0.017784171800337697
0.0401672694212083 0.01776475152334906
0.0400015809860841 0.018028426693524686
0.039402979866206486 0.017672270027779817
0.038810016560738105 0.017763203588025325
0.038858581859511285 0.01773085771890851
0.03821914675249612 0.017364576360316526
0.03802620928073555 0.017447864581632597
0.03785483507021182 0.017345938687538778
0.03779379271981328 0.017173252883002303
0.037634461513952736 0.017400156284865083
0.037510830071218616 0.01709144350461784
0.037245766464202225 0.0179149477542464
0.03760839951182618 0.017895184672696796
0.0373775728577322 0.01749599407625215
0.03712852822147449 0.017438186331934648
0.03730088083620025 0.017611399630311057
0.03741152204471284 0.017545286183239316
0.03740315045385677 0.01787346175887036
0.0372399991551192 0.01734913155327521
0.03740823911492712 0.017475649024168816
0.037297314936571783 0.017666057027287286
