0.18506661813985528 0.1046886464332497
0.1825253762232311 0.10239676228251017
0.18012822860080993 0.10024876522014282
0.17598088303067147 0.09665670485980611
0.17177683049546988 0.09319100044285572
0.1697764592668948 0.0915877966649717
0.1657700097257903 0.0885261398007771
0.1636067759403436 0.08692348117241389
0.16141887529538948 0.0853116197724371
0.15911314634832424 0.08377411460808996
0.15459608515490175 0.08042615169259319
0.14965540703688815 0.07710757827353976
0.14700446654009452 0.07545516530574317
0.14214393656419144 0.07217700851650934
0.1393438266817589 0.07054173807225803
0.13673019289484134 0.06877613371237454
0.13135501034475996 0.06537152922191425
0.1285560112370568 0.06372379590396456
0.1231430910731095 0.060815174924555626
0.12031198483034103 0.05894937640076439
0.11414191847802106 0.0553687210002045
0.11132580769409907 0.05402165113677817
0.10843842539025729 0.05256790468791453
0.10562481384947639 0.05174575983782223
0.10004964396988743 0.04831174426083856
0.09768161588153534 0.047726275265575255
0.09205193185940932 0.04489315749479766
0.08666211772496175 0.041715537611992065
0.08092568442108566 0.03867971057979555
0.07621743591519257 0.03693555056690369
0.07395250878814323 0.03602618179348277
0.07180204891208425 0.03470134701372922
0.06720516036063255 0.032016598971690395
0.063013939188684 0.02994591598591705
0.06090408004411231 0.029251462965413037
0.05748698267773621 0.02738762104262469
0.0556714884120916 0.026743068094594258
0.053986802234296555 0.026116934183590988
0.051214959653597625 0.024275691677075963
0.048600890174868114 0.02252810558835904
0.04641125633831042 0.021904772990239903
0.045431931264953325 0.021393557677726084
0.043935018682464896 0.020614746817017682
0.04239553278578012 0.019387936398128674
0.04197164295532878 0.019589281436365572
0.04093962789965828 0.018701745631376845
0.04026835608863891 0.018822025316614206
0.03982333520530794 0.018274070434786214
0.03951402753357757 0.01809150471803701
0.0391565352201387 0.017315357533452532
0.0387464965590497 0.01732309892652395
0.038897995220144824 0.017049776609600917
0.038731182710032945 0.01742204491392985
0.03871452587691451 0.017322717051983384
0.038665017402392775 0.01723295764363103
0.03832610902047135 0.017514455853986116
0.037968075683134116 0.016824165670788243
0.03823242809916874 0.017354312784729976
0.037991483345426735 0.01717622161206737
0.037676075988329054 0.01666505352785362
0.03757224249024357 0.01685902825251965
0.03797240626823203 0.01670178095274778
0.037890618297049046 0.01698599546504687
0.037478492145520376 0.016622448203670797
0.03763363194532966 0.016856087953495313
0.03743148291413972 0.016864324569027457
0.03709008486472143 0.016663389742311168
0.03730851488499422 0.01645577818334503
0.03725623665538222 0.016636124169990964
0.03709154993828689 0.017134342254325616
0.03708261586223084 0.016573761223819004
0.037127997234094316 0.016666827962556238
0.03722073974226349 0.016946129382268086
0.03692889565167698 0.01677766198777967
0.037296114425731 0.016904259470186346
0.03709704157024631 0.017008072671259422
0.036998383707861036 0.01673718463585998
0.03687821894856056 0.01681692894583757
