0.18618399924493517 0.1086910005717474
0.1817343377677048 0.10508306434851179
0.17800260457525152 0.10178403700959542
0.17409679508080175 0.09859752064988621
0.17044069477607915 0.09625653055672176
0.16693903954774558 0.09310001928266418
0.16336313040557768 0.0905117057165072
0.15558876286429427 0.08481482319851236
0.1480317848120428 0.079251911607715
0.1440751256551658 0.07611075352922816
0.14040332994616486 0.0738478025531145
0.13273092028734138 0.06846150665795696
0.12501124246773815 0.06335836015700957
0.11687971111109749 0.05773713771205752
0.10886591922706368 0.05264557893566599
0.10504092334866344 0.050405765646060745
0.09754706208079193 0.046321648389854385
0.09382682991368237 0.04401672967482903
0.08731957658759733 0.03998771614882557
0.08444410957510444 0.03809658925145975
0.08176200534674145 0.037079016564274626
0.07889802020717704 0.0353204417991537
0.0759703772275025 0.03431039465934075
0.07352437918595187 0.03274280965507336
0.06828210458076742 0.029394828495634556
0.06590937889177077 0.02767524631575095
0.06135970350222597 0.025394056002242798
0.05763408950643766 0.023224535101353964
0.054045922818524585 0.02122105366985179
0.052446408860857247 0.021099081809853253
0.04980201573807586 0.019801533135799673
0.04732027450160819 0.01829578439443803
0.0453105110216787 0.017678004388402918
0.04380247378723842 0.0168315637273925
0.04222521972416845 0.016234960449822953
0.041242140614887526 0.01600883932991965
0.04073524800539087 0.01593363780277408
0.04020126430455589 0.015862266482534776
0.03999104500097447 0.01601115498670066
0.039627805081886534 0.016014305466747505
0.03901863618102679 0.015699176542198823
0.03850075966139756 0.015302639536919137
0.03800384546023407 0.015351825327718976
0.0377374425465848 0.015502525088178915
0.037485655319805494 0.015394712855753933
0.037432303873139304 0.01549397995051761
0.03739728368189708 0.015554147915556087
0.0373413705996943 0.015597063765543519
0.03727203646252133 0.015745968453682247
0.03737904100639353 0.015800898206177083
0.037307425337756675 0.015734794769098295
0.03706662441516185 0.015658152868369662
