0.18817650043299708 0.1070921908106721
0.18381908403945793 0.10335655621143838
0.1768283048532471 0.09796436335947106
0.17019462559245777 0.09249100114724222
0.1660634248719408 0.0893042969950762
0.16242229741747297 0.08654986712711883
0.15587205710716248 0.08156845813766632
0.14970402411290798 0.07671939562394332
0.14271935886380585 0.07178034029420725
0.13539021446541422 0.06691649876012756
0.12863034660925265 0.062197638504454485
0.12153474885862953 0.057954923226714826
0.1173960063379487 0.05535713382079692
0.11365863708037309 0.052835415897607256
0.11013946254697957 0.05062120559239417
0.107003846528909 0.04919141444091154
0.10088526167804153 0.04529165605993654
0.09401974153877102 0.04179910069795143
0.09084897517381214 0.03990650964331882
0.08467807687047377 0.03644647402271704
0.07928413252010431 0.03395370303820207
0.07410691190748091 0.031110832231777238
0.06909045525870655 0.028557176186249835
0.06676258328753949 0.02769842504638372
0.06468526774214718 0.026821158586854195
0.060721438445724495 0.0250336851236922
0.05872840036099444 0.024047725589711324
0.05681498241179371 0.023749298733607885
0.0537485554625709 0.021499174122397435
0.051297997472854885 0.020721261329188532
0.04994756005227857 0.020299299391882714
0.04871935825049555 0.020028385528880727
0.046775710811311405 0.019256246041774165
0.04505391879219575 0.018552621010211278
0.043549775267771276 0.01785027714871196
0.04259964260875218 0.017540355945709782
0.041692614164646834 0.017136634600177163
0.04115680615745147 0.017334342191325285
0.0408994026970934 0.017647479720846872
0.04038055655303662 0.01755534670756233
0.039812302993230284 0.01679785088707143
0.039254904546683955 0.016286448269805024
0.039235614020978894 0.016699724785372388
0.03876773013012605 0.016629331459086953
0.0383950794344175 0.016310233004416058
0.03822619390050635 0.016112629943879818
0.03808160360022349 0.01618222856948775
0.03807779197250407 0.016724649975761764
0.03774512144234025 0.01632361962341705
0.037734091439813405 0.016092444814698424
0.03778888688242719 0.016493980398333892
0.0377735661035047 0.01637174926950792
0.037430409404561556 0.016714395254709045
0.03748120635147219 0.016502088221434903
0.03767181888210704 0.016608237717663826
0.03734900923170005 0.016576841010290187
0.03704887768813907 0.016009440808184804
0.03696524468244632 0.01622515982784162
0.03719520250662989 0.01659300171091417
0.03701534207228966 0.016874666145307284
0.036964734389106135 0.016570502166774848
0.0366858794425132 0.01668635558814004
0.0367261542844938 0.016716961615244323
0.03650579380829515 0.016589935479632334
0.0365797384277545 0.017192007681616953
0.03649285679403691 0.01699672171631074
0.03636448567644447 0.01690292291391635
