0.17821189457073186 0.09386489790436171
0.17594059568376738 0.09193465170700311
0.17318953481026633 0.08965762118432176
0.17058754667291426 0.0878388635852143
0.1684956027184366 0.08617835461140601
0.1664265237387887 0.08446989556973751
0.16390118022368652 0.08251905952211049
0.16112930513169 0.08020339019684261
0.15888885383650128 0.07886431553483994
0.15677991926996449 0.07690961453484542
0.15429407677173082 0.07513830847298766
0.15199954875694266 0.07360012711780092
0.1499473358106981 0.07203377610284835
0.1481631682169107 0.07056630032564663
0.1462481547026181 0.06924689350031014
0.14477293259229093 0.06830192068727495
0.14207526804726905 0.06612931356559042
0.13950779778055267 0.06428372108222269
0.13704040250635388 0.06270188881562336
0.13442141417396916 0.06086029529822809
0.13209456278948248 0.05906333903237803
0.12935793387410946 0.05737845566409681
0.12668147644949757 0.05547151175237133
0.1246249415821934 0.05439955836834984
0.12242677994916884 0.05304165747512021
0.11974987212480129 0.05120933769918925
0.1170388584976596 0.04937825620896825
0.11482488495831943 0.047940531452071077
0.11197480321938845 0.04649890957954121
0.10913402654774988 0.044692248048418835
0.10715389672835751 0.04335990891020222
0.104291347540871 0.04175780306544221
0.1009274459274969 0.039987051819909046
0.09819931710964026 0.03875429015073336
0.09545960247679233 0.03715764402024004
0.09240648627779523 0.03562440776707689
0.08976700954801484 0.03431467136347543
0.08772980353830981 0.03346099665896578
0.08581410004992346 0.032733176811160634
0.08401120732586893 0.031832707236065676
0.08183197206555551 0.03100215791923058
0.07944390464619355 0.030247267323220403
0.07766384335656144 0.029379684686786405
0.07596808827651218 0.02958881023707843
0.0741429295134732 0.028452543724029236
0.07239315521166566 0.027545957768003195
0.07065520629918749 0.02747420152335516
0.06953508127281514 0.026687005607729613
0.06735343589466028 0.025935060630756797
0.06594162911163229 0.025962018807533647
0.06454083795667086 0.02580474848155081
0.06376996919189007 0.02514718392601797
0.062249065046771045 0.02459482005039083
0.06120575713617206 0.024721007260835676
0.06004098503614851 0.024587229519805024
0.05886286864549192 0.024238834350950453
0.0580500408311336 0.023505865700442156
0.05720202433799285 0.02318382296686995
0.056203162258601065 0.023296649020898747
0.05545296396771289 0.022775625566931156
0.05478080462172247 0.02280932730831037
0.05362449907880792 0.022321324806608717
0.052813137459398855 0.022331161405213913
0.05214760473960071 0.021996402120665594
0.05163978859807077 0.021647169366779927
0.05126680010254548 0.021504542707412748
0.050242586266694304 0.02094721764812942
0.04965821654116293 0.020511295513593313
0.04917792269959571 0.020511446948966932
0.04832891436869517 0.019948934223035005
0.04723290010371077 0.01982246424388366
0.047208324568106884 0.0193233479939214
0.046729607125684455 0.01942094742215289
0.046397811041854746 0.019245321252696568
0.04620458954667782 0.01880748272360931
0.04588326765291052 0.018634696302442418
0.04583385304993082 0.01897959237607108
0.04559226628737513 0.018690037220617014
0.04492009735841118 0.018229082684807548
0.04436272286929867 0.018531121207565074
0.04425019959417257 0.017766782652404133
0.044287625897272975 0.018031387154883876
0.04424584413270563 0.018148820596651728
0.04380932052271211 0.01811898246750395
0.043864226169521424 0.018169154480934646
0.04299062792855671 0.017697871516589726
0.043251869369811395 0.01760451361895571
0.042922636731399524 0.017732311672932356
0.042390982943227094 0.017914889128078752
0.04265776813466577 0.017222676695115575
0.042120719132398975 0.017285342796938125
0.04240470096982758 0.017420156463135238
0.042346585026887526 0.017509719095476352
0.04202339445328293 0.017472435170436146
0.04208238244681373 0.017269070865022013
0.041840944220347676 0.017188141389113412
0.04161573475954556 0.01730952555195594
0.04147185599504691 0.01734967736814262
0.041402278815771396 0.016973075015712828
0.04104882042028929 0.0171925718788939
0.0410799650842443 0.016511513398272823
0.041095652411904104 0.01689447067585055
0.04088777855020803 0.017234031667865142
0.04072396240929141 0.01708738862075685
0.04086777888446215 0.01686756610451569
0.040783012692150115 0.016736240812456088
0.04070449459857614 0.01688019956705672
0.040645276613680746 0.017050190464423826
0.04010374277980443 0.0170615052330919
0.0402910467888299 0.017162958892602484
0.04030653766553245 0.016646939506644674
