0.1810298513807854 0.09895374134665622
0.17882318540168748 0.09720464086582419
0.17645358634635785 0.09539011520444204
0.17406499473887121 0.0935484628069488
0.1723136704016384 0.09199383083597287
0.17078022325111974 0.09081265918887148
0.16862619925497013 0.08923951045680403
0.16688799704468216 0.0878141131479123
0.16517014947867556 0.08656579964005627
0.16282061730168554 0.08470893628669507
0.160798418883462 0.08315350709580993
0.158564952302987 0.08168420422911768
0.15709585920924682 0.08051657469087425
0.1557042231148338 0.07934670230728623
0.15386369133565142 0.07804799918636798
0.15203172538933582 0.07679837823786083
0.15040163684337185 0.07559758966619318
0.14825574703117633 0.07423643233758653
0.14650495985703482 0.07292850272491891
0.14447139468411127 0.07141814303290175
0.1431940112607801 0.07038184218770409
0.14115081552100522 0.06924887045631423
0.13962782386637101 0.0681390978242827
0.13741480785215798 0.0666273456548241
0.13567886940061194 0.06569254153366913
0.13345699978759037 0.06408915159304522
0.13094637623639596 0.062269172947484
0.12885850003806185 0.060954690187162576
0.12602048517491257 0.059160429855872845
0.12390810091053749 0.0580898007213841
0.12116632457051509 0.05627914954876077
0.11831759522213382 0.054509193795103515
0.11605878605438669 0.0533990066087192
0.11372578123465249 0.05194369229403409
0.1114045172653426 0.050382570952997106
0.10853894401716957 0.04884131633209792
0.10676957675538759 0.04798030288574048
0.10386042615143211 0.04653855725391033
0.10162472458880933 0.0448002139270534
0.09905780442720612 0.043263474228240104
0.09572910067234403 0.04218043769456418
0.09377016280032022 0.04111247393197193
0.09122926627205132 0.0395548789603334
0.08894459653833688 0.03894479579520284
0.08676035711830112 0.03791455647871495
0.08392843330091938 0.03656349992635814
0.0819520664050222 0.03557351224308685
0.07978910727638054 0.03459006707787057
0.07750569891671087 0.033915021119737244
0.0758414093885672 0.032839233972435836
0.07424382880182549 0.032380997283414696
0.07193936077131709 0.031624975041702044
0.07049022904173788 0.03127535425051294
0.06900658937964109 0.030189599196946568
0.06720441200439799 0.029779759071214572
0.06527134429053955 0.02925669245917554
0.064504582346488 0.0287356773597029
0.06333745164764802 0.02840550607689911
0.062480921118060466 0.02785052675189394
0.06169416423715474 0.027367291903919313
0.0600653466574336 0.026824140664967293
0.05907209373281078 0.026338806471231713
0.05795325495509931 0.025625164439893277
0.056970462322459926 0.025129091693980483
0.055726982523168614 0.024578167560913553
0.05469183567352271 0.024054511006141695
0.05402424266910508 0.023406825635292852
0.05317387992286952 0.023412307850868598
0.05258973424546696 0.02351658687239447
0.051809883747163776 0.023040306439427956
0.05135557806268908 0.022729433193226716
0.05075253575511011 0.022975933589158015
0.05056294116437313 0.022338614734528747
0.04994279117155577 0.02210186433808723
0.04948400113448845 0.022128334696473084
0.04931503456567755 0.021734315399839586
0.04878272512658632 0.02142538737021685
0.04834818416621238 0.021244547334708888
0.04798386768782905 0.02116256788274379
0.04761767113862614 0.020757341002886488
0.04744275261091958 0.020961996654482597
0.04746243580133683 0.020986136473333823
0.04708832089263614 0.020551546655520045
0.046495882760011494 0.02028210758540075
0.046101355653841054 0.020194636616960963
0.04586396314017562 0.020214306689521153
0.045558029575278956 0.019667183966721364
0.04525048452110836 0.019840147469526215
0.045153588932414446 0.019174790390689627
0.044788471505493185 0.019699345146559206
0.04464969158397424 0.018938982042440843
0.04444906596546931 0.019083547243379375
0.04432593571508379 0.01916123898093271
0.044013570581388495 0.01920591917074503
0.043899111678048386 0.01872162269159129
0.04403599234435162 0.018563151318036236
0.04381611518434209 0.01854850240220429
0.043436604664233165 0.018411432397112286
0.043533615359303786 0.0182187377015542
0.043463362100719 0.018715177168625235
0.04330964712682206 0.01817858439212641
0.042988447578714346 0.018206420653956727
0.04300283107970395 0.018083594311242818
0.042833758996714405 0.017853606997031195
0.042955349699311446 0.018432192003548415
0.042534875697391165 0.017919897161182814
0.04255628548345906 0.01757848109155945
0.042390580261988255 0.017818295469852075
0.04235316109735974 0.017194502779682604
0.04222034752303355 0.017729280552188097
0.04216695255253762 0.017221135239449997
0.04199597641823334 0.017253997972807956
0.041952087316013964 0.01723390935979542
0.041772161660920556 0.01718534936642489
0.041848597091154426 0.017319981207294523
0.041755595934872505 0.017335391468139776
0.0418328946629317 0.016875978879752535
0.04164683959327852 0.0175327578723659
0.0416675155761949 0.01733302106760969
0.04163464311344639 0.01723979151402563
0.04139048330405027 0.017511231606117072
0.041638388866788466 0.017324340671498118
0.04125926683070093 0.017063047860151215
0.04140738955312942 0.017137238473603218
0.04114602134041529 0.01671781709326223
0.041267468160041454 0.01671621069514515
0.041001524468853134 0.016654353073688802
0.04104186445779064 0.017179083217938408
0.04062492038475611 0.017167054498208104
0.040811699665362744 0.01686117849213784
0.04081984823761394 0.01696008956627495
0.04077141243351456 0.016817700775688595
0.04058531899506915 0.016734492276363446
0.040532063111445076 0.01680816071077491
0.040214532579094964 0.01626644181025979
0.04040467872122033 0.016456116371061775
0.04017701029833731 0.01646604707373098
0.04046400167011679 0.017050552766774016
0.04036077043460484 0.016541922478591136
0.04034691450450849 0.016756694850835266
0.040239323614978686 0.016977910088645753
0.04033941340562628 0.01686763995950208
0.04024683910215798 0.016788635466498225
0.04015894339329301 0.016827185035208633
0.04019331223893874 0.01679744740389482
