0.1890834859818697 0.10988723544379532
0.18608360900974663 0.10740585516061638
0.1830239991689873 0.1042431675169128
0.17914636119391278 0.10141908789338853
0.17604097977378805 0.09875482883729993
0.1738959205610684 0.09672598742662827
0.1708460587261237 0.0942652688500398
0.16860840303380922 0.09298785937983618
0.16622234400739333 0.09042096618717115
0.16345149729369313 0.08840736737300196
0.16043770691052028 0.08627963260074449
0.15746091681660848 0.08384438492107357
0.15499531291366783 0.08190094846948787
0.15179549649025828 0.07956123689395782
0.14910777594402064 0.07771604610155697
0.14716885162439697 0.07572260702461753
0.14403676373254629 0.0741636845008788
0.14147480012183283 0.07219193805685134
0.13779544501159496 0.06959267053917857
0.13573842427182206 0.06805241803714737
0.13276336736951386 0.06615231287618556
0.13060974753086269 0.06462229407208946
0.1281997398182558 0.06353562216392708
0.12615626861505236 0.06196385894008943
0.12252211054552675 0.05954320615452003
0.12093201736914615 0.058591715134957
0.11783027469382452 0.05634325943020152
0.11464877647780534 0.054398365648213654
0.11219547727768571 0.05301699454513674
0.10875492915861802 0.050951412215770917
0.10655905200202972 0.049995873056201914
0.10431412839575326 0.04831046504859668
0.10140429120621862 0.04650620365041619
0.09810189090629412 0.045044136924460285
0.09580162007643356 0.043689958527183465
0.09259866284172028 0.04203863585842849
0.09063814544438344 0.04073526161822659
0.08859932800427028 0.04036395272307907
0.08590894542893983 0.03832365507619053
0.08392422080301812 0.03755999775290447
0.08094827336579757 0.035962148314868346
0.07868291054693628 0.03514644270614554
0.07636658136172096 0.03367847649082093
0.07408729076834357 0.03278466606882296
0.07227649814401034 0.03204893011653807
0.07004578958157652 0.030980598981362753
0.06793470475454483 0.030243200592915413
0.06607094445421585 0.029077266103436174
0.06433747994477075 0.027949913086973824
0.06281601062268347 0.027328866338578055
0.060962711713663416 0.02637616627453324
0.05984976810087857 0.02632721616558106
0.05859183008333415 0.025858355192569696
0.05749152153309588 0.025016630838648524
0.05629379037857654 0.02447707044981291
0.05478911194862675 0.02402412136578501
0.053571731572170635 0.023290234064102848
0.05222135028533888 0.02260194905958793
0.05121019098277671 0.022824770829936496
0.050235567550731 0.02184986132043893
0.049336179955311615 0.02176845322491889
0.049166355905092954 0.02141467277599722
0.04829746194868803 0.021756864749461802
0.047269712842516964 0.02089706679979398
0.04700749818905416 0.021108578066965866
0.046229726063034396 0.020151080957013977
0.04537469763945815 0.020216353166470226
0.04448320516269709 0.019982338289005155
0.0442661061569707 0.01945810280885214
0.0437095697149798 0.019578719839089997
0.04321209105870774 0.019194155984182934
0.04281822566070413 0.018920284469599095
0.042500352575220134 0.018793933923732783
0.04241721204429126 0.019167849821044143
0.04186836963243009 0.01930947399915298
0.04183254235958582 0.01881345540422157
0.04180269028873402 0.01845981664020011
0.04169353752028505 0.018601403035668884
0.04141841011059333 0.018599584071426204
0.041204001860892396 0.018126562959868704
0.041095433206740764 0.018467377216351256
0.04062739965644121 0.018345644248851753
0.040586506867805246 0.01822169964752899
0.04045519127081209 0.018396920688927364
0.0403582187218093 0.01829060303857059
0.04034189703623853 0.01815888196029636
0.0399403423959273 0.018162818101762165
0.04003793018007114 0.017959218249541945
0.03980400197963038 0.01832861237446664
0.039801222648895906 0.017911039985950904
0.039433671121205285 0.01799903575464066
0.039028185678942284 0.017802736048231203
0.03896704758451693 0.017854820766928004
0.03894064992731703 0.01796505296867055
0.03871235699349898 0.018050181304856076
0.03870694436060436 0.017758642357906182
0.03850465169475114 0.017679398667909334
0.038340601757996355 0.01783332649287631
0.03827231065733963 0.017612477516090654
0.03820735427478207 0.017602664824716185
0.038116914709047496 0.016981028397259547
0.037938211642727045 0.017299063769928506
0.037875857441485916 0.017444856182863486
0.038035258402972526 0.017590146626437726
0.037991433073294584 0.017700122445979894
0.03800727118883232 0.017740289440499123
0.0377783797772506 0.01739578597909113
0.03789214321839088 0.017553191156323235
0.037528017377419495 0.01739873572377548
0.037492166165464684 0.017306443529159388
0.03747084120578963 0.017134904945786445
