0.18225282107422833 0.10049619269188645
0.18053200407275846 0.09919421432324096
0.17909126577045567 0.09803149513959927
0.1774987176935326 0.09682041257116171
0.17578314475134738 0.09551389538463463
0.17421172602278295 0.09450240136041185
0.1726687094255267 0.09337872904065113
0.1710123905254777 0.09222117846301815
0.16890077627388536 0.09066186649395125
0.16720872504287115 0.08934516954243851
0.16553652085374818 0.08837097417712318
0.16335057110485057 0.08668161638901552
0.16150368615262126 0.08541048135097458
0.15983131928282704 0.08410589696249278
0.15720972983525233 0.08228054837259273
0.15493855455352767 0.08088893377999355
0.15304567881859382 0.07942323764433876
0.14987834356626653 0.07747619878649818
0.14744641107300344 0.0760607336831886
0.14440195714416953 0.07395569944356264
0.14221479207496326 0.07273688568294398
0.13890136001041156 0.0705258461572674
0.13579751806712395 0.06837783430717399
0.13296399398272907 0.0667647297453189
0.12992857361587457 0.06455307128993118
0.1271898445155561 0.0634935233457681
0.12399913109382656 0.061452108565396506
0.12120850685938266 0.059906309895022575
0.11813792832863793 0.05808716688985779
0.11543172579311611 0.0564090475622943
0.11281921775477707 0.05533895066700209
0.11042905591621754 0.054037374059748046
0.10849585451371876 0.05317618765879348
0.10548144866180793 0.05165230670108466
0.1018584352798873 0.049701733428841065
0.10048106588375796 0.0492815561638971
0.09778867206638903 0.047779777511925144
0.094992210466683 0.04657753912330713
0.09282715082986281 0.04595108995910981
0.09016553236771191 0.04493836079006877
0.08834032222256247 0.04404300566861435
0.08624888037420382 0.043191667850957904
0.08389394368569329 0.04155932760518591
0.08212938472256247 0.0411474896037182
0.07976859152988731 0.040548392789386344
0.07794265410644292 0.03933919687072613
0.0768277029871999 0.03846612321887231
0.07521182937285645 0.037975702860923326
0.0734235477400784 0.03701544155792035
0.07205022622182754 0.03650793276781545
0.0706457896328393 0.03601312289520465
0.0690471936627266 0.03497378789239709
0.06761398651855707 0.034069105391611815
0.06657882548383146 0.0335485393562853
0.06517377166523763 0.03313606342287849
0.06399344683978442 0.032444610351388764
0.06280283485423811 0.03154530548111991
0.06165438587089662 0.030633896191632107
0.06062539713222685 0.02939081930049563
0.05978998882288094 0.029166375842091877
0.05865771221215091 0.028983669420129313
0.05788923264484321 0.028364104491666296
0.05737242007594316 0.028178843627343332
0.05662507942644537 0.02772911518329701
0.05559577968061 0.027038080160822694
0.055151221253368445 0.026788192719162794
0.05462963352829495 0.026445742710441315
0.05386575208231259 0.025815322080597593
0.053309073179507595 0.025925716881310044
0.052897203997733955 0.025588028287997854
0.05209668112291769 0.024665475549105753
0.05132330199657031 0.024434603908439056
0.05070751737812347 0.023530567483404867
0.05010179503766536 0.023764170015691713
0.04975175408041401 0.023016310187765468
0.04929654006920627 0.022826931269180305
0.04902785380175159 0.0224468161300119
0.04852058676047281 0.02278765366395965
0.04832873361709946 0.022068023002989625
0.048107535751469865 0.02223211809995441
0.047674542006063206 0.02175936845671853
0.047363788430916216 0.021765601187493745
0.04689560781326556 0.021577314897017044
0.04648284867252572 0.021199622541915222
0.04647669551537237 0.021416188219522077
0.04601803650171485 0.021433812785967243
0.04588091583476237 0.02113280392185137
0.045566736396068105 0.021219559950965132
0.04562264591499265 0.021027146105112245
0.045037560096153846 0.0209092956445243
0.044966956684835864 0.020516497875485762
0.04479820419677854 0.020895314076642
0.04418983111832435 0.02012056609613364
0.04399388703454189 0.019780152040409293
0.043902135135962764 0.019957270450045726
0.04364302788920872 0.019707672113711418
0.043385332136513965 0.019310446825555116
0.04321119204740324 0.01900638403194355
0.04288906517944635 0.018987605758800007
0.043013975226604606 0.019177152982832932
0.04276897335099216 0.01912346490229858
0.042662403157153354 0.0191328180703674
0.042533091162420385 0.01915252745268163
0.04237342008359873 0.018772283369823402
0.042192366065960316 0.018717406292738725
0.04189541642424057 0.018152824310916235
0.04165954858984566 0.018733807930083616
0.04164084031265311 0.019003264951951943
0.041734161601237135 0.01848085434321003
0.04153055717172954 0.018661720263663188
0.0415019492972195 0.018816714650730797
0.04134333085803528 0.01820241605402036
0.040856647706393925 0.018345555765436672
0.04114028624142577 0.018487496979188674
0.04091735630512004 0.018062844689557017
0.04041044811826311 0.017850055026108844
0.04049830525018373 0.018148624818534152
0.04036382575177609 0.017862781089642912
0.04033500734933856 0.017684137072560627
0.04021353751990446 0.017881635371698346
0.04005067263672832 0.01757151086736332
0.039806486556834886 0.01760489506730828
0.039959717394965705 0.018016001482999023
0.03951880492865017 0.01760239220242381
0.03936979182615752 0.017607533662392563
0.039438124885166584 0.017653904527855226
0.03945410586875306 0.017429936125150803
0.03924618800909481 0.017535128387304585
0.03916906780147599 0.017438557707442653
0.03910319887616365 0.01728216665661901
0.038854244817185205 0.017668412728912782
0.03878033516046056 0.017157232436903046
0.03856522585818839 0.017706155225573603
0.03875907901687286 0.01735444570262117
0.03878959121218153 0.017107718060012815
0.03869143495835375 0.017890460549289913
0.03882734748208599 0.01726025165855789
0.038800935796637674 0.01704562149360031
0.03838137277605953 0.017777074254973674
0.03831216171989833 0.017515368784816424
0.03831247033470113 0.017399742942203346
0.038257046465427484 0.017357088369611445
0.03803549213773885 0.017594948758266296
0.038272302563081825 0.01709539240056818
0.03815209350884983 0.017017236236914306
0.038099643346551935 0.017137326245799098
0.038059762658470116 0.017325769983307576
0.038061497121509066 0.017225871198946335
0.037959379114864036 0.017473155335373906
0.0377515808733464 0.01724136072934851
