0.20507982956495519 0.11766328722296492
0.20280059639088824 0.11543085921963386
0.20082295629939792 0.11404281381543331
0.19870443104149915 0.11233462784976025
0.197007910100708 0.1107775786118139
0.19496835025078937 0.10921416367788249
0.19287361229260233 0.1074695961412575
0.19034771516282925 0.10569594061077536
0.18773415742856303 0.10345583061500133
0.1856725148438879 0.10189504827398577
0.18367641182411892 0.1001279526471628
0.18071801485369393 0.09808762840148268
0.17798569299260625 0.09564914605590971
0.17523029247117025 0.09373286656741647
0.17275430653547824 0.09164244753112846
0.170376591642315 0.08949534143262772
0.16771971114480574 0.08740128639710756
0.1648436312550256 0.08515000406541398
0.1613962348190296 0.08298022422095966
0.15916954629613742 0.08118237365107665
0.15684327479027338 0.07955818789911835
0.15476985347023378 0.07801339532327205
0.15209558257969857 0.07597290923786348
0.149949631063195 0.07427095949639274
0.1468255848534733 0.0717760382428573
0.1438752510498588 0.06987190752331182
0.14077008912155073 0.06763623733075448
0.13723165167977408 0.06542332719867255
0.13372286217676851 0.06261358451607245
0.131565514973205 0.06149810958250011
0.12741686242988684 0.05871857158788338
0.12445867613602934 0.05692280335583956
0.12086001392457196 0.05445026453674651
0.11728392283445939 0.052333309179652975
0.11329084536002863 0.049503082982090774
0.10989521790239071 0.04766283040335812
0.10739693855537469 0.04660289346992664
0.10503599160174253 0.04486287902432826
0.10203956751088471 0.04311388786845943
0.09966988705590912 0.04187737839664906
0.09669251961820197 0.04008522188787813
0.09352267998367295 0.03821566013432611
0.09080564174993626 0.036935478211797886
0.08730049120582381 0.03506600547009651
0.08518187976205652 0.034385523358608526
0.0831152383970072 0.03354088721057014
0.08029670672687982 0.03224257114647091
0.07777055582760498 0.030979948834477748
0.07547719774730824 0.030294457783394742
0.07360624139673508 0.028966123146999846
0.07119982660935446 0.028319228173819492
0.06948070103049186 0.027452328273806236
0.06737743545942507 0.026582995383208855
0.06550838477416698 0.026458667406497206
0.06316570443655739 0.025312634434867753
0.061902703202528976 0.02447720966470606
0.05966664436048707 0.02403280855974208
0.05846348005973102 0.02332963921565649
0.05740752122240826 0.02291162068375602
0.055777229333471436 0.02241622118303374
0.054860738383830335 0.022000627549730974
0.053402985815568065 0.02135155313487438
0.0521261661139535 0.020482164949036454
0.05126293803105817 0.02010185102786785
0.04967555234033321 0.019898394213267303
0.049039376139951754 0.019493987751192522
0.04830986064396242 0.019562192407412138
0.04754739341757536 0.019173085194331967
0.04672459129512003 0.01836773564037089
0.04645280894684393 0.018606139046997913
0.04566960923097384 0.017845868600727666
0.04484019473716145 0.017478839023934673
0.04465491906036106 0.01741265466699167
0.044253144481836766 0.017087351418182118
0.04375359682357959 0.017192727962694172
0.043238813419009495 0.016874715593650565
0.04323583521844172 0.016643385931820503
0.04252557747596295 0.01675747484837991
0.04213380045818706 0.016494037533092986
0.04175433844340201 0.015656151450394697
0.04169941889273912 0.016094669681230113
0.04155112652974171 0.01616218382127508
0.04161330963387937 0.016292116847248156
0.04140749299174822 0.016108664771746425
0.04139598239019691 0.01596280536783106
0.04123789356681098 0.015664088340409974
0.04104895977870227 0.015935960202877103
0.0411881930492974 0.015933140145609145
0.04114853318546648 0.015917693892194544
0.04086524981184667 0.016268101180212984
