0.14964374768252495 0.07528999033641914
0.0932577092112113 0.04649616109913793
0.06217996590395647 0.033475912393738025
0.04463585483827401 0.022192358098682814
0.04356094832767317 0.023234899847069838
0.04199325703008359 0.022150445590655342
0.03914421113916637 0.02008180608320884
0.03941529624851436 0.02094895812286728
0.03820330283935201 0.020254982177989485
0.03756895879145671 0.020562523044970176
0.03729160518067711 0.019933361078712093
0.036637477224284926 0.019496739678829648
0.03713988298592694 0.02109509916182637
0.037847391524517965 0.022840980202924993
0.03671646417920252 0.02145934495225014
0.03644651574532453 0.021055619503221875
0.03692151659711172 0.022380739834532013
0.03635448819714561 0.021540254800837034
0.035933697652689375 0.0209306034631573
0.035684305299252025 0.020400614324906526
0.035791857819989586 0.021692388276113778
0.035557345363791404 0.021473054477289054
