0.12070190967969133 0.054969172739851115
0.07576108716621754 0.03503743721229541
0.05544235745345419 0.030037812587736003
0.04571858923321901 0.024451524035147217
0.044118481289808914 0.024558718317748175
0.04204205869518619 0.023371559554328913
0.04031187320094316 0.022202759657735778
0.03958516189597624 0.022033323577408517
0.038881472298352523 0.021462531938944776
0.03835345150967663 0.021166327923902137
0.03827850835221705 0.021417667678699993
0.03782886615399927 0.021211055096645115
0.03790651746616242 0.022570995689816926
0.03766236727171117 0.021558956030190913
0.03730090756675649 0.021614928449988045
0.03715858351068716 0.021814154594569334
0.03702808251163645 0.0218103432905587
0.03619616705199657 0.02135274520952747
0.0359347487827658 0.022120442006155767
0.03541545772599216 0.022130606840819442
