0.1743592668335229 0.09374866141503803
0.1705726740836798 0.09054571366959509
0.1669037660012845 0.08745218444975349
0.16122822421899513 0.08272518215982325
0.15513490665508806 0.07776892560507495
0.15177214149400886 0.075187858524869
0.1458028572496666 0.07069169197311914
0.14204787370138944 0.06807483393774043
0.13817239024626413 0.06513363892508346
0.13393582839894003 0.06248373727221602
0.12718141793381804 0.05758780879859668
0.11959256668019003 0.052643048961465336
0.11511098324859782 0.050096499021710296
0.10787201645907692 0.045976005260034376
0.10339971182673262 0.04350337165802833
0.09962938809641708 0.04170324476017394
0.09309291929371274 0.03854239767079308
0.08911955360338386 0.03684463473988962
0.0831837553868744 0.03467860456317568
0.08009473874271944 0.033761876271223915
0.07449469612727241 0.031976964982271955
0.07187938181479447 0.03174701173861287
0.0695967684728732 0.03177019138828705
0.0674571099234929 0.03185179919204739
0.06311329607309725 0.029517846770365837
0.06210983080066481 0.02988413597190595
0.05796606173364204 0.028104859693842302
0.05475334212964779 0.026355369629942574
0.05177535508020866 0.024752362861538844
0.049956370492246334 0.02416176892102798
0.04968741458525357 0.024075381613300594
0.04955115316802145 0.024295379131304994
0.04807970222351055 0.023115597304245335
0.046701278662584327 0.023035015029286513
0.046375926998965526 0.022679197016561837
0.04540234731213965 0.022385996982829497
0.04546997529943422 0.02279692232545543
0.04529194492212014 0.022955873892169812
0.044234597499669064 0.022451451358586012
0.04325313226982909 0.021868701364026712
0.04279025999176341 0.021856895638389304
0.04282577126834847 0.021862529299897612
0.04240726294994803 0.02155814560470878
0.04187647062743911 0.021218460779287893
0.0419694501328027 0.021603281016395335
0.041630218572888886 0.02134223805749041
0.04123302085069717 0.021198786818858884
0.04135223762121999 0.021160695170782715
0.04096445754511737 0.02089103911932509
0.041253163218311205 0.021671600125896074
0.04090792772947227 0.02118547113699925
0.04073656678835651 0.02114628109360146
0.04100700692020317 0.021446198340983706
0.04094077697696452 0.02195208090372966
0.040816887292062974 0.022093270581477854
0.04079922501630158 0.02226557831145193
0.04029209889847917 0.02167926190554737
0.04009954466279637 0.02137907613154473
0.04045443958274092 0.021662628098262846
