0.19015346787112633 0.10861278422034187
0.1830515261920299 0.1025804673433932
0.17328574786445353 0.09489841082593206
0.16303882760215296 0.08667214114029839
0.15644307775057406 0.0822884917950224
0.1504892529635154 0.07731067973072743
0.14030577198594785 0.07031046835374857
0.1299903142969992 0.06323706410627634
0.1195719258894226 0.05631087648414171
0.10910536387393775 0.04993147509139514
0.09914782066316016 0.0442455673016753
0.08951690352199576 0.039039219156543674
0.08407192504612093 0.03676322857943692
0.07959090746006123 0.034546962505523506
0.07514174846948413 0.03348863026431171
0.07215865984951818 0.032237224622411846
0.06586267499276294 0.029733349270588606
0.059966405544693145 0.027668121890026678
0.0574381248482057 0.027475311156004358
0.05327565488507791 0.025820730944080175
0.04997040586116126 0.024455341370604525
0.04696200381663003 0.02321456300757921
0.04508913142841197 0.022848638859193856
0.04475312841920495 0.02284175324017022
0.0444498033497169 0.022864950995191462
0.04322620616671246 0.022640137812301016
0.04270224271479354 0.022676911145506268
0.042621942188143976 0.0225933670641646
0.04189222750316468 0.022257910908870405
0.04118071088490864 0.022427342969504764
0.04119713610152984 0.021874331808165594
0.04132636249950935 0.022396573445802412
0.040845991994153924 0.022300598262463223
0.04042276475992582 0.02175490558409176
0.04038096862089818 0.021607692979162322
0.04003830784083494 0.02153474401343001
0.03978330731108816 0.021639344312385414
0.03998059438278291 0.02162198016958875
0.03972023697083587 0.02211357423590374
0.03953983270274812 0.022253787310245313
0.039629272990396786 0.021677471183000917
0.03947276865827944 0.022235080351126795
0.03948875066237513 0.02178479329827337
0.03929569207774812 0.0226162324654455
0.03942298271507566 0.021731864624988335
0.039160052274737255 0.022231472704880857
