0.1893456600624694 0.10701516217087707
0.18327395807814797 0.10217642398135897
0.1772612613302303 0.09735641655941447
0.17119891826923078 0.09240443594959193
0.1648405346643802 0.08770358335545554
0.1592393434590887 0.08334277291629603
0.15350792159174426 0.0787839646908635
0.148448820660828 0.07541167729691113
0.1375606320431161 0.06750941620117361
0.13140115905193533 0.06291082273957314
0.12539295994610486 0.059508902728398524
0.11448460849461048 0.05248969688340876
0.1077173605156786 0.04864904257437233
0.1022679695155561 0.04544190082913127
0.09209811175587947 0.03980781624398183
0.08641280507410583 0.03716424257597069
0.08163738095602646 0.03526211412664283
0.07347090695431162 0.03164828126911081
0.06926807095173934 0.02998217949343839
0.0629457689628246 0.028309109329307785
0.060050584119304265 0.027328461350293543
0.05524033676812837 0.025749416924778452
0.05080235542473052 0.023930396076793498
0.04744961205444635 0.023105628803051614
0.04512572345051445 0.022280641646386042
0.045135264193410095 0.023225869472458194
0.043752593321288585 0.022545314178711112
0.0421766482422832 0.022103829987001174
0.04151870062163155 0.022155169935078833
0.04138895321686673 0.02203122926042547
0.041257569435938266 0.022228986804244823
0.041298732430487504 0.02305246599839052
0.04142429798505635 0.022871350334369718
0.04072333089631308 0.02282620646991333
0.04058958824565164 0.022812057953885263
0.040811499035399317 0.02296393190365927
0.040329332664747676 0.022979646746193128
0.04000053588926997 0.02318206119316792
0.04003522754241181 0.022636104109363186
0.039929398981044834 0.022691418237691247
