0.17659152186249805 0.09520316351670277
0.1725567284145062 0.09191817886465888
0.16869506261398848 0.08889299304315805
0.16253767441461406 0.08388209199584917
0.15636879544217722 0.07896242522923483
0.15288255234889786 0.07638338761655189
0.14643228349545026 0.07152855046275314
0.1428226294994803 0.06892594727771545
0.1388269334068334 0.06612119617333967
0.13483819880753353 0.06339454718347906
0.1283452513078032 0.05903463562681011
0.12159066848108527 0.05450220853564677
0.11771565423252667 0.052364321028254335
0.11135376857521768 0.04831957606237011
0.10763490435693344 0.04615305471133545
0.10441852206902554 0.04472151365978456
0.09826492582476173 0.041427892975727916
0.09506991637474996 0.039933392552044186
0.08954025953213249 0.03734941890731396
0.08674368306241666 0.03629514291423937
0.08142240181364234 0.03458868187984308
0.079107298310887 0.03365178845314158
0.07647299070810128 0.03334518772660948
0.07425630567662575 0.03323573681588809
0.07028306446967171 0.03189190006694652
0.06898023104420792 0.03181573296335421
0.06531455474173645 0.030457646761591628
0.061993304786167436 0.029249792432970573
0.05900390356881962 0.027991465894755096
0.05672576684057058 0.027306685230105345
0.05617938536927361 0.0270370818044678
0.0552949357788354 0.027395118197915746
0.05349005611480723 0.026259857814641737
0.05199378031265934 0.0256131323648081
0.05190241909116871 0.025145763806078938
0.050467470502419495 0.025086056439750894
0.05036570534348525 0.02491260443553513
0.05021679450024023 0.025353465773505206
0.04880064290109233 0.02407613996486171
0.047615048875620195 0.02347234369041138
0.046841140522042676 0.023599811522919338
0.04682701644682009 0.0236220978830322
0.04612306296208229 0.02345844237763088
0.04546994178467946 0.022856591909143416
0.04525888022263296 0.02289432057399905
0.04472606743919389 0.022877507299174257
0.044024143991030454 0.022383611278985978
0.04415509092572119 0.02302207447506743
0.04372290379955434 0.02300120226519665
0.04345700731088945 0.022560334180326568
0.043072602649373924 0.022358704422909253
0.04284928426272749 0.022540239213336935
0.042991200097870746 0.022484548951274816
0.043037412156870195 0.022562359599709553
0.042776763121237155 0.02289558359368091
0.04274770582885551 0.022830602850305092
0.04223301973992244 0.022848460545251425
0.04230444447014973 0.021978512559208636
0.04205360089419664 0.022355503693544533
0.04177022406701051 0.022571822801663508
0.041761562896814694 0.022089648845552513
0.04176471807158476 0.022368730316324036
0.0417152790204836 0.02244329840461399
0.041618541074764176 0.022737341800847573
0.041546340717355176 0.02218203414738874
0.04138913736621676 0.022863095920753005
0.0413091232831253 0.02262398848316043
0.041353697906963346 0.0225398762301164
