0.17390119836481416 0.09079748012179989
0.1733299254172069 0.09036579085575583
0.17294418476445858 0.09006318743741293
0.17277891119190045 0.08994588981476946
0.17279001895725288 0.08995849651893395
0.1727628346679534 0.08992357828691006
0.17275000030695034 0.08991121606351772
0.1727446670448295 0.08990665596563698
0.17274357353425074 0.0899055079689677
0.17274017789613783 0.08990247853331265
0.17273992849898828 0.08990173446139738
0.17274021626493005 0.08990152186942159
0.17273967910183877 0.08990113920386517
0.17273944888908535 0.0899010010190809
0.17273904601676685 0.0899009903894821
0.17273900764797462 0.08990097975988331
0.17273891172599404 0.0899007990567039
0.17273891172599404 0.0899007884271051
0.17273887335720178 0.0899007884271051
0.17273885417280568 0.0899007990567039
0.17273885417280568 0.0899007884271051
0.17273885417280568 0.0899007884271051
0.17273885417280568 0.0899007884271051
0.17273883498840956 0.0899007884271051
0.17273883498840956 0.0899007884271051
0.17273883498840956 0.0899007884271051
0.17273883498840956 0.0899007884271051
0.17273883498840956 0.0899007884271051
