0.18250378604944203 0.10575206662859621
0.17605009245253878 0.10047777461483008
0.17054607136465708 0.0959142503203995
0.16500085343162252 0.09162956508874513
0.15961348970488734 0.08768154964949398
0.15397053699695032 0.08328354423999028
0.14849497639809567 0.0793184708933622
0.1376846062998882 0.07179425600162133
0.1271402632491812 0.06431100813980467
0.12078852753473789 0.060162996558812645
0.11489728291580047 0.0563417555735013
0.10431355292317951 0.050002628277189765
0.09455738921630155 0.04397797984918436
0.08476059366051991 0.03852822389917911
0.0759602360236399 0.03407244440395334
0.07188535379567161 0.03257702643192339
0.06516929605068005 0.029841756997690913
0.06135506382963728 0.028394842392272572
0.05649450643613083 0.025775388165036127
0.05450287071721352 0.025544599317631915
0.052611406918036244 0.025020260176136865
0.051036451144793486 0.024875133096992665
0.04987895099004197 0.024318188644875817
0.04839942691377062 0.024461673050776418
0.04585747527193365 0.02332861692803855
0.0445742347231143 0.02301454805371111
0.04330449183892604 0.022568409868995273
0.04216658460495156 0.021974919308869266
0.04111418811686099 0.02115045783164456
0.04128448660495401 0.022078840644489818
0.04063616298521495 0.021776611694961718
0.040024260077081576 0.020751785890613952
0.039825702200321396 0.021064178375087696
0.0397117788464485 0.021503141665176303
0.03985875448089907 0.021833828782285084
0.039498219840461916 0.021187651298567454
0.039443513360418424 0.02127868749447587
0.039506079512860615 0.02138316717715952
0.03931458408921532 0.02136463383092504
0.039321328133427064 0.021438718663944423
0.03939812213633088 0.021951684518523785
0.03910134349213188 0.021490332050670767
