0.18814459570957096 0.10915527556341975
0.1753294574714168 0.09860507987675789
0.16418598995781275 0.09010014655240443
0.15313179703154467 0.08164190905553378
0.1469294433977438 0.07733188843071066
0.14183178484561626 0.07352865518738026
0.13029605398458372 0.06572295813060562
0.12386661465393191 0.06154300659137169
0.11168769813644311 0.05415792807350172
0.1013823968892425 0.04825154898765402
0.09115890749928787 0.04288097608799471
0.08199911613650204 0.03846143073464304
0.07708262063301755 0.036693707196731595
0.07260449817303159 0.035269412708714296
0.06551725947218048 0.03233175832442148
0.062239029863505324 0.03147370787872665
0.059669975437833964 0.031256590351249565
0.05460613417996375 0.029112501951594337
0.05057413046340906 0.027549996105315003
0.04764794891179966 0.025938267244440635
0.04697110423235404 0.02562107204435927
0.04608356212644144 0.02604120427911932
0.04530734707120265 0.02606921061453027
0.04376557868886777 0.02547962663066549
0.043342169474341406 0.025377930601645497
0.042073447805857596 0.024781713748135994
0.04105016650521079 0.023934415141616868
0.04131462820179897 0.024076471757241053
0.04044070222103126 0.023645226276946457
0.040716185353189334 0.024503959674363515
0.04016435339299834 0.0236552180998087
0.03967530476715361 0.02404990838986579
0.03986759956164422 0.024218775511037096
0.03926227910702622 0.02386577982223229
0.03923486460497333 0.02428280555674607
0.039305650230550396 0.024088073964319924
0.03921977607742638 0.024287264673438315
0.03910732913762916 0.02433491185001279
0.03908828622643235 0.023932924340386626
