0.18503405175480345 0.10453868486038227
0.1773238595801523 0.09814373788945854
0.1662785434616215 0.089588781075718
0.15497935520847644 0.0806945018141797
0.14771353509913548 0.07601461271483345
0.14083836490552568 0.07061092685610344
0.12893408853808902 0.0626880318088689
0.11737226931252821 0.05513256454266753
0.10507922129217122 0.047302390828443376
0.09307185129555669 0.04047330142365762
0.0829048242835309 0.035203487115481734
0.07364751853117088 0.03069693657335489
0.06888837430450612 0.029514676591078134
0.0651909756295017 0.028746783995113243
0.06164056060241791 0.028589393056885924
0.059457899429069434 0.02813159722174573
0.05462758245803731 0.026328417364080613
0.050713872113148394 0.024285656024256762
0.048770191133556906 0.02545324687733291
0.0460354836043756 0.02395788286893581
0.044013778054346656 0.022741363648683142
0.042666598844768706 0.022189269140402
0.04170683050587061 0.021730562012747975
0.04135991728130581 0.021236134898823804
0.04108042985846025 0.022259017861247503
0.040979075538977096 0.022071154909520874
0.04094940665294487 0.022465499323113362
0.040714436933607934 0.022685654193094866
0.04014240528648951 0.021665944672836984
0.04003149195091555 0.021922015188951892
0.03992128535963903 0.022202612875049405
0.04008172589813161 0.022224847072250874
0.03969436294231939 0.02182289872671208
0.0394693163920672 0.0218631215701094
