0.18167536543722546 0.09633829435949659
0.17769180168580365 0.09306730007931331
0.17362140599260667 0.09021516954430768
0.16624337212209758 0.08432738199898579
0.15756420929079562 0.07805259766661324
0.15326472588531045 0.0746410411703827
0.14344899153911397 0.0675162823747568
0.1381293189985684 0.06409882638915756
0.13206685416033398 0.0599776201548406
0.12632420626335994 0.056386865994345815
0.11587989790371529 0.04995575328998276
0.10598590181731939 0.04452911096282085
0.10081857777629334 0.04234044088843352
0.09294388396709288 0.03821414479274905
0.08872117807695325 0.03702603459231711
0.08549894507042771 0.036021129714755316
0.07925924942117146 0.03343183951281725
0.0760993730097981 0.03295479320071382
0.07114141085396974 0.030745987677936803
0.06887502344117705 0.03053577316494683
0.06378860401815481 0.027621166335849066
0.06171794277319236 0.026934078231395913
0.05950291432816667 0.026239117844011152
0.058012790877429304 0.02618063571472492
0.05460115162825786 0.024302792625035926
0.053804534634415695 0.024214454113825664
0.05078691878137747 0.02257398315904669
0.04889940609556401 0.0212311476500666
0.04716867064472123 0.020257182706570433
0.046086699453161774 0.02008452818593584
0.04577605597906289 0.01999042512335708
0.04566289101568628 0.020290857833900087
0.04462636104376667 0.01946417232010109
0.04394169769430744 0.01981498278363838
0.043733369978685384 0.019680503572640083
0.043170322098625764 0.019543777643938474
0.043101042312703466 0.02002517975468833
0.04322629652690618 0.020307169139364138
0.0426513365454385 0.02013705280251329
0.042309050355018925 0.020065259039507427
0.04206995130670007 0.019730426584573697
0.042218814271724 0.019671070057046172
0.04192835625563814 0.020157024975922744
