0.18085325005761047 0.10454533566681766
0.17352622547877974 0.09853998123177038
0.1670443969839083 0.09319376764268826
0.16070567533561161 0.0883418233735582
0.1543909516635941 0.08371695103273599
0.14793712399978426 0.0788341439273936
0.14144843894026163 0.07418106292190538
0.12775374383751886 0.06492561608716248
0.11416835156847556 0.05568089383175712
0.1069038787777756 0.051303032073785795
0.1005355762241611 0.04756664905274991
0.088689184952882 0.04113827793552236
0.0786595726376032 0.03533724346029394
0.06933283002062945 0.030607477396816168
0.061654047395639254 0.02722406412616559
0.05845700654338436 0.02660929433907935
0.053320003188494086 0.02484537886292011
0.05076441502701563 0.023943003694434164
0.04764426633379258 0.023170556157263676
0.04615075620630185 0.0219777299254864
0.04514795010933731 0.02269907926573272
0.04464988197515641 0.023244498031856273
0.04382461876734443 0.023253709409732964
0.04328194465810028 0.02343169804573565
0.041837704118780523 0.022648906252589435
0.04143877367391741 0.022192944396357665
0.04047968775281188 0.021386348676487647
0.039651661809103435 0.021542579309666812
0.03939450472390491 0.021826238499021537
0.039348385708038745 0.02159151155155877
0.03935837129852762 0.02178869707668251
0.03899883018963036 0.022296024165390362
0.038715599485152435 0.021939203978132735
0.03851494441892492 0.02147471991153452
0.038569792148030704 0.021472829084040652
0.0383867213930333 0.021665510070056317
0.038077833634307154 0.021880818947435838
