0.18774548353272827 0.10880977108436193
0.17409434686493203 0.09760039145836054
0.16193339653440791 0.08838322186710859
0.14955007986847793 0.07892803961455884
0.1426686561652817 0.07416394378864072
0.13725028247104845 0.07012200164529182
0.12413183893026579 0.06135909858791307
0.11716111186313943 0.05685699579816212
0.10377747282261708 0.04874791936233292
0.09279245882875117 0.04258849204769952
0.0825210564094914 0.03736354730885771
0.07386733023190711 0.033288111299722714
0.06901500173733892 0.03182494702633147
0.06483216550240403 0.030995346701797065
0.05867784480038406 0.02858167041763949
0.055820223484402014 0.027815762649052486
0.05301411227199729 0.027407184788176758
0.04906014108665331 0.025797193866704492
0.04580782000493576 0.024625121156167003
0.04400462585669839 0.024308869332978218
0.043547159542963225 0.02431868842486013
0.04274590405469118 0.02421444926432972
0.04267844692184062 0.024640449037621637
0.04131617734178552 0.023966678631343063
0.041434794462984245 0.023506794354509534
0.04058932853385785 0.023955009989271758
0.04014005155921563 0.023693553747843467
0.039770504934840585 0.023260434800762203
0.039606850045704904 0.023804545361004986
0.039443725125511996 0.02393637098779416
0.03927324538745727 0.024347143860819945
0.039237327401825006 0.02386070950360964
0.03922565129873758 0.02434386994439274
0.03891866019400489 0.023973579898357224
0.03911631462916102 0.024224231152615867
0.03860641256473583 0.02425027898444983
0.03867460589878742 0.024467128114557483
0.03874792386465209 0.024243292680645356
