0.1857251730156786 0.104202626120936
0.18069897185815775 0.10033518409966531
0.17612391291033808 0.09669685465567181
0.17179901855707985 0.09315997539222336
0.16673978365384615 0.08950512486830912
0.16238512830720236 0.08608211781329222
0.15839243745406664 0.08277496462762408
0.15408400255695737 0.07992294194795466
0.14849135687163156 0.07578130863544631
0.14415584999693778 0.07223806091102283
0.13974643825024496 0.06979562311150429
0.13448115392270946 0.06621254128804094
0.12983850594071533 0.0632099938167836
0.12578032176322881 0.06048064952090931
0.11933627243079373 0.05643577012403265
0.11399537029948555 0.05340797140640289
0.10955826456087703 0.05093080296335727
0.1028054664533317 0.04720746840982754
0.09859425718091622 0.04438812956227206
0.09263645080536502 0.04215519675536632
0.08874565546913278 0.04006537244193093
0.08372785628980892 0.03777621204245241
0.07944982832404458 0.0357398437109097
0.07553520026947574 0.03434493087445517
0.07115491314766047 0.03258157298141178
0.0687401769582925 0.03241741816315908
0.06497768882441206 0.031138082306445696
0.06228725674454924 0.030330509334415584
0.05964426043452964 0.029257247210863837
0.05739459727921362 0.02852014535857443
0.05528760985730034 0.028417012123551747
0.05390850839049485 0.02812999704303616
0.052693523012616365 0.027804868922414273
0.050691254095725134 0.027294132468157914
0.04908305518128368 0.02639649165013871
0.04907322257012494 0.026969772580466945
0.04763535031847134 0.02653345699476572
0.046871296622366485 0.026078052313763398
0.04623314819634983 0.025690800480689044
0.045387022101604606 0.025624854605809964
0.04487409951463743 0.02541454880501829
0.04429802811887555 0.025108680799749265
0.04373800469285889 0.024762370624145224
0.0432343788277805 0.02498877945584221
0.04281616988455414 0.02513156491143702
0.04229935731565409 0.024941558919328744
0.042195016803956396 0.024899946754671377
0.04187820098144292 0.024902710221539483
0.04153369595173934 0.024643872730504193
0.04146200162297893 0.025040853704300835
0.041157487330046545 0.024255969392470756
0.04119728189306712 0.02468092707505198
0.04095420826188143 0.024720440850820306
0.04091339455230279 0.0251695503651555
0.04095969155744733 0.024942104554731975
0.040605023770516904 0.025213407507317705
0.04035632330199657 0.025124946706894347
0.040376825851298384 0.02485240046567837
0.040238111870712884 0.02525298371897794
0.040275408806957375 0.02463853581904771
0.0401333670496999 0.024419467276556386
