0.17485511284245567 0.09078378208458614
0.1700792219858017 0.08697909182105588
0.16494058657485489 0.08339388091360928
0.15897597524489135 0.07874303223347133
0.1541253943633315 0.07545580761062412
0.15034972742354194 0.07246588378733529
0.14520139188500156 0.06877596638925429
0.14114907500808951 0.0659727697706408
0.1369436340044762 0.06314167337110618
0.13213524341134394 0.0597600623158798
0.127036490558568 0.056082224567576604
0.12147447761413555 0.05266255020125409
0.11737870646375902 0.049969479183362996
0.11086397437343112 0.045982773750124356
0.10652448392640022 0.04326482826127658
0.10291562470890042 0.0416222468761745
0.09779097931415712 0.038651549019154026
0.09385630880211601 0.0366282805478906
0.08785973397175047 0.03356244330444984
0.08533989361995509 0.03290634506112238
0.08117347336653298 0.03136916104921571
0.07831274965619607 0.03079312422016631
0.07572998774623961 0.029999143629475537
0.07341846553442206 0.030107007669314588
0.06995819158826384 0.02882049528161755
0.0684791423700654 0.02870304524624436
0.06580083468209474 0.027997934822484635
0.06349320018183 0.027736335919018893
0.06139355824963965 0.028337255315304982
0.05930029369649896 0.026874848545588578
0.05789798369106919 0.026897553213502057
0.05692391564638816 0.027185259921246298
0.05554074256592946 0.025972367007697814
0.05379279010678146 0.025602161905391923
0.052725551043852466 0.025850410043117982
0.05177073483187314 0.025226958699558665
0.051083246667369395 0.024943329818180437
0.05083300635700208 0.024865578542465787
0.05013419978103183 0.024558610784573144
0.04924353559749568 0.023564652077587494
0.048648945545379664 0.02358079066241129
0.048648892879336464 0.0230838355977585
0.04777193144267728 0.022953148144565793
0.04735599418474957 0.02283865595015697
0.04728897903868499 0.02328253180305149
0.04624182967732684 0.022747432464502455
0.0459455448817339 0.02265940431069265
0.04581919425626814 0.022600888446906366
0.045208129308273844 0.022154427181928033
0.04525742951253383 0.022132457926115637
0.04465258394545958 0.0220736357530689
0.0448599157940829 0.02188133425960534
0.044614736211685165 0.021633994254620623
0.04464732212896141 0.022010251326235436
0.044498870916638886 0.022266721236313618
0.04425738753290957 0.021781477440698097
0.044182405450855035 0.02143148335206201
0.0438371172959729 0.021622269491783332
0.04388249627392532 0.021707393779828856
0.043658378320986624 0.02142610742213408
0.043480285701985116 0.02161322729639
0.0436940571713455 0.021489983023288268
0.043454766610142276 0.021810935755521534
0.04323614986480723 0.021735138382049764
0.04291919604116822 0.021346535832796748
0.04294998652515346 0.021794865989077837
0.04281026351253628 0.021191405710248
0.04270957082575453 0.021555317304224608
0.04263038982371009 0.02188949261109737
0.04257122191808274 0.02130596942179693
0.04254353873064647 0.02107546023357703
0.042247206056832444 0.021682001146951412
0.04218196240494833 0.02091714017670358
0.0422336660959072 0.02147998141871352
0.04226132055641081 0.022184696474132667
0.04215241675471152 0.02128780136945014
0.042253186046647025 0.020930192729462824
0.04229720528312039 0.021281679232381112
0.04213235578007334 0.02182351872404009
0.042008796454897336 0.02140797310428734
0.042119136603229426 0.021623151986304635
0.04204551905047606 0.02203074031218565
0.041913514007099154 0.022106482361077335
