0.18727280686367828 0.10638542450020859
0.1818845116762016 0.10182308677460258
0.17600292334357154 0.09731041985154466
0.17003265417394461 0.09238573078026194
0.16517604152356094 0.08923674877762439
0.1604770879536043 0.08504113124121729
0.1546288100369458 0.08104459359527325
0.1480783589012178 0.07626793059150218
0.14332875931618355 0.07285494178706306
0.13803904417735463 0.06930728539125626
0.13212446166687927 0.06535845122813927
0.1267545849545169 0.06192919317205614
0.12198344284499932 0.059290599303695325
0.11791059285027378 0.05609980505630544
0.11344332683122191 0.054209366260168736
0.1103754241040763 0.05216831225367227
0.10451126720028751 0.0486150433680891
0.09912019295048868 0.04621311752611486
0.09427251163142994 0.04394012885375955
0.08947193062724472 0.04109112290449895
0.08503904831719919 0.03954487125002058
0.08109529055882382 0.03749908656326849
0.07651710641271123 0.03597215162981128
0.07397683262485771 0.034725302450480576
0.0709013162252468 0.03425287769022127
0.06778790874831953 0.03291208229353071
0.06452133660554825 0.03199504595658868
0.06262523029801974 0.03129891764608812
0.05984047089811934 0.030348787989533475
0.05718569015962014 0.02917399792559805
0.05546285838787706 0.028658930036235562
0.053906329538680256 0.02829769904429645
0.05155969889683875 0.028200828650076025
0.049825329224972036 0.027114503647056965
0.04870529044536141 0.026366386098642246
0.04727476811503984 0.026079615745899568
0.04639277998075432 0.02547318810175325
0.0458090523144491 0.025376164932023153
0.04558700523491011 0.025572430536781737
0.04502779560636763 0.025875727447289984
0.044350379999398955 0.02495712047089765
0.04380592335859763 0.02500948226663364
0.043701042504857415 0.02461830459452672
0.043557633306061466 0.02424589150738846
0.04307982145463712 0.024622970948251964
0.04294297180121877 0.024661132662404762
0.0426469202086359 0.024108380147323194
0.04250651527203992 0.02459918085309673
0.042440407129180326 0.024104791262981953
0.04203946989137048 0.0236205947476616
0.04205680069898975 0.024926503722704968
0.04233276637906502 0.024418074867332964
0.041724645253652874 0.024630036145506268
0.04165511119775823 0.024840255246814893
0.04171207718387534 0.024888703845285604
0.04176858797875002 0.024798276825192398
0.04129276459433203 0.02479596643064262
0.04116888549557926 0.024360518704268124
0.040961778271765156 0.024669942716795845
0.040948021913270564 0.02402833918161558
