0.17201366134860363 0.09237991764629848
0.15336968129899559 0.07753467678578378
0.13394240338682017 0.06358469060637564
0.11218568180426261 0.050086468824010966
0.09732074503919647 0.042719248032107554
0.08779689222501225 0.03923892211371142
0.07212528899742773 0.03482409648423601
0.0604742332955659 0.03144022044582397
0.05743354973052425 0.029998931314698787
0.05098099794065409 0.027431415421452478
0.047140557056896126 0.024916128509092576
0.04595102163461538 0.024728796401920532
0.04561779420320921 0.025181364321746853
0.044716758597195004 0.025235881713802037
0.04315485668789809 0.02341661383685343
0.04240225762493875 0.023228470063086527
0.0413773789655806 0.022373039979905848
0.0409317056972685 0.02267000408406742
0.04042181184162175 0.022190108245811604
0.0398997863141536 0.02207352143338388
0.039936760281418425 0.022726029438642478
0.039734907061489466 0.02221204903261069
0.03908854804630083 0.021243710425417103
0.03883432121968398 0.021031462325466165
0.038815706244641104 0.021400157125622665
0.038907154313143066 0.021588841105584806
0.03898085583430304 0.022370360665761625
0.03855686694252205 0.02154802160529432
0.03849035686397599 0.02142562689761678
0.03849889281449045 0.021338090419854117
0.03856905363868814 0.021810647326206273
0.038689810544004166 0.02299529372362708
0.03823946499111955 0.021588763739370912
0.038173734822850316 0.02199031474899512
