0.16218314576306087 0.08184924562533162
0.15124943580304265 0.07349832141445768
0.1344093057029779 0.061664480095327975
0.11252521458635668 0.04807417241768825
0.09304598906139688 0.038662457407090116
0.07231833892142395 0.032360105241276915
0.06290053483420194 0.03093710036761861
0.050952141734549046 0.02745143052415878
0.04595061039752559 0.02516164870746236
0.04492537968578404 0.024482627196661104
0.04215086550034809 0.02341113851228113
0.03873553005250824 0.01869384096332519
0.03744843419831787 0.017241613916343795
0.03727647956726055 0.017368562237550986
0.0373529506619911 0.018719987899623744
0.03745971909502961 0.01979524135420927
0.03755801308293458 0.020417503893986836
0.03752309789020214 0.020535758159841207
0.0366734988568979 0.018033030685030784
0.03674364523862199 0.0190098752054512
0.03629238582308254 0.018241345270977958
0.03649189676429023 0.01911335510966379
0.03668891325017895 0.02012595010385692
