0.16561361580438919 0.08528975806557418
0.14592470312224204 0.06994016073144997
0.1076018023648483 0.043361686071322035
0.08324112722229304 0.030219377636045496
0.0693146543785792 0.025550983894918628
0.06368164177414491 0.024558658205369177
0.05571244150086293 0.02429851432855588
0.05331334772420277 0.02385446387633684
0.049603807392893565 0.022652450542642137
0.048912706853745415 0.02194844772395511
0.045864949501975914 0.02177143417231624
0.04541761132762704 0.021479448328933594
0.04520319046295525 0.022017307831074886
0.04392870735599835 0.02224501632898124
0.042271472806941206 0.021426251610197403
0.04192358833676136 0.021219539119726526
0.04149006862999863 0.021364713402124855
0.04090544594330395 0.02141730726787263
0.04043678634270382 0.02155250682834182
0.04007540420789288 0.021195164707959995
0.040025562441317 0.021860896476865635
0.0397927768044946 0.022050716945681236
0.03964180070931353 0.022706739679545253
0.03673875661294593 0.01937305840877798
0.03680016883237071 0.0198685846839542
0.03575504547396252 0.019201513691295767
0.035721571840249856 0.019260666112038322
0.035796311746620596 0.019676289415957966
0.03570630497126218 0.019872131671335707
0.03591752259448729 0.020670284752039095
0.036046107122216314 0.021550032029161188
0.03571050653235257 0.020911127892572257
0.035616228768398574 0.021046788696267485
0.035583305766623684 0.02098370087279518
0.03546238459903729 0.02098361455827335
0.03550708873022858 0.020983358312036664
