0.1929299898460828 0.11290609956991793
0.1878281107268093 0.10867635898995341
0.18045723552544987 0.102511829467901
0.17343791438295617 0.09661187065972222
0.16003532115906904 0.08667703839138965
0.14471837459973677 0.07518074994965822
0.13924610234460946 0.07114487730721819
0.12466782218121365 0.06129993424105005
0.12093160348400911 0.059078316205223025
0.11495835950084964 0.055228015098452196
0.10931979690016992 0.051855535716472376
0.09537068819186606 0.043868346232564054
0.0894782201085622 0.040776769942998135
0.08422314399408691 0.038588656402556
0.0795455949403534 0.03673285335167407
0.074982826128595 0.035381225458382314
0.07190634442559769 0.03408403174049221
0.06770592089552147 0.03281974460305507
0.06520045794688285 0.03169723771167358
0.057456196843875235 0.02854414261911273
0.05178692961720837 0.02631964927681312
0.049521204474660636 0.02597533265542004
0.0486551153197072 0.026091532771988474
0.04813224460350611 0.025406223936223767
0.04663063875444464 0.02585089725718935
0.04369188183117977 0.02451236502960641
0.04216012290751955 0.02339593029653349
0.04203545310934553 0.023493610994610708
0.041338071533855394 0.02362231417675543
0.04108694778866837 0.023572689894806088
0.04022336219740836 0.023112135953248812
0.03984295240873139 0.02315149470016708
0.039794845137415526 0.02309694359917875
0.039606502328525264 0.02331198569749216
0.03964442268550237 0.023098952593349986
0.03960241125605306 0.023859059258397552
0.0395149400019522 0.023985734844573156
0.039592831048241545 0.023867424752644983
0.03967870280331605 0.024124405932982845
0.039527712013667886 0.02381807684026417
0.03957520538430796 0.024521628724951564
0.03974105448874966 0.024543438004268166
0.03926807759075294 0.024268851550934997
