0.1921216693183824 0.11387583837295055
0.18623394874384672 0.10867662920386247
0.170899873931142 0.09635135784826873
0.16440923532526625 0.09133162893801375
0.158309267685187 0.08639472960077117
0.15450462124796524 0.08374212789982267
0.14868103253581655 0.0792406853252193
0.14319716936496107 0.07560969233533951
0.13723065575418228 0.07100129527887186
0.1329936435432152 0.06836841644616183
0.1261287571675999 0.06350949149007866
0.12229394567639588 0.06119053857326929
0.11770272869822412 0.05773222857362836
0.1116619803260262 0.054741306315046624
0.1059875314712487 0.05090547817554578
0.10148254824263567 0.048590004812897734
0.09575554516047578 0.04554316153348451
0.09039179636171527 0.04260344266765042
0.08559949817607719 0.04015505573069731
0.08158395491858537 0.03793203331291707
0.07668899978733158 0.03565341355376221
0.07380699701314254 0.03482119860488112
0.0696548587302531 0.032938328230994234
0.06063124617717792 0.028222496568134612
0.05868736700562867 0.02827502434932661
0.05218053024457481 0.024857176979122934
0.05071312485903822 0.024818019856828376
0.04983078266574653 0.02482094645858422
0.04754849946955471 0.024345321075347745
0.0466753552236757 0.02420202817979246
0.045735249346059936 0.024682403559058468
0.044784844257155954 0.024426745340051594
0.04380540410676813 0.024101703732136347
0.04387037388732128 0.024192584831638345
0.043063003823434955 0.024081721920332387
0.042921362136625056 0.023475130434189667
0.041607496875858026 0.022545837272871967
0.04121525062390908 0.02245417394801587
0.041073278557936514 0.02247746942825951
0.040102615001826374 0.022320598179488633
0.040107257068466975 0.021847555488585076
0.03945133951609048 0.021835146427407415
0.039445035977428954 0.022058865576007877
0.03960852099380504 0.022074644949530174
0.03934336059309361 0.02178552501800521
0.039691326461038165 0.02206130665857842
0.03931772747936442 0.02204324939087842
0.03904022813514312 0.02190055530231834
0.039079801813105525 0.021581611006171834
0.03900408752761012 0.022062319505545536
0.03895219884665688 0.021719928678742183
0.03923517578163305 0.02228399138158131
0.03872088794580694 0.02184325055180874
0.03907469290634377 0.021910787619148567
0.03884328384936579 0.021620792404425656
0.038833499359236794 0.02194188782029593
0.0386512880688727 0.02184827702404101
0.03858165946331562 0.022343471527773943
0.038576991062104084 0.022188818831947007
