0.18964818087273494 0.1059701904037794
0.18483469603687833 0.10230731458093828
0.18115785932106998 0.09917809156128404
0.17676522404862527 0.09556750691228003
0.17172201950796204 0.09184006595510369
0.16681498062808872 0.08789169910648158
0.16316742623230115 0.08529462298193204
0.1577962654527916 0.08135229595819884
0.15284794597069148 0.07757090139102295
0.1494939329484282 0.0754518566259783
0.14432543110316323 0.07176592799518317
0.13127413445368882 0.06312761822900546
0.11810433920700797 0.054474524655525956
0.1052005457810784 0.047111740625069086
0.10087862664118881 0.04497428491927728
0.09580689625639806 0.04235198348497054
0.09206855517777299 0.040826792762521553
0.08714072757430087 0.03904078037948797
0.0766112007689319 0.03439679194728013
0.0723258941047125 0.03346118043158052
0.06949636784324012 0.033006952135310734
0.06735318066896523 0.0333304174131077
0.06534812695036721 0.03286040676833464
0.06278503820145807 0.032231908743567884
0.060331236280016964 0.03201481509132777
0.05760623296301381 0.031844623189196807
0.056570181773305125 0.03231575381937152
0.054878850098422305 0.03137689569538712
0.05328797650703787 0.030878367253652006
0.05244644016616577 0.03021103407242798
0.04864227132135923 0.02748344591408599
0.04830470592353948 0.027648032491688682
0.04822145048487998 0.02801280499010656
0.04801241417158574 0.027954986755781307
0.04555134912400475 0.02649592374970983
0.045789753938117746 0.0265336119331654
0.04563239258884972 0.02682714256499823
0.04549629395756932 0.026721038116681774
0.043636478822658455 0.0251499414865651
0.04355286908516287 0.025805980357172468
0.043855445079007495 0.0254948592076337
0.04380296097304479 0.025644303042854064
0.0437053181289467 0.02661412673912413
0.0436170929309377 0.025886635498651396
0.04366635004479869 0.026346358470289287
0.04357980058452796 0.026624473784979383
0.042512030073344836 0.025300462127027048
0.04262155629191834 0.025271623177624526
0.04254566452366303 0.025384641849071177
