0.19042865253885935 0.10849829371733928
0.1837660901958668 0.10338227610250526
0.17701001719722098 0.09778848390430134
0.17036594999313093 0.09260910465703495
0.1569973952711322 0.08240233903272111
0.15047323023178222 0.07736647763529499
0.14524261329067964 0.07378502300831338
0.13203184222776382 0.06450037283657013
0.12501503568546013 0.0601136143756587
0.11747555460117658 0.05505775814837026
0.11090725038577218 0.05124708129089452
0.10432637330910349 0.047424605875636745
0.09865201677894334 0.043940372758520606
0.09365973797237159 0.04200618924144783
0.08853514705034542 0.03939348680156826
0.07787562707145555 0.033916894861459525
0.07246741367350794 0.03227795939778017
0.0695796325167311 0.03144547492448923
0.06180104186854798 0.028423001764948455
0.05820383318174347 0.02710145876274866
0.056297755790262596 0.02702723934804118
0.054799084143720686 0.026874908763537732
0.049914776699850845 0.024500683533711903
0.04911022857461778 0.024791107097326213
0.04828550349862864 0.02457896624092224
0.04700008655341687 0.025263907095679453
0.04435200431341138 0.02358604604029894
0.04444809278894275 0.02344066272107742
0.0442433429766157 0.023593767904217626
0.04270043153279738 0.02225369886126603
0.04125185967184219 0.021880548699300402
0.04089747172792819 0.02113712966787612
0.04068112651763635 0.021470354496647474
0.04052111960869576 0.02193989930453586
0.04061923488312759 0.021830418230087252
0.04053099486291288 0.022022045623977637
0.04055225948116401 0.022467391595215616
0.04036003940672041 0.022786947036279478
0.040370091945947734 0.02257096803022901
0.04048013802241772 0.022478404833272493
0.040268881371067454 0.02276213307718223
0.04023998391440396 0.02289161166176527
