0.18658273694017036 0.105476372693851
0.18007225638701352 0.10054146642532497
0.17348150884761446 0.09514498513799842
0.16696249944802072 0.09015990417576959
0.15378501963512944 0.08020197501317407
0.14738746484198673 0.07529831535678409
0.1421704557232891 0.07177783692006631
0.1290715946251938 0.06264904457090945
0.12225565679093969 0.058451491878046505
0.11477925083839519 0.05348552125588717
0.10831690556125252 0.049793210574869906
0.10184617518227582 0.04606758411165576
0.09618232159109866 0.042674348912590025
0.09134284329737699 0.040871989218187355
0.08640432497227837 0.038381343689447296
0.07612506217433222 0.03320756085032468
0.0710992812923184 0.031838024895911095
0.0683089302273664 0.031032581687832097
0.06078319112711715 0.028058980609753755
0.05743679281488578 0.026860140464269443
0.05558153872349273 0.02677834660060875
0.054262600536891845 0.026795234995107754
0.049889846594226545 0.023927472501694788
0.04892250291475723 0.025103428483993502
0.04788801613128766 0.024678854621526712
0.047617306712190645 0.02499912569524114
0.045131186307724766 0.022955825620725286
0.04514645677603625 0.02348087752365844
0.044946167837884916 0.02358925968654625
0.04327139467836781 0.022294668160443062
0.041819569397901005 0.021568636054128287
0.04124521387970286 0.021722226366518504
0.04071307615136743 0.021234430245768515
0.04087581899924931 0.02108781802178937
0.041093304583390576 0.022351814241876673
0.04107456028717642 0.02170071718291995
0.04096480169991217 0.02262562681915428
0.04063808459205052 0.02227040767753436
0.04092405968797225 0.0225268829147363
0.0406846290944596 0.022631335798726233
0.040671035646514926 0.0227078012814531
0.04062542069253773 0.023192842082484795
0.040646119915350915 0.023437087238096677
0.040519011354520344 0.022853667049652533
