0.18866353043851053 0.10678359559158736
0.18123799990813327 0.10046885120043697
0.17327439827290544 0.09428315908326476
0.16616643955169036 0.08870103201860212
0.1616200315409113 0.08518914882875045
0.1576225751010534 0.08229248177175992
0.15069808189919157 0.07726780406691981
0.14386539801261636 0.07273534378787415
0.1371849258176139 0.0675679756385791
0.13070341208353747 0.06342718928251757
0.12323699128797158 0.05867634454118762
0.1160446682845419 0.05371314718765289
0.11165842417932387 0.05191838675558175
0.10689140203944145 0.04903314818141512
0.10151347570124938 0.04585923318908724
0.09570136422097011 0.04268403147446517
0.09087456171913277 0.040244978786129856
0.08544998430609996 0.03822516410975583
0.08152199251286134 0.03664960252116783
0.07642446066572758 0.03462654117841437
0.07300030048076923 0.03334872821454284
0.07084507823983341 0.0325108005406275
0.06758516333139393 0.0311028060275154
0.06378527778203087 0.029908187532314646
0.06128680889423077 0.0291410241553716
0.05856568758421117 0.028440792054558243
0.052457894414502694 0.024845228481920476
0.050603545290298875 0.024899965756899352
0.05005310566970848 0.02461352617243095
0.04863506610576923 0.024627343506771482
0.04830959471460069 0.02464016729604941
0.04808258340733709 0.024931398156571062
0.04674224778754287 0.024080443098078077
0.04332359482177854 0.0223539115228468
0.04318065592846644 0.02255461984121
0.04240287963926997 0.02253065260252777
0.04206106362536747 0.022338031089469176
0.042016058496141595 0.022581916541693538
0.04191332086752817 0.023610021227768913
0.04186704778601176 0.0235239438496542
0.04170823795780255 0.02342906843998788
0.041366661180181286 0.023774075605673756
0.04085753766536012 0.022956659479553516
0.040733330972868693 0.023487359131597746
0.040284638542687407 0.023289298909432817
0.04016796779305488 0.02283091902245069
0.04022565722991181 0.023144401491928982
