0.1713502163942383 0.09253815960285307
0.16647688378201483 0.08912007210741289
0.16268144313691363 0.08648738314585083
0.15795070144275083 0.08297772672347564
0.15329131744930577 0.07987601486330198
0.1484893616890885 0.07685772707237133
0.14527594785088838 0.07471717858761497
0.14026236077779358 0.07171044688702136
0.13612056908130196 0.0692831065741621
0.13337245494697697 0.06801126734460669
0.12927639652727388 0.06544315431241986
0.11915420326350212 0.059928383977328
0.10959236712376451 0.055158260900054164
0.10029342072040712 0.05019898173410141
0.09735838043528887 0.049283513763071496
0.09415219620847388 0.04843771698030432
0.09113177947950168 0.04765836906635512
0.08799853293470054 0.04603707280140443
0.07914091360991675 0.04140703425965716
0.0755199459903024 0.04073675403250879
0.07322758464256648 0.039288637197013455
0.07133291416269955 0.03828531379281399
0.0699011734147636 0.038989957331093034
0.06749344470548076 0.03879659387556791
0.06495060365627206 0.037202422847417205
0.0622486393392591 0.03626192657611039
0.06064874549102065 0.03547586414727129
0.059200534635028536 0.0344406467973448
0.05834017736544458 0.03417947969547969
0.05664756734205856 0.034007576779506214
0.05216281916005207 0.03016185726763547
0.051788234321682815 0.030133115473593087
0.051323604912903005 0.02990286536633357
0.05132225474706817 0.030489648657718818
0.04837395698252912 0.027713231834624822
0.04830269982607566 0.02823720958319746
0.04831366393870607 0.028760933648329722
0.04741162388983811 0.028176260787267586
0.04495439388776671 0.02596879115069254
0.045014935898339443 0.026967696684765487
0.04506817648019542 0.02647495438447891
0.044908124374901943 0.02681384847321863
0.04491418575769238 0.02681661740098271
0.04450963394074071 0.026719694134199792
0.04439846071136159 0.02706078501358275
0.04426438254101134 0.027290155325080973
0.04229169928769464 0.025498750819559438
0.04238530120993244 0.025674998739139327
0.04242710847259129 0.02593286255875956
0.04215149749286653 0.026131847531372977
0.041917492687272025 0.025376526677739212
0.04185728103642483 0.025806398664973085
0.04172954194254736 0.02577628590084868
0.040637138086611624 0.02448967096027149
0.04054895597900161 0.024718971104009606
0.04058991100932499 0.0250277362360649
0.040448368624306265 0.024824994589525945
0.040473298814029654 0.025739976783755142
0.04044346589446629 0.024298533981749647
0.03954047306899857 0.02407747315230368
0.03925664379262311 0.023878615021410452
0.039013951483811184 0.022919165358595686
0.03923545289196712 0.02309437965309405
0.038976515502738174 0.02322947957889326
0.039013008282855643 0.023465818088721755
0.038938193774574935 0.023309613859691426
0.03918899426012904 0.02395111720891736
0.0390450651457888 0.024087852583278984
0.03918854420485076 0.023738441426803755
0.03925973433179469 0.024588324132216958
0.039116798690542146 0.024744325954246995
0.03857825967186029 0.023694667539539208
