0.16925895315073933 0.08591501393164684
0.16943447470926812 0.08604701568096149
0.16927892794457955 0.08590990787771931
0.169176449400151 0.08580799190492903
0.16913772549493059 0.085775412474161
0.169129950071825 0.08576421262014448
0.16902789285574207 0.08568967286883457
0.16907471775597152 0.08572806542865118
0.16907471775597152 0.08572185828064202
0.1690694320003628 0.08571909475039795
0.16917489814578757 0.08580861261972995
0.16919044899199875 0.08582824879751891
0.16919387707262903 0.08582995441384142
0.1691948729396278 0.08582981947584122
0.16917746441843817 0.08581431240085835
0.1691777708390532 0.08581467403469889
0.1691800881449541 0.08581587768166066
