0.18863099688875137 0.10938754292657175
0.18353970755613508 0.10521576554880703
0.1760758072179986 0.09909095883743142
0.1689746646260608 0.09323531482660659
0.15410374568427826 0.0825772871750234
0.1376005607675723 0.07074389695207735
0.1320247119578029 0.06681648342088721
0.11612205619278446 0.056869607817126
0.11246857020383957 0.054818435397890546
0.10641553831722458 0.051322131819610435
0.10087124783906962 0.04824663811301321
0.08679867794954718 0.041117799360965525
0.08155565922803218 0.03896000940847048
0.07691177878948609 0.037384139499112894
0.07284271081963108 0.036150935965936305
0.06887493166518102 0.03520921994816838
0.06609050841258791 0.03379602541868714
0.0624596935837557 0.03283430183859745
0.06028536770041402 0.03141114737505034
0.05319227296264783 0.028525987264380062
0.04834355593064887 0.0260264769699963
0.047290380544750904 0.026277080391060387
0.04665954963939474 0.02578406896959901
0.04606146170211329 0.0257760887983077
0.04523887316535783 0.0268564918488835
0.04235916581334473 0.024359227057244047
0.04097337616364873 0.023551098522264672
0.04090856168136345 0.024383127710122507
0.040138404099198985 0.02418943250357835
0.04012915961831953 0.023621532901244396
0.0393371102421347 0.023757124063404793
0.03956668751243149 0.023613074398007555
0.03907216893564357 0.023028895565127296
0.03925353342044584 0.023612912296626012
0.039351018929320386 0.023732197654243132
0.039144067256195486 0.0240165128478685
0.03919728716907684 0.02393604147023168
0.03907195071313772 0.02450072296153208
0.03902618393814828 0.024104645508832942
0.03896105051527753 0.02439351814293936
0.03901248867736941 0.025079741124199972
0.03901598503356195 0.02525762745994427
0.03872978981422138 0.02371807888965082
