0.19512282563931596 0.11289447451126967
0.1879264225883472 0.1070907263524717
0.18192814329331072 0.10242753894159555
0.17550399679729173 0.09746623570563981
0.16863243790079815 0.09189824042574947
0.16150338993126373 0.0871132417833337
0.15683907448104606 0.08335969302187887
0.14979795007672772 0.07802464391049202
0.1436720465955444 0.07361116196774407
0.13962920003076462 0.07068063245462283
0.1333719570134776 0.0666442212596309
0.11855719057339877 0.05597080356205231
0.10514646254253118 0.047269391389461554
0.09180022647547655 0.03935319693382865
0.08777852293313167 0.03717540016349736
0.08354159721132727 0.035531237305032944
0.07993292471888973 0.033995251542568036
0.07579817112089887 0.032506108157492206
0.0667692818236194 0.028800127739867516
0.06388515523881197 0.029183724089313152
0.06135080299820315 0.0283361137398233
0.06088906064615528 0.028606958595062678
0.06006910780735213 0.02933911059406228
0.05812384441125569 0.029070996883946928
0.056609169008741564 0.02926677842843562
0.05484832294465308 0.029005128248529802
0.0536563563279534 0.02837145939959542
0.05279404562694884 0.028829201481390388
0.05145368525179195 0.027636568159191778
0.05080757823377932 0.027438616811659888
0.04739505323751765 0.02478953558183366
0.047295500052397924 0.025285389552404825
0.04743070814876598 0.025598016610025812
0.04719888180223123 0.025889069780174988
0.044745424603981995 0.023184663970267177
0.04518613405350349 0.02401926089901784
0.04513837552796272 0.023837186356589362
0.04496910207728663 0.024216829022629168
0.043772251882035415 0.02278045719067115
0.04345916661866077 0.0229551182393687
0.04352263398854232 0.023284264406974044
0.043655213570572345 0.023111597741919437
0.04386834347177008 0.024346542223460436
0.04374375476484056 0.023592856818389085
0.04377699661374578 0.024730438135266514
0.0439317438121421 0.024510230113981804
0.04246726393662241 0.022821418970011553
0.042539598353050476 0.02293828607322388
0.0427837006754736 0.02364032800685908
