0.1885531755267026 0.10669617448449453
0.1808235661134248 0.10014735521996197
0.1725484597011269 0.09374579779301392
0.16516501561734445 0.08797615131350349
0.1605206355646742 0.08441408595417853
0.15642553244426752 0.08146366430885574
0.14921670213743263 0.07629670335016012
0.14208729827596767 0.07165956251181396
0.1350789001255512 0.06636478170935443
0.12833342264821165 0.062164317499040986
0.12051520011636453 0.05736039682037782
0.11301376469867712 0.05240369279960194
0.10852277338008329 0.0507175871070817
0.10365576961354728 0.047898421994181976
0.09818482820921118 0.04478649769871075
0.09232553933427241 0.04179742009248243
0.08753571319206271 0.03952117306421372
0.08224478273517884 0.03785486769324158
0.07844927520976237 0.03650270172591482
0.07356574978564429 0.03474155623512831
0.07028803569788095 0.03363850404732254
0.068269393449902 0.032745665363772575
0.06516204908745712 0.031370023501086884
0.061420288384982855 0.030151918252111224
0.05900285839508819 0.029252735539022193
0.05642063288522783 0.02869203679821623
0.049915243370284176 0.024353757572224972
0.048384518733157765 0.024703384993912336
0.048123966499265064 0.02478730697645409
0.04686348316542136 0.024326340071863604
0.04674591767209701 0.02460009974106587
0.04629067973726115 0.02500406539094467
0.04563856948187163 0.024853874495648295
0.0420194891444145 0.02256500320149537
0.041898368599951004 0.0223177177077658
0.040848264867099464 0.022335551298718673
0.041029065294279764 0.022740233604052466
0.041094175840580595 0.022882390628822163
0.04091508834517393 0.02307732905639149
0.04070143120712886 0.023525960800423358
0.040813757425894166 0.023428509231564667
0.04057446372795198 0.02331079585847853
0.039965143273824104 0.023357107002653275
0.04008669922831945 0.023688739314449998
0.0396119515747489 0.023211533648754393
