0.18785403239546766 0.11036259996947918
0.18164866901439528 0.10497864535572632
0.16376173047127812 0.09104803178722158
0.15673925802317656 0.08569789628205376
0.1498307711742974 0.0802998831905576
0.14516197733824943 0.07706416215874691
0.1386510084436104 0.07230119737230975
0.13221654387159484 0.06804529263902853
0.12493846328987625 0.06279358805669415
0.12000907211604464 0.05976995259433832
0.11253044659448606 0.054720633987068015
0.1079989468469915 0.052208223253546494
0.10323595185665045 0.04895358855213949
0.0968211855436957 0.046184354353566374
0.09072725091441292 0.04229710703501331
0.08649695162498285 0.040689167294460954
0.08042814496447763 0.037716683975605445
0.07563333781244484 0.03571133059791105
0.07172847636254878 0.03413069591687428
0.06834069660705006 0.03264159778623967
0.06421988688736786 0.03064260740720153
0.061844015414170214 0.03018538050375917
0.05882529312388456 0.02922114749373702
0.051593681089610016 0.025086137037595845
0.04980565948507276 0.024075315764415215
0.04534262004580645 0.022806772815690185
0.04457362663393085 0.023058244780388235
0.04401010990881612 0.023274330488464237
0.04279215994350497 0.023079003422888676
0.04278985207747014 0.023424733542755382
0.042368360087469845 0.023445208965731063
0.04182479060281384 0.023419363161100187
0.04190448380257261 0.024299701153231063
0.04155454044775589 0.023568676494553208
0.04121311512961129 0.02371233352949747
0.040927250968039675 0.023539000483016066
