0.19058979227133668 0.10673777172411125
0.18421015336964622 0.10120025084218584
0.17955736699506786 0.09733177268720154
0.17447156998891983 0.09305041663672842
0.1692794641806558 0.08901567867293896
0.16419085193510746 0.08514177601034666
0.16074938455419477 0.08230186006311903
0.15554666893213642 0.07839924259408439
0.15093192659203894 0.07521548303226974
0.14795908166354527 0.07281703564401308
0.1431433178243646 0.06953554858493434
0.13027647680947502 0.060406728392993346
0.11770098434558363 0.051689857723099794
0.10403204906835876 0.04297897020413507
0.09966996010097172 0.04068974163323946
0.09461563823737057 0.03801999329930276
0.09034670113694306 0.03610178485623425
0.08503151957353604 0.03390669713055746
0.07360371594747706 0.029468942540333724
0.06989865023251196 0.028750025260393636
0.06696999211426548 0.028825725478505263
0.06493520123254629 0.028964493019149884
0.0627238163201458 0.028318412572957197
0.06032641494315285 0.02912584648226781
0.057892109033341015 0.02762758938465854
0.055963885496131745 0.027816694196897383
0.05446207497162545 0.02758406648207436
0.05302931441758021 0.026531444828882207
0.05159971861394925 0.02639448545744025
0.050739404434764275 0.02631284526855987
0.047288643891137336 0.022732473237800397
0.047226435718470544 0.022554155369297457
0.046948885670791494 0.023142525531565043
0.04672141624237625 0.022848088116370877
0.0452585929533064 0.021784406944682415
0.0448559227504437 0.02206682678157886
0.04499433389980291 0.021937639838948367
0.04480100164302734 0.021813243195324936
0.043528029864059556 0.020921618768930183
0.04376317417131609 0.02121668769396528
0.04364432606309568 0.02180506595251288
0.04327048333715338 0.02153715734815783
0.04314956688978173 0.02174989924989153
0.04313028633014738 0.02138608076313506
0.04311403167408613 0.021812679154484104
0.04328223265260972 0.02248961722256229
0.04221252786129442 0.0206323238409236
0.04246712030195913 0.021238642106597653
0.042243505070341913 0.021512129047880926
0.04232345212392385 0.021298153812825404
0.0418535800499343 0.02150037459868359
0.04214310444070884 0.021612558003909012
0.04187459858899435 0.02178805296944779
0.04089608744539585 0.0206370048401505
0.04085094785854889 0.02067904342473249
0.04090467679826002 0.0210171845594311
0.04094399918124412 0.02127056843744473
