0.19046197482851543 0.108283468591554
0.18375413400293975 0.10253905164158401
0.17750886131185692 0.09768469904987992
0.1716298497978932 0.09301294158137453
0.16761799133390495 0.08985669323185376
0.1649857989343459 0.0879540055741027
0.15995504271803038 0.08420836783414039
0.15472132801016658 0.08067929034257694
0.15123278455720235 0.07763925419013243
0.14543642439367957 0.07372950778018536
0.13987261146496816 0.06994470373376624
0.13444673260656542 0.06584013019501368
0.1304701088620774 0.06391926554890422
0.12577855141474767 0.06075374954134051
0.12138098664870162 0.05793919382602628
0.11589570063694267 0.054505333784232675
0.11126669869243018 0.05180236458078522
0.10628541653907399 0.04937337492946373
0.10261125444022538 0.047432091032095045
0.09819942162236649 0.045133798704773395
0.09414927578392944 0.043023118088835396
0.09124905262432631 0.04172955770718205
0.08699556551629103 0.039443616828042996
0.0836468604544341 0.038180017530695436
0.0811741046821411 0.03731602965841682
0.07838211201616854 0.03608621903700965
0.07338711683917197 0.03384468907924802
0.07020065225379715 0.03263465163334899
0.06843561481810387 0.03243349404802443
0.06625051675036747 0.03135033719290662
0.06439708150875796 0.031194757808677837
0.06154797357300343 0.031057151817507726
0.059787189758390494 0.02997850934883556
0.05679828649405928 0.028425351387027998
0.05650827470449535 0.028263262382416384
0.052427458774804016 0.02706102942300636
0.05181793257747428 0.02739580796083465
0.05033912699810142 0.02650038497428032
0.04993898996355953 0.027177700388157967
0.04861305636789564 0.027168484307590952
0.047312792825208234 0.026246450058062122
0.04658955762340764 0.026004521835319004
0.04509781414594562 0.024919847516567336
0.0445516329311612 0.025144570579182696
0.04327273318838804 0.024591176837730443
0.04304301372642087 0.025145564124245297
0.04268966652376286 0.02412654521774512
0.04264169486464968 0.02511473979586873
0.04223695492405684 0.025122883607857253
0.041610581707802546 0.024096752438887096
0.041392312094255264 0.024279342132877826
0.04105170661593582 0.024632740139515878
0.041144161869181774 0.024561707096747966
0.04091585868599951 0.025204123561650783
0.04100143828852278 0.024731948057160093
0.041087649474828514 0.02525276926526224
0.041077333606381675 0.024555599237756572
0.04061791382134983 0.024328384168672723
0.04058030587793974 0.02450083210213374
0.040287337127939735 0.024110349890303938
