0.1801979658337095 0.09566802415658485
0.1732946216979373 0.09050781421537414
0.16505188451857594 0.08458085883465714
0.156531796919465 0.07862453839281794
0.1379734966384462 0.06630043285751142
0.12655679238096873 0.059385700718330076
0.11453310258044178 0.05304788642747947
0.09594107023261633 0.046925544571252524
0.08917671754484525 0.048671768646803094
0.08734785496253901 0.05042042640942001
0.08706345147427531 0.05080821889786525
0.08661080930281338 0.05142070931750066
0.08639499115606539 0.0519817974788117
0.08616706971375582 0.05244527013025865
0.08593778748920573 0.05297540650936457
0.08537397324188468 0.053835071622016624
0.08517181083240928 0.054586389415318154
0.08507198499720331 0.05520445480092054
