0.20599359129542646 0.12026026460925071
0.1956504826715076 0.11199464573758176
0.1785387189822805 0.09871226501734577
0.16681087158504776 0.09011203171782471
0.15725289707093687 0.08348405287420453
0.15208228122732353 0.08022447127176507
0.14246359355694366 0.0740557126575758
0.1338629812465679 0.06899843693032416
0.12524093738355332 0.06449065023836618
0.11967661491633 0.061974376929992706
0.10709500072932397 0.05731847991322974
0.1029619095233776 0.05674877709585469
0.09791837953100178 0.05690282693869321
0.09495269506658299 0.05738598865861709
0.09464002231179765 0.05761559068134612
0.09411547596356568 0.05787396780779068
0.09383257563825041 0.05806169110345866
0.09066894138625488 0.05879318509734897
0.09043337625517268 0.059326948705696485
0.0899105344718959 0.05948311325431987
0.08960466082451607 0.05995567986668895
0.08803892215110122 0.06002056680847567
