0.17617641019124233 0.09305983078018874
0.17078674594579993 0.0890151780891485
0.1644584467514832 0.08437723965646497
0.1544858413017641 0.07726780789440743
0.13545595630991672 0.06428022926088743
0.11676111720407532 0.052972026254938936
0.1078334570343195 0.048666151173643764
0.09032203617962242 0.042658373687542175
0.0882613634549839 0.04318521912195092
0.08416380665689337 0.04425814690717792
0.08378161511742692 0.04467845718771769
0.08240961425244087 0.0452666832403371
0.08187235523915115 0.04593740560916275
0.08168622822801254 0.04658110222306579
0.08150609634066085 0.047174010613952023
0.0812932262813335 0.04788819209742903
0.08121893470736583 0.04844452403888018
0.08117058043694994 0.049171726780874475
