0.20624163629960804 0.12468180497798434
0.1938329097256247 0.11468979286311932
0.18207283883512984 0.1056665469055773
0.1693012960864772 0.09625967311129581
0.16024873874632534 0.09013141658547467
0.15344279190654092 0.08578840309011408
0.14157438525845173 0.07845620340436532
0.13011963727951983 0.07236394252753346
0.122257873744488 0.06913695159787238
0.11256847899314061 0.06709672038484311
0.10656553351604606 0.06828617298863915
0.10530921767822146 0.06923400954915161
0.10510327351788339 0.06963058604695284
0.10488036272048015 0.07011258570330568
0.10459065715335619 0.07050978656002602
0.10404206922158256 0.07107895757990404
0.10386145539870162 0.07157492115921321
0.1035906494977952 0.07200573967182218
0.1035055292289319 0.07249185466783324
0.10338466705965213 0.07308379035682319
