0.17177819023694893 0.08899282557322526
0.1631002243611743 0.08234922330118886
0.15240999430670496 0.07447328085101532
0.14063886553282867 0.06623066327662108
0.12991513029923812 0.05919442380912573
0.11673092370800812 0.05136348588077854
0.1084061746205287 0.04719712399407499
0.09594663363248157 0.04268384460513989
0.08854680559573071 0.04247852834155714
0.08704188777467543 0.04324668719652983
0.08499066029965485 0.04407910622595729
0.0830272702090524 0.04559415770707132
0.08239299868729409 0.04632314675934626
0.08189329369374118 0.047081368779984305
0.08132440467070814 0.048142845064749515
0.08096759701583091 0.04908292572701572
0.08096552867667968 0.05010132440459741
0.08094813930677851 0.05080818902235972
0.0806483354619352 0.05164864765783903
