0.17727420061134772 0.09205191897190079
0.17536258905265636 0.09064143114007882
0.17359742449536827 0.08920556113147451
0.17159053901389515 0.08757340943647901
0.16795880287348144 0.08498466862916905
0.16609836439341158 0.08350882504247266
0.16467115298044277 0.08228852395828759
0.1613867038005613 0.07995343338138668
0.15955538797703275 0.07864860723627151
0.15749579614117423 0.07722398364939674
0.15584807092443037 0.0758351148923294
0.15386414624752223 0.07480768082788074
0.15201623271384904 0.07347767084611859
0.15048409732375914 0.07256354796494872
0.1488458305018841 0.0712334200512142
0.14487479960085764 0.0686399994888185
0.14224157096981532 0.067457988771847
0.14082882026389515 0.06622619468089924
0.13648627664526622 0.06345113207831987
0.1340165622914745 0.06231392478976375
0.131895486097482 0.06108687478043211
0.12968910227317332 0.059670056145911095
0.12515714159985672 0.0574563926162063
0.12310419076465076 0.05676702663221281
0.12138538863327478 0.055960806145224945
0.11901675548422075 0.05525599107284988
0.11474343926633368 0.05369055135041114
0.1131331547271505 0.052945414264571077
0.11104353943523934 0.052899474400785504
0.10718148610913489 0.0520531677642774
0.10328045882970581 0.052210478294341736
0.10068689412608188 0.053272010780440346
0.10059141896085608 0.05285976884990339
0.09981407689745943 0.05390620604353757
0.09977236221370675 0.05351358906531321
0.09979874413982003 0.05403556133560403
0.09974164878356034 0.05368298762254633
0.09968820454021353 0.05439710323910669
0.09961407065702707 0.05372221608499473
0.09974571196433478 0.053963987349458765
