0.17766163412696856 0.09920129073009656
0.17485592021073174 0.09667875961889032
0.16784634691428543 0.09099728963769997
0.16452503082772754 0.08831844832211475
0.1610878809338779 0.08561631287495028
0.15938301911625546 0.08413137402533642
0.1563612180752221 0.08169540019555419
0.15367621225595227 0.07943222264382072
0.15021034331547 0.0768144596417464
0.14789322666408442 0.07512231738781874
0.1444573887106778 0.07264044041639506
0.14224301519077645 0.07091794781872846
0.13974510931585735 0.06883931071467043
0.1363863311051158 0.06666147664639771
0.13322351083076742 0.06431352744491062
0.13074248780987074 0.06281934215214557
0.12720058378093804 0.06020499936299883
0.12399198923419757 0.057847339777805706
0.12058524379952049 0.05555765287855478
0.11765995177881504 0.05404495851551452
0.1141258140542568 0.05165986170169425
0.11211079802445136 0.050184762707569164
0.10829637427925631 0.047964844915246045
0.09999742208491047 0.04358864471181998
0.09801603769624331 0.04262338671685108
0.09123646575425581 0.040112173597319965
0.08871480130824785 0.038810631527967286
0.08643927412652729 0.038509229309718604
0.08388436108768559 0.03834219182867327
0.08198802299883308 0.0385835838756187
0.08047492473866913 0.03873253576701156
0.07883050794350252 0.03913657404370415
0.07764827244448558 0.03985086447446195
0.07717406821967729 0.0407936833910835
0.07649140910754035 0.041397059661288
0.07638767962667192 0.042413809663186926
0.07422064608910746 0.04334301246398958
0.07384714047545794 0.043578494663518375
0.07403399622651455 0.04383146094837563
