0.19095617557043262 0.11163808298397705
0.18728749730349858 0.10848154851308255
0.1840551428410339 0.1056384264389702
0.18060457859811344 0.10262852099661192
0.17702363238351113 0.0994809248188506
0.17349998682391354 0.09655314804093341
0.17109004614081622 0.09503755680781859
0.16741066230364568 0.09201828127072648
0.16452956162241136 0.08957008494055646
0.1622133281936382 0.08791857335860122
0.15914196903742253 0.08524431809545786
0.15213697353874137 0.07995444082901762
0.1453731406397082 0.07529318573030432
0.1384936339585131 0.07074685462760048
0.13611764850981525 0.06882882430269223
0.13307582064037005 0.06696121760969834
0.13050777649557774 0.06533579763946155
0.12768662892279672 0.06355183091651098
0.12026605046502392 0.05864794649839992
0.11693345815887786 0.05684688043206414
0.1141468499347937 0.055346407652491596
0.11172518866317266 0.0544179262607225
0.1096620969649651 0.052653520150280776
0.10640982516252549 0.051629275958530466
0.10361663847086308 0.05005011273476189
0.10068208654359997 0.04878755723962018
0.09799928787849074 0.048015825226402215
0.09590406031828522 0.04698363048768018
0.09332246663692344 0.046514094824667826
0.09113157839097309 0.04579846463441258
0.08561647652756806 0.0451087101550755
0.08439148351395807 0.04497213400755411
0.08345606755716584 0.04507903189131174
0.08148713316856075 0.04546008331007362
0.07874433830459925 0.04594241649302485
0.07843880343669105 0.04611899096256522
0.07862113327825933 0.045597801033076694
0.07755838998029102 0.04631352837869208
0.07726485818241097 0.04665475959359524
0.07655175516962219 0.046812307805107554
0.07563464784457612 0.04684392647731418
0.07568152062302665 0.047201863016641976
