0.19291183090396866 0.10981572138798701
0.18906998331087702 0.10667805178821606
0.18451963268618324 0.10313191029593266
0.18070869442062715 0.10044508212784647
0.17828814000489956 0.09814719156191626
0.1758109152988731 0.09639180917541362
0.17224878276580108 0.0936644791157045
0.16890808733463988 0.09102788197996353
0.16538924699902008 0.08881030568786415
0.16215373897599217 0.08583009940749534
0.1583564084701127 0.08326495064893369
0.15472513665176385 0.08053069834903431
0.15240403754287113 0.07885078738283335
0.1499182099001715 0.0773416901584877
0.14672147729360607 0.07493429789655978
0.14347275385840275 0.07309889984266589
0.1406079280989711 0.07101785184395014
0.13747038254838315 0.06858140789005515
0.13485065914380207 0.06697666430850827
0.13138661348603625 0.06456032471180895
0.12847786394536992 0.06298692394800191
0.126527504516781 0.06199667984386119
0.12341268641291034 0.060110334102167096
0.12018462342295444 0.05808646109281878
0.1175953500122489 0.05679834349217777
0.11499184682753552 0.05502351911185454
0.10752515808733464 0.05100776198664884
0.1043336695400539 0.04967386530421633
0.10261605830475257 0.04850591236407001
0.09983342456210191 0.04770654835452433
0.09698791952474277 0.04687186191778042
0.09422727638106321 0.04599378525076165
0.09190952658010779 0.045586811819655085
0.08498637310142088 0.04316662834369719
0.08367665015617344 0.0431611529874369
0.07916592662910338 0.04257640556982882
0.07851120391352279 0.04206989575399451
0.07756707706853258 0.04302024603780744
0.07740765479544341 0.04271168514537421
0.07691764625949289 0.04285423985962935
0.07602987869763596 0.04321818681739654
0.07573371375091867 0.04402580593769458
0.07237861151090152 0.044487440634868126
0.0721641122611465 0.04419148364878914
0.06997575579525968 0.044538692358315916
0.06961293483586477 0.045124579909602384
0.06990869308090397 0.04517440646595218
