0.19426806310653386 0.11411446173072318
0.19165131147601366 0.11195477173744449
0.18769744580484835 0.10859367134096895
0.1838059294210671 0.1054139650478383
0.17657421782914898 0.09998547146437435
0.16870585286765283 0.0934799550427497
0.16593904089069622 0.09106900259328196
0.1587757312631375 0.08588257686305403
0.1568415892230964 0.08471935329350891
0.15382429617822274 0.08218314165190428
0.1510209283344629 0.08015505140644048
0.1437380711424937 0.07547613055562359
0.1404223360394075 0.0729974250434708
0.13719243192455408 0.0707298074188817
0.13404051237992104 0.06857838725346134
0.13091978666337617 0.06708614571258109
0.12837564797216328 0.06511801171909015
0.12510641584526755 0.06350574074867751
0.1225577496365708 0.06178728540115595
0.1154277249362771 0.05742330361807733
0.10866719170521963 0.05361197062046924
0.10533634889019036 0.052114594983373605
0.1028614275001719 0.050767521873163204
0.10077298536215229 0.05009750105785767
0.09781059805896884 0.04898188746129125
0.09088817730126807 0.04650845954493752
0.08564769092004067 0.04482951973091638
0.0837542581685624 0.0443810569579823
0.07961252450231072 0.04401137545647749
0.07857267267951684 0.044570064511460235
0.07489780568109825 0.04469899888737863
0.07258637851089797 0.04524655609502895
0.07266535107751847 0.04547785616469109
0.07091829526842193 0.04604010879266806
0.07083181201072117 0.046375924392429144
0.07093138861877259 0.04659713165804053
0.07098010259661569 0.046918958705794475
0.07040650833707812 0.04680982461502144
0.07032099389138133 0.0469215895314949
