0.18216531801200392 0.09920269474612502
0.17967875352155807 0.09709808398472247
0.17672439597623713 0.0950912098255982
0.17411007931161196 0.09301832735570295
0.17238034358157767 0.09143060977042007
0.1706362345357668 0.09037770174763166
0.16808222455291524 0.08812397235951121
0.16560448309652132 0.08650600865650296
0.16285843336599706 0.08455727588576877
0.16049491287971582 0.08271075338469856
0.15733538629960803 0.080750934171244
0.154574226405561 0.07861473627774195
0.15270568578515434 0.07717362359587651
0.15063031104544342 0.075724758004998
0.14783829924056835 0.07374531220465108
0.14523434629164625 0.07215721457480875
0.1426257521588682 0.0702990844270509
0.1399236357790299 0.06856279113584939
0.13780520807814797 0.06684108069731531
0.13477671599399804 0.06522226460865227
0.13217369128184714 0.06384423932365793
0.130851317522048 0.06294982616979018
0.12784577298199412 0.06081682607979563
0.1250876370345419 0.059215709209187645
0.12276438479911808 0.05836700998661548
0.12032143786746692 0.05687294623920065
0.11326889583843704 0.052917627057365794
0.11055834877204801 0.051548978014574254
0.10873939704801568 0.05114851420385052
0.10642881476604606 0.05029357139208715
0.10423534342846644 0.050213648021231766
0.10166797449167075 0.049333090206160495
0.09980220901212641 0.04900201167357899
0.09416346728013229 0.04903615053343489
0.09389242214294463 0.04876750246355742
0.09253723473481136 0.04967087381061255
0.09242047786011759 0.05001765904191592
0.09212401626041156 0.050207692180064156
0.09198610132900539 0.04991835339852784
0.09183486572146007 0.050281686855791895
0.09148339891597257 0.0502941034544704
0.09155280614588437 0.050134761629102916
0.09114498484198923 0.051339796059836997
0.09109124280377266 0.05111287145338074
0.09087402582986281 0.051608308399514656
