0.19547257588646572 0.1110146630246542
0.19223394077644199 0.10870820952953753
0.1839806096351664 0.10204621736965817
0.18084779161927084 0.09924346616332641
0.17758898901601325 0.09692829490150477
0.1758073164371237 0.09561634653761379
0.1732390733172841 0.09308071719771964
0.17077990320216124 0.09126012814599169
0.16781062765988744 0.08907158568235428
0.16611657738066055 0.08784358898025953
0.16301641423272667 0.08515080247474092
0.16097057239061366 0.08387363886314798
0.15907116991532488 0.08248738448527543
0.15622654786755477 0.08053842416095379
0.15341597881405794 0.07835359322175513
0.1511101812400714 0.07691060322975131
0.14840167540731825 0.07481641332779079
0.14555419007347173 0.07305848322425479
0.14274741319818982 0.07104907036670552
0.14038403388782383 0.06941469950117111
0.13690516045740259 0.06751283453782371
0.1350389778463247 0.06624621208720943
0.1320001598843623 0.06380536688160134
0.12295234825464806 0.05853210524743956
0.12134799831213595 0.05765208554010794
0.11351354006807841 0.05261784500087005
0.11075318864730628 0.051357615219528904
0.10809827127235776 0.05021379136019257
0.1051301065701671 0.04870785650314323
0.10232395214838004 0.04752671779708768
0.10040004415780855 0.04664465890917779
0.09735247354208751 0.045504066449752516
0.09480455113480359 0.044551744843743094
0.09326391170154347 0.04386088071367609
0.09093594520693189 0.04408764514649991
0.08951077568507423 0.04395259528777952
0.08416442685554727 0.04176082681888865
0.0823348923910059 0.04233776387212469
0.08170671232398165 0.04242155369419248
0.07683749325068888 0.04250711566128663
0.07642935528220547 0.04313736002373995
0.07351937561747386 0.04368453744824581
0.07338373342473377 0.0445346599630781
0.07353385484338534 0.044367250250657374
0.07319351163670106 0.04396645955784868
0.07340665886576027 0.045097525051926816
0.07340442760938634 0.04482914353293624
