0.19093765311122 0.1082301646274851
0.18713936566021558 0.10514829642745953
0.18266436489465948 0.10167223515194138
0.17889895807814796 0.09904892871736569
0.1765074947942185 0.09678418889543676
0.17403524620284175 0.09505252128944472
0.1704906257655561 0.09234224980124756
0.16718015066144046 0.0897616277999077
0.16369432493263106 0.08758429279744763
0.16048549653968644 0.08463593425116193
0.1567274869089907 0.08211708577835905
0.15310729651518865 0.07941012067782924
0.15079813051200391 0.07775149763616628
0.14830733632410584 0.07625606572833737
0.14511508222072514 0.07388799721989804
0.14187933496141597 0.07207004864049157
0.13904154290176385 0.07003165249976372
0.1359332990109015 0.06762342413980497
0.13333079104911807 0.0660433834546233
0.12988004692858893 0.06366211111234656
0.12699008222072514 0.062112289398850294
0.1250568521098726 0.06115213396540318
0.12197945056038706 0.05930788087327377
0.11878776105463008 0.05733008012294854
0.11622623905254777 0.0560810908243084
0.11366596107912788 0.05434690406580791
0.10627663178282705 0.05040563024504926
0.10316736396068103 0.04915465385628391
0.1014906142822146 0.04800879236345846
0.09875808618630573 0.047252096499524665
0.09597839983463988 0.046475670893746664
0.0932795849154826 0.04563283521580624
0.09100649574350808 0.04525878993117328
0.08420979299363057 0.04286812777367378
0.08295456807324841 0.042911765032912295
0.07856905124632534 0.042438633987814944
0.07817869419096031 0.04212654953939468
0.07709558063602401 0.041917663476493006
0.07716753812469378 0.04225636461709577
0.07663815608157766 0.042815811925459496
0.07585111656357178 0.0436077732099076
0.07572888596276335 0.0441790941961506
0.07189462215978687 0.04395372234318015
0.07206124066021558 0.04444982436729313
0.06971691170841499 0.04453262250378046
0.06983753464141353 0.044717511467355954
0.06965952370927242 0.04514120685907896
0.06971869162634738 0.04421573592089097
