0.16927203348074207 0.0859249561635015
0.16945387496445521 0.08606184266842334
0.16931163834523064 0.08593407257479495
0.1692144455564108 0.08583813705417348
0.16917688987978508 0.08580768424628858
0.1691723510244254 0.08579565317419084
0.16907173015497529 0.08572368264240471
0.16912405147498627 0.08576457965150502
0.16912397486983252 0.08576177294110088
0.1691202212172988 0.08575936564717733
0.169227545037702 0.08584942866603014
0.1692514649969603 0.08587663756439025
0.16925472071599468 0.08587890452279359
0.16925772746827933 0.08587745258991146
0.16923995507260942 0.08586140036540779
0.16924278946329815 0.08586291167101001
0.16924321079164378 0.08586387782709144
