0.1894442894984103 0.10806322122905872
0.1859106830068887 0.10516546113030806
0.18231049401531804 0.10214490168504634
0.17860140411261358 0.09948638267389777
0.17167841488111593 0.09403209327792904
0.16827507933168803 0.09141624419860464
0.16559039013281848 0.08922364760760199
0.1588443696734 0.08432472131173975
0.1553902826961857 0.08190935122491437
0.1516490227513591 0.07943069455327541
0.14830287838792613 0.07681614808619137
0.14507308090605558 0.07460720183538172
0.14184215263330913 0.07262388625045287
0.1390239630302681 0.07058698666571063
0.1360419237459031 0.06866768669960642
0.12968459827561674 0.0644307072041597
0.1258682748991718 0.06229522185105338
0.1234729627518252 0.06073750131226122
0.11696514626530823 0.05731033922895991
0.11359388492826723 0.055255026174894056
0.11105938967344905 0.053664643840297295
0.1078495151935362 0.05256622008902106
0.1020728125061331 0.049113750876556186
0.09972463900555414 0.048878251448805005
0.09765272346574294 0.047680126935971255
0.09514398724375896 0.04683831779604613
0.09009636676508252 0.04477460744949252
0.0881139274490707 0.04476375234748951
0.08607059791928345 0.04399364048622623
0.08196677575412635 0.043660053820721446
0.07814976240358762 0.042941049387851586
0.07507927706507712 0.043617710882093416
0.07466710379080967 0.04392804886740707
0.07417314462899632 0.04440761119226737
0.07366526619813848 0.04409141949268839
0.07376043949969825 0.044727678565302235
0.07372232322250408 0.04503932452340045
0.0736969570915844 0.04518067671338431
0.07327926402456676 0.045160526427740204
0.07360836250134928 0.04565944835797525
0.07288401907303053 0.04579685518742864
