0.18812768347853584 0.10928831582867218
0.18452308542271337 0.1062035467838035
0.1813625291406005 0.10346927109817165
0.17798228842882216 0.10054235792345574
0.1744685823879236 0.0975035973391349
0.17100476545340446 0.09466527905782963
0.168624375208366 0.09320268067615295
0.1649430570910633 0.09022004350487486
0.16208231422943795 0.08781133543108308
0.15978283817804753 0.08619964675174654
0.1567183639100251 0.08356832336274651
0.14975631517566482 0.07837324274020604
0.14313043858289046 0.07385240952201981
0.13641875464227232 0.06945730073737896
0.13409435318898064 0.06758394568557659
0.13108355998244822 0.065757241399203
0.12854586105418497 0.06417828328119472
0.12573905779644357 0.06240464741153939
0.11838348838727153 0.05760377466278022
0.1151499369692795 0.05587263346814755
0.11239383674767611 0.05442116477272727
0.11001682670504687 0.053537450411904185
0.10798185867390964 0.0517940298592534
0.10474985851028103 0.05083602943056077
0.10200739400604507 0.04928341660771136
0.09915153472297125 0.04810790152021799
0.09652267566174597 0.04739058730372026
0.09449124104332543 0.04642038847980965
0.09198655893632825 0.04599232196301844
0.08984966774812715 0.045311165733054035
0.08448846563860507 0.04474258557789563
0.08332291822430479 0.044629234958968485
0.08278641403001942 0.044742356183295286
0.08083710013641845 0.04472873824031521
0.07760214109872628 0.044665422631861844
0.07756000826416398 0.04552817302497402
0.07741256728230654 0.045618047130626546
0.07676518191579071 0.04551439855391371
0.07649842840696824 0.04591243326938064
0.07604434178247323 0.046141800882118854
0.07522258872255697 0.047086912033032474
0.07506031027998264 0.047137303279826785
