0.18046720905785724 0.0964584256776414
0.1768744181218476 0.09361984598684789
0.17328649533638843 0.09072188218741767
0.16972184001064708 0.08783032423830527
0.1626592268548957 0.08244425312781321
0.15943989398011402 0.08000714603426083
0.15697541192986675 0.07797515134746069
0.15049437985435107 0.07326618665637899
0.147320431942182 0.07078586285549414
0.14382520525962653 0.06830264436074181
0.14059897264390714 0.06605894034134573
0.13745899637288286 0.06397817542342295
0.13428017072718976 0.06190115752589529
0.13175289145143565 0.05995053053949203
0.12877513575623614 0.05783439675094414
0.12189449368474378 0.0536297359764733
0.11810506013200892 0.05115664891025711
0.11568545514677742 0.04963214230332206
0.10856511415851373 0.04555416190936237
0.10471984061905089 0.04351962364433981
0.10190169893087747 0.04190319978602423
0.09894297502109788 0.040604109423202014
0.09246449201653975 0.03762959437233774
0.09016179930830864 0.03698714923171823
0.08793330756407866 0.036646143573042
0.0852519244910751 0.03623405173774262
0.08093372162519871 0.03557843574002613
0.07929482711855779 0.03617483916652029
0.0779508054987562 0.03658121666170352
0.07594950689084794 0.03818489046564174
0.07543171966536563 0.03903955687082821
0.07526304016538525 0.03962494705926549
0.07510078604915314 0.039326667618127524
0.07525918781002836 0.03986707748019086
0.07510082917253401 0.039733712501063535
0.07504842468181461 0.04016067984651518
0.07496085067825986 0.040536853355409054
