0.19172883562072726 0.1120739614286725
0.18915922005146943 0.10997444559414185
0.185283741822843 0.10668957005058669
0.18147627227845553 0.10361041976200583
0.1743844724874273 0.09832677572124804
0.16676076612962634 0.09204025029388714
0.16407412574404762 0.08969667887114681
0.1569117945206909 0.08455379197756117
0.15500977675194974 0.08343265630442355
0.15201943778362212 0.08092368832451671
0.1492284726519527 0.07893220641728438
0.1419462293606593 0.07428901696279878
0.13868975485718216 0.0718722873263889
0.13544921299468116 0.06962730011762289
0.13233187332405116 0.06750672704789
0.1292356268969531 0.06607289515235872
0.1267053968929259 0.06414279917813642
0.12348414494072175 0.06258330948051365
0.1209740009994303 0.060911310794502134
0.11396676602649104 0.05665827013399077
0.10741284874162639 0.052996118240595615
0.10420577405815358 0.051589094193211754
0.10177861222227133 0.050289126150037555
0.09971545511833549 0.049634124957821754
0.09679306728105846 0.04855591691939601
0.09001992990175134 0.04611947469203076
0.0849469616674279 0.04451504305072546
0.08312171025975365 0.04411149564747693
0.07906740947881061 0.043794919621525055
0.07860933885659771 0.04356201713984538
0.07475862768335985 0.04359607437436733
0.07273413193370118 0.04495190893138007
0.07255955392902572 0.044991945315221174
0.07094400715531933 0.04624234753923938
0.07068332958086546 0.04583555279356061
0.07069082588364864 0.04568395877042244
0.07092827115440338 0.04654454703282828
0.07021036227506679 0.04580743750476206
0.06998337250019644 0.0472665040678199
0.07028280735090808 0.04718687242848746
