0.19165253927736522 0.10627215633571709
0.18971566346087734 0.10470514088215126
0.18701776183477722 0.10265172561757119
0.1842819518419476 0.1007957764097059
0.17865518764488056 0.0967355991896334
0.1724939078031687 0.09223755690662008
0.17019847562323195 0.09069520212224617
0.16411416357874628 0.08649971010958181
0.16260212621429554 0.08560462348430425
0.15999881325325613 0.08372177607670182
0.15770079117984342 0.0821225848275998
0.15096402741557638 0.07761119708330612
0.1481563143060958 0.07601415301315961
0.14530229006438591 0.07409416047258686
0.14261366409380893 0.0725118171375664
0.1398158980937156 0.0708630388101108
0.1377366740580308 0.06951449350046804
0.1346046103633801 0.06778115671464102
0.1325790067148456 0.06685616371316887
0.126216808692588 0.06340090101581548
0.1199922107514881 0.060753439993278695
0.1173971950417698 0.059506991980010235
0.11517914312357574 0.05931781169555196
0.11367321598928866 0.05856247772036094
0.11168025459074925 0.05880670869695065
0.10689032334455544 0.0583134634243159
0.10327800706968018 0.059459743413390366
0.1029402369994254 0.05930911136894266
0.10100835871812627 0.060393032816717825
0.1008456942234402 0.060914823876902106
0.09923428168709728 0.06207327475659069
0.09897018929013437 0.06166666071409135
0.09869760779788916 0.06259320563698678
0.0991537551843912 0.06355642267570642
0.09888160534105866 0.063564224801218
0.09833431288859913 0.06329968066134133
