0.17280172143888495 0.08999970747344131
0.1727446862292256 0.08994087264414076
0.17268561747357772 0.08990696422400188
0.17264442857511197 0.08987611712831439
0.17281202345960042 0.0899900983161355
0.17291748008506208 0.09007398710978318
0.17291235785129852 0.09005371646489137
0.17288337022876396 0.09000584075194291
0.17277018229166666 0.08992273854860566
0.17277670498634684 0.08991379905602359
0.17267435623305635 0.08983357747395833
0.17266566570161482 0.08982960200401102
0.17266326765210002 0.08982560527486612
0.17266215495712517 0.08982338368871909
0.17266023651751336 0.0898226608760014
0.17279028753879852 0.08994170175284635
0.17279402849604156 0.08994177616003787
0.172796368992368 0.08994282849031805
0.1727956399853155 0.08994281786071927
0.172798479275941 0.08994450796692681
0.1727990356234284 0.08994608114754768
0.17280438806994539 0.08994721851461816
0.1728019516516384 0.08994812203051528
0.17280212431120345 0.08994835588168866
0.17280149122613153 0.0899476968465637
