0.1966178328597835 0.11498532523657085
0.1949192817629783 0.1133797780266705
0.19042972580483045 0.10947922478511136
0.18844842760203181 0.1080680794570057
0.18649518768754045 0.10638150448973617
0.18532597104277393 0.10545937408506607
0.18355739871589952 0.10426055169135032
0.18171916905484517 0.10272482214029631
0.17973668340230245 0.10119467066521566
0.17832854037758145 0.09999596695396742
0.1762456003071741 0.09823657489821791
0.17477161127890328 0.09762825172698095
0.1731610655300653 0.09611730523300778
0.17106655740086096 0.09472509515312887
0.16883892083341506 0.09316615778501745
0.16690538875419209 0.09147690706757115
0.1646411327688325 0.08990937061522229
0.16231551244508619 0.0880669062268677
0.16002711484033322 0.08668101329105533
0.15789667678016336 0.08495512745374922
0.15521204443299044 0.08321420670567162
0.15327556288182256 0.08195410100145561
0.15036821667418462 0.08007899893453355
0.14330145426587107 0.07498841659117023
0.14143146032416307 0.07393140356216579
0.13504689737002099 0.06961021268243438
0.13204484246908646 0.06792604373246089
0.1299379618796456 0.06648590751433511
0.126039851656117 0.06434252372958835
0.12335848479574026 0.06256305815285543
0.12120022785245348 0.061572469543057826
0.11818033247673518 0.05989239513821372
0.11519757363414168 0.05852844766957696
0.1133010344449293 0.057666462302650476
0.11095656814459981 0.05661680758663216
0.10964547998404067 0.05586359470118603
0.10391065314026064 0.052935633491622655
0.10146786791636431 0.052600986695824865
0.10020112717326286 0.05239736534416707
0.0949113450021083 0.05035966290208757
0.09359585178604699 0.05049224740227815
0.08976184469628253 0.050815257921601555
0.08948661491326561 0.05139086788906443
0.0892655481605101 0.05108800641593104
0.08875979033161564 0.051626064171739657
0.08863299176660652 0.05182343311522229
0.08889141530526191 0.052024513583143674
0.08578878149576379 0.05219238453879044
0.0856901465573457 0.05245811997822112
0.0858207181481545 0.052435257419251036
