0.19205369760820326 0.10869505281451737
0.18947313809641708 0.10661320775736757
0.1873440319069658 0.10515907268706336
0.18491212469603074 0.10317330348605523
0.18250354375441247 0.10127524398517643
0.17993007021934812 0.09946834859723205
0.17818295562906927 0.09841509813295897
0.17563529803081857 0.09655664563389857
0.1732259127350859 0.0948897943000807
0.171915236857007 0.09393747745995645
0.16967838551880687 0.09232486040717855
0.16431433944295185 0.08876162280368434
0.15909363118540654 0.08552480562019146
0.15393796070339466 0.0822179502170753
0.1519983756643199 0.08144601309809703
0.1499322006086739 0.07971155242865946
0.14820608540616664 0.07907227555643681
0.14602895736095858 0.07782658191379996
0.14024401384347054 0.0745555876336167
0.13757517646763218 0.0728878511065175
0.13545265832140335 0.07207280939275568
0.13364427875941323 0.07135209473865295
0.13198635171938736 0.07068357950054718
0.1296000724531544 0.06947751984732878
0.1272297845127667 0.06861570862269797
0.1245929297886188 0.06770692278143792
0.12269881948393865 0.06710431126262933
0.12059603674044458 0.06611375299324869
0.11871578239294889 0.06539868414507428
0.11686283778276495 0.06546814483005671
0.11154427601694873 0.06343664783954114
0.11045393571234213 0.06424785731409732
0.10922633812350467 0.06416959867150192
0.10768733100903083 0.06428208298846778
0.10397588791501608 0.06438326489853699
0.10336609173988076 0.06464631303612486
0.10289653087432833 0.06434052733511397
0.10258783125600585 0.06480079005875265
0.10191079490716681 0.0646272759830568
0.10153000026352173 0.06472865760136629
0.10163557174103291 0.06519786941317816
