0.1847534478943988 0.09607277772905802
0.181573917137765 0.0934834391779543
0.1730785569252682 0.0872831433953509
0.1697595199761223 0.08493222173751823
0.16685055538939772 0.0829800569865736
0.16502209346010904 0.08170916736178628
0.16236576838264136 0.07980015987175734
0.15980323268253938 0.07783589490378348
0.1566186361120781 0.0760516334764313
0.15461278451295868 0.07477833243969031
0.1514938232694797 0.07250264467694892
0.1496877696660064 0.07124749126842297
0.1476178053569152 0.06986772666366062
0.14465466816372158 0.06821298557097401
0.14186503270006767 0.06636628098173447
0.13972420445463726 0.06509268323882468
0.13651297645080313 0.06328113563325857
0.13391953832873266 0.061502274258178474
0.1313180083112289 0.06032411879778372
0.12911250235957755 0.058667009450404366
0.12617820870371552 0.057198367861443784
0.12436204262500244 0.0564216666367443
0.12140595352061229 0.05510266745535122
0.11412142815116987 0.05146855095871266
0.11291885757528584 0.05049974058170464
0.10677835384837907 0.048208866857778525
0.10433529091446195 0.04761685173651008
0.10283346385065896 0.047513635752372614
0.10070941312096726 0.04732696980959707
0.09899943760847928 0.04729674354298325
0.0975731859751613 0.046939908520417184
0.09658505541636431 0.0482165434555639
0.09533902801033066 0.04839980536938472
0.09424389290766146 0.048421313869293575
0.09350720483216968 0.049514951228842585
0.0927720106450656 0.04949483455059826
0.09009921449050286 0.05057607498694924
0.08991650044923905 0.050259165825387794
0.08967174215884799 0.050743082797377694
0.08671888023642355 0.052034585408909866
0.0865277104038371 0.05150313071402134
