0.17003399579023806 0.08638241980797416
0.16766999121739642 0.08477603624894332
0.1654482938013954 0.08276605195662436
0.16302567976247717 0.08109008317334611
0.15849211873258198 0.07773734688570394
0.15639107095325594 0.07593680977632894
0.154752459144334 0.07493771154851626
0.15028275905000688 0.071548421709981
0.14833177105310286 0.07005951447707162
0.14600258142307618 0.068455318020074
0.1438264031313171 0.06675646507361013
0.14167542805992778 0.06531278475210785
0.13964134609959178 0.06412525803515556
0.1377757998946333 0.06259896636700224
0.1357245164968206 0.061376108303234235
0.13089168878672502 0.05794883364850474
0.12837660863626774 0.056140534471129565
0.1267032106334514 0.05542203392941441
0.12178837183593214 0.052410260416094874
0.11926168670453653 0.05077838746939772
0.11735534578128373 0.04974718494237715
0.11490307243930681 0.04843965172244148
0.11005574569026848 0.04560550520170056
0.10826659495024826 0.0453769423181429
0.1064023041148215 0.044406150443973134
0.10434232896002198 0.04340782413452513
0.09964944141230644 0.04141197291698687
0.09774991398322964 0.04098350729943159
0.09576682302501816 0.04054158939620889
0.09133427611904599 0.03886946948366552
0.08642100892918474 0.037939894833842
0.08283025916653583 0.03822850385324494
0.08248172641944537 0.038116326425064226
0.08102913929258336 0.03886502023198034
0.08072814767714855 0.03972822062353164
0.08012318893299952 0.03985056432378579
0.07987675318584038 0.040362370322003176
0.07908381962451916 0.03978942195665181
0.07892063595985516 0.039552389413259705
0.07898343797684876 0.04111651044182549
0.07833574875375346 0.0415922051340462
