0.2142636714145745 0.12757428686446903
0.21158455131227408 0.12556982090231517
0.20817623231352153 0.12248474992720851
0.2046008172245796 0.11939555466777146
0.1973758777244912 0.11358033502114355
0.18973043544588833 0.10735741711293974
0.1869032693587439 0.10516312777560084
0.17958733826786696 0.0995228394362537
0.1779119457704699 0.09824854187415644
0.17503183075003928 0.09573153791756465
0.17245106904663682 0.09365955274389912
0.16480376588161047 0.0877960056263742
0.1616602299180811 0.08553984139448091
0.15802280126868715 0.08308718902896149
0.15511053320036244 0.08072987884978557
0.15183744500984697 0.0783107681832468
0.14912538529941163 0.0762810462943688
0.14571158915556734 0.07401030888253494
0.14283957954249665 0.07165763852323069
0.13453264969354078 0.0662322594122121
0.12605362621920674 0.05999560274757271
0.12214002859549347 0.05728390174475085
0.11895013353874449 0.055169993433459054
0.11641307388969924 0.05368030831108771
0.11303428926877063 0.051823216421352535
0.10373492183202696 0.04628657729980298
0.09613976185564985 0.04244449021549683
0.0939205588736887 0.0416942823643221
0.08772166802338716 0.03908746627015712
0.0850849070677157 0.038934413334585076
0.08027581540589884 0.03810075516071273
0.07710364193506404 0.039141945621353626
0.07660538959518162 0.04021126465779155
0.07596799762635303 0.04076206920787209
0.07598426599426125 0.04120257572611215
0.07572431742685988 0.04116970369185524
0.07582375015194041 0.04125457572339097
0.07586833468851907 0.042104255360038964
0.07580366888530371 0.0419701682861073
0.07563117238760707 0.04149548495035892
0.07561721573943109 0.04226277190938888
