0.16105645631300008 0.08291367435354119
0.1578144879037398 0.08045045672518902
0.1550730671447237 0.0782952917562511
0.1519143110837239 0.07590130811704103
0.14866471088602135 0.07370067443955607
0.14552743299500412 0.07126557789044537
0.1433636917004138 0.06965678767935311
0.14027827549848507 0.06737181775174379
0.13756145456946678 0.06541377021349652
0.1357671224775455 0.06411749101334509
0.1327208898117597 0.06223989890833646
0.12581382442650318 0.05741822411746662
0.11943544950984958 0.05317724691417304
0.11274615342541477 0.04880377138972409
0.1102354290869156 0.047255762651441456
0.10783767819890865 0.045939469447100506
0.10549700772608939 0.044893732330678504
0.10310036761281181 0.04352762271542409
0.0963127105109625 0.04020423200976355
0.09357341554496293 0.03935766068287523
0.09137021302054735 0.038181516784300935
0.08975256114010531 0.03776762685381063
0.08801391141931578 0.03745622503323145
0.08570326059112214 0.0367896178184485
0.08378634110191305 0.03672744648423682
0.08200370087158279 0.036696610452431354
0.08043644560666378 0.03674200359569829
0.07935690184091378 0.03729717361239692
0.0780842891486042 0.037980405188804384
0.07750706452727879 0.038469304454845296
0.07678455823186725 0.03959941560403171
0.07673273963317775 0.03958232165816651
0.07641813663019444 0.03956486607846077
0.07636987538333219 0.039768395762920884
0.07612206728659643 0.040247261039267
0.07607374379804675 0.04018399400849371
