0.17862580766168545 0.09314240647516012
0.17615648732239098 0.09106701571117239
0.1733484466866732 0.08902487884613781
0.17087156648089172 0.08693338505124477
0.1690952466621754 0.08561916381857654
0.16727151978196964 0.08418498966452533
0.1647014713988241 0.08235637812062188
0.16227052455903967 0.08056332245986035
0.15947260840274374 0.07848385978987836
0.15705107790298872 0.07662893830404399
0.15378192368936797 0.07447535065734244
0.1507989439153601 0.07195241399092132
0.14878806727707006 0.07055468068091476
0.14658585903049975 0.06878418337936143
0.1437382774222195 0.06690718673383017
0.14076460872427732 0.06502542867288962
0.13806426269292013 0.06306612523419432
0.1350295313265556 0.0610721997361318
0.13254145486281235 0.05923125303166974
0.1290055904734199 0.05666533875478118
0.126367072666585 0.05514847776300647
0.12429219553833905 0.0538527375543442
0.121191521083415 0.05199807124128547
0.11780783967724155 0.04999070845344189
0.11507622067920137 0.04804984803429661
0.11216997833476237 0.04643972953683731
0.1032547426200392 0.04139388606463902
0.10009398158072023 0.040063192614922
0.09797252993324351 0.03925408046242606
0.09520774321717296 0.03796287907164539
0.09265197245529153 0.036770584277465365
0.08953947015862322 0.03604633607509785
0.08725707948003429 0.03538841107756488
0.08071292411807937 0.03483552225245591
0.08021489159725624 0.03543503440119919
0.07749502388535032 0.03697965764804278
0.07687862682202352 0.03695050008651986
0.07648882957955659 0.037713447683456844
0.07618120999969377 0.03756288760201699
0.07633121593275355 0.03765562390373432
0.07636619706179569 0.03754496850103824
0.07611332431253062 0.03778329444427843
0.07587738470725135 0.03821419982421528
0.07572968022721704 0.03815608558186516
