0.17683798365650696 0.09069756675893093
0.17510296713392734 0.08940658689948182
0.1732811863690558 0.08778622840172416
0.17156389834749672 0.08662758965746037
0.1683691841316998 0.08413783665932945
0.16666728636562125 0.0830290670577491
0.16491601711994386 0.08150156926715099
0.16190916751712361 0.07947271585925149
0.16010999298679665 0.07821714775478109
0.15796074285064177 0.07664901703915444
0.15657774727751556 0.07570530395400601
0.1545067421201892 0.07404401770128886
0.15291922672610053 0.07299971400424589
0.15148482808298824 0.07198972851116503
0.14993933402780504 0.07100366176630017
0.14668382542796793 0.06881462457664567
0.14470106029085628 0.06757091935648768
0.14313250960137283 0.06628450668069615
0.13999984513914784 0.06436780121798426
0.13783773465252291 0.06295204397121465
0.13578705498204227 0.061691801472202705
0.13402079796577238 0.06057874343526315
0.13072031647118423 0.05846763247662974
0.1290309532344759 0.057511826003768335
0.12752609098703707 0.056550101490111214
0.12591605560516556 0.05572274437734663
0.1220122013485467 0.053306232494606864
0.12059752446494809 0.05272549793880643
0.11830370559020077 0.05153279829670209
0.11530444570241202 0.04998606687351791
0.11255762050320883 0.04831999901537524
0.10927940983909191 0.04703622908787381
0.10830119906764567 0.046765816435754434
0.10642686527596511 0.04554525804544781
0.10459566444811885 0.04539244501196645
0.10267238082767452 0.04404862358807554
0.10108190429476674 0.043973013112148414
0.09985192964288167 0.04396291384687747
0.09881255075142778 0.0438412160921993
0.09755316595379565 0.043604357766493664
0.09608914633951877 0.04357479436523609
0.09471085600639315 0.04376734779313686
0.09387069755154259 0.04432112149188834
0.09318078095561105 0.04439776655284587
0.09235173875004907 0.04428600992738478
0.09132228781916668 0.04512418193807088
0.09104721814711597 0.04544439404579912
0.09025649825267894 0.04530247899867436
0.089090604944753 0.04583809385395167
0.08889535185918886 0.04626153396132037
0.08744262098772398 0.04660208397373968
