0.19692881062582127 0.1108648425933854
0.1947921480307027 0.10930814940284161
0.1913425490669556 0.1065311954492222
0.18910468510977857 0.10456540379314345
0.1872189383065465 0.1028746425715651
0.1863405893918296 0.10258351447874316
0.18472694095172487 0.10106044079445267
0.18317910021033948 0.09978551057111212
0.18168343064803194 0.09883664424330475
0.18064787870913335 0.09792688918320223
0.17833861454799074 0.09626706092838519
0.1773495263684324 0.09550887416861853
0.1756892417972504 0.094152171725158
0.17384758385387045 0.09279893265188593
0.17227720071976307 0.09174131002657106
0.17088935925518248 0.09083983037124911
0.1694866555163859 0.08998289440384977
0.16750717679303379 0.08840627334807816
0.16536072731373433 0.0867589013576929
0.16379775616431977 0.08571188462924806
0.16176966861112202 0.08430031851784846
0.16039865254331817 0.08343069971039752
0.15794109123107436 0.08148284529088684
0.15491117914219243 0.07962779516631772
0.1536320946674773 0.07872143874051231
0.15020477953884662 0.07618703398789663
0.1477049392699896 0.07454233774768815
0.14626491705012357 0.07387267731937477
0.14391524129285238 0.07229256592012662
0.1423329262040587 0.07123651314017755
0.1403110727620173 0.06991078142608162
0.13879047633129205 0.06898718367454039
0.1368352637180323 0.06762149373149416
0.13527653482859048 0.06682766986352638
0.1333660622573006 0.06544682093258353
0.13217505016400596 0.0647616562582862
0.12805551886804017 0.062482008816855776
0.12589005104042048 0.061160393226519685
0.12420046327394144 0.06005670561983494
0.12092072708084096 0.058138057876648955
0.11920866395509326 0.05694456540465629
0.11504490015616113 0.05527633766793354
0.11375198763765224 0.0545407707075443
0.11177801523367785 0.05368367829507413
0.10964123772406793 0.052613065334223635
0.10771535703472808 0.05190183906899085
0.1055405332522701 0.05075185990531642
0.10272726370822628 0.050490121907178054
0.10088871803232069 0.049393123675935235
0.09972186671083469 0.04921875215786305
0.09892226295132284 0.04901143546573935
0.09694348329112652 0.049011807697114745
0.09529971767807763 0.04882173772538448
0.09398183998632058 0.04842165373272329
0.09199635698079488 0.048194117863860596
0.09085374304077841 0.04808269660549154
0.089692896001466 0.04853904148241393
0.08905266906526407 0.048881969077649925
0.08846050511507383 0.04913439050208812
0.08774298860722411 0.04911788824444549
0.08757485913015553 0.04999894372603909
0.08690354782404047 0.0495256650188649
0.0866618539200857 0.05019537399909681
0.08642087823170194 0.0500500581069361
0.08589077768305418 0.04962762944243581
0.0854115076444184 0.050420816740805084
