0.19188763167564918 0.10901604248437778
0.18847748116731994 0.10624458382210683
0.18492424822390985 0.10350912080882517
0.18179775538951495 0.1013823045867339
0.1796955000612445 0.099329043274523
0.17796274038461538 0.09815897294325965
0.17529782046178344 0.09614486707908958
0.17268327413032827 0.09404291662960328
0.17063564122978933 0.09293641146551436
0.16767561856932875 0.0901173386491505
0.16477086905928467 0.08817367675868118
0.16198990997060264 0.08601220590197474
0.15988626707190104 0.08445237815814857
0.15750293782153357 0.08295268432204568
0.15495302356381677 0.08089491133799313
0.15213888718765312 0.07935945530884463
0.14969849529948553 0.07748149769349871
0.1472083135564674 0.07545000750533713
0.1452014943655071 0.07421392886330279
0.1427539253889025 0.07237028384246853
0.14015884332128858 0.07085822227055906
0.13829491517638412 0.06986153369653142
0.13544672112322392 0.06797851605933664
0.13334185333476237 0.06653817432500611
0.13149862391291034 0.06555872891556218
0.12978207488669768 0.06413888787061077
0.12611972149069084 0.06210174587692915
0.12325281916033808 0.06052084737688467
0.12195173742956884 0.059424706570853164
0.11994955942246448 0.058600845974846
0.1178547204189123 0.05766852066156767
0.11456347034235669 0.05592785685793231
0.11293713253307203 0.05512451866813623
0.10981053443471338 0.05362265857804439
0.10823758459394904 0.05293425129223837
0.1038483548199412 0.0508158123380793
0.10211395876714846 0.050141922754444825
0.10004319650293973 0.049465123115326456
0.0987295213743263 0.049177874578867194
0.09687307654029888 0.04839528139280989
0.09485834341315531 0.04764826037751846
0.09306207128858403 0.04748818017986402
0.09068496218152866 0.046005105149425705
0.08878767492956884 0.047104715219364324
0.08605112766413522 0.046322654095690266
0.08480033339968153 0.04701880886130137
0.08378842134676628 0.04630486258109934
0.08300206125979911 0.04705314860185299
0.08243019085313572 0.04794376131012609
0.08087450430242528 0.04697832325730242
0.07948530227982606 0.04691700035302882
0.07907271538920872 0.04726260201698986
0.07903575816848359 0.04737637649967755
