0.18875532865449482 0.10984766082709696
0.18640163530553813 0.1078341267831679
0.18329575595191402 0.10511902308860431
0.18020586792413515 0.1024272258854351
0.17744689500926616 0.09998832408471878
0.17415836981781455 0.09726101119989719
0.17213505534569148 0.0960591022395649
0.1685464294644258 0.09312192298179386
0.16609851177635707 0.09100776836987641
0.1643261557879177 0.08977069996421229
0.16197054731011729 0.08764809823348238
0.1577440398892228 0.08445777528733805
0.15297106002841132 0.08115210733862366
0.14877574048073716 0.07837581195972984
0.1475904863906348 0.07720961838929022
0.1454025378674596 0.07584524407671836
0.14343366093271984 0.07449983664945448
0.1413769370379177 0.07311707298621552
0.13737592646272945 0.07013900211686416
0.13491466990226408 0.06857187536271335
0.13277944487615703 0.0673016337990803
0.13047560233100292 0.06610696291307869
0.12911136029916456 0.06472721106600415
0.1262044724080493 0.06342268985280056
0.12403721685203072 0.061937686365570836
0.12119874693885806 0.06029355859098647
0.11912150243849526 0.05933984919070017
0.11715681963592328 0.057991311201831666
0.11417991463428087 0.05675101507920278
0.11151898674056715 0.05519923887195459
0.10810273203088229 0.05399728133394223
0.10672917289721917 0.05310368951150458
0.10483976423385041 0.05228293182405432
0.10275218761337562 0.05105928705064998
0.0991085975342946 0.05016144737996606
0.09807335548652239 0.049913782174400866
0.09554875603955032 0.04935618057493865
0.0939734572334876 0.048999042868572026
0.0913030111494205 0.04768447147311362
0.08944554683516533 0.04793304346204015
0.08777670356073011 0.047596567462264
0.08722710946079777 0.04809170896019411
0.08561355595608135 0.04832617722933985
0.08557036980065501 0.04833667540575533
0.0845564814394905 0.0482167587037385
0.08339082869310382 0.04867227160977018
0.08187777157446266 0.0488814956778387
0.08179712549885276 0.04901150574227041
0.08149341479116823 0.04856199487848758
0.08129729602192501 0.048764148195345663
0.08103551706027416 0.049785623459331886
