0.19225489094668397 0.1125182148804859
0.19058251039947743 0.11115866793609587
0.18841956565913287 0.10927212674291406
0.18538680039878988 0.1067906362758784
0.18062151150940986 0.10333542141171957
0.17638945291013478 0.0996623210315711
0.17456142935722144 0.09792694336277648
0.17007736453053787 0.09473191981778997
0.168612866099668 0.093845645129909
0.16578481753030214 0.0913919510637082
0.16339543936257464 0.08958641804290209
0.1591624503200878 0.08696595620129093
0.156443167684514 0.08473250210721166
0.15410175050708197 0.08295529165238048
0.1517910763244293 0.0812869495483526
0.14918571063300526 0.0799803167467373
0.14731973075237212 0.07832129148604852
0.14527820405505953 0.07735666071068988
0.14346463594462125 0.07585393307060366
0.13910519295512142 0.07294886903619982
0.1346020972074886 0.06996230255307656
0.13170618383685467 0.06824168408220133
0.12971237832488605 0.0668730169420498
0.1274037760570142 0.06563611430849443
0.12522401619347204 0.06448002319973714
0.12188607515187903 0.06271182664467956
0.11793435813307894 0.06059587745042015
0.11562456643264774 0.059051673115856844
0.11135709343813846 0.05667510741847353
0.1079211776855699 0.055012957055740594
0.10383401883017543 0.05381740887627623
0.09967650120201753 0.05166962403364191
0.09824051078377927 0.05153879493173927
0.09426448713509744 0.05049407012950083
0.09205631518090425 0.04977736411631128
0.09074568519910027 0.04929901091158079
0.08937191936967134 0.04929452522089157
0.08759739150533356 0.04967034531569738
0.0865550744876385 0.04954948146266001
0.08549090644276482 0.04979458938114986
0.08471455230065417 0.05000504480758555
0.08486912098017838 0.04964561555411333
0.08271985471426607 0.049541700596346
0.08238839631033416 0.050099770477199254
0.08084529940856809 0.049647066494348115
0.08033557000370796 0.05051274633457419
0.08060509158477232 0.05066295319507032
