0.17369365589269253 0.09236198696374513
0.16656365220930006 0.0867115578424684
0.1534009633205201 0.07684797125484742
0.1431564034491508 0.0695972816881325
0.13446881044502246 0.06374270253875176
0.129696957462639 0.06070061195269688
0.12078870948268254 0.05528858354071836
0.11272345505893427 0.05077083291614648
0.10475787938023397 0.04668905694134479
0.09922755245003824 0.04401333643518953
0.08624757760252211 0.038143010280232176
0.0813500368952127 0.036020803223950966
0.07350993826487086 0.03289751764614084
0.06596840663549981 0.029631640478265314
0.06120989809842564 0.027616379811861963
0.05833848182175322 0.026486163976358106
0.05514143618139452 0.02467684166705796
0.050785784334304945 0.021866107716121203
0.04708326336317637 0.020077487405416546
0.04589031687594383 0.018920639493934507
0.04389168573736492 0.01762918003966325
0.043356284757803155 0.017228973318541327
0.04260147370940301 0.016967414692768638
0.039689190966740374 0.01491032519988717
0.03938690839721558 0.014058186431771478
0.038843693232241266 0.01405660175109723
0.03880966657253893 0.013823274717285415
0.03876996600982565 0.013844218126809152
0.038833772281153776 0.01393850055793707
0.03892863419377219 0.013954155854334231
0.03880640826789847 0.014239602024023749
0.039067647211592206 0.014185191507324306
0.03905454935362897 0.014352296421589817
0.039172932826197805 0.014551836714762269
0.039053709041410894 0.01459231957416558
0.03924962627892168 0.01467405268301786
0.03864005278329027 0.014759603860796772
