0.17515684139178694 0.09540677956148302
0.1655677529686029 0.08761684119511629
0.15349632241638395 0.07829366710272871
0.13972740783787163 0.06832231023010535
0.12694170125644708 0.059791794336006586
0.11114694423573795 0.05047319194306575
0.10136612268836288 0.04539996033470497
0.0865387355492038 0.03807702619446686
0.0764116634947026 0.03302729538822073
0.0713144092302469 0.03135237206323095
0.06458158226719388 0.02651890638990372
0.053611307709726524 0.020668263227896593
0.04484441282609282 0.016663929494311964
0.04023437691512884 0.014008282181396053
0.039776843058715095 0.013363081530964665
0.039133891215472526 0.013003840141174942
0.03889493819572801 0.012933187953650761
0.03868045812869543 0.012959092001548959
0.03839492917547115 0.013185824275143289
0.038216709679183745 0.013461951953090455
0.037839577719452316 0.013603492469639166
0.037488314362577706 0.014154648080831878
0.03763544413599805 0.013838090279265094
0.03749290827789163 0.013832239367576467
0.03751402257339387 0.013891236960023463
0.03734118937697948 0.014214945126220789
0.03735898571175993 0.014530440965726006
