0.17368796380196055 0.09370497301952717
0.1686848267695073 0.08956455295819184
0.16291022761595356 0.08493321550635667
0.15378092025859952 0.07793917866875925
0.13718480612709708 0.0660228403716584
0.12120291880611052 0.05575994679588177
0.11318504025346732 0.051123810080193094
0.09513301270835789 0.04188822736643782
0.08896813579237388 0.03934746891395093
0.07787733424221328 0.0349092473555259
0.0699197330621734 0.03221412321201644
0.058666631520852976 0.027553955630864137
0.05352941474392975 0.02472058824029628
0.05030521319082243 0.023558725259396226
0.0487341214590209 0.022205590620476043
0.04764671151825004 0.02175266474475017
0.046192328060233476 0.02034561545206918
0.04560344383698973 0.02019359491627958
0.044527338301631504 0.019350646473065107
0.04086332487531677 0.01761880181716818
0.040235189377615214 0.01675282700557569
0.04010010964649757 0.01672335644293147
0.0399518118664545 0.016726283568698163
0.039775030054274955 0.016914343759183974
0.039743205539164404 0.016623310659123564
0.03953049135305551 0.01674025351890742
0.039216071090926057 0.016512598072930273
0.038926369923194884 0.01651664529266942
0.038290670977323735 0.01625225661067504
0.03790812212847959 0.015687507355682362
0.03761014768992245 0.014971166734951209
0.03739925122534575 0.015176469463373634
0.037557273096171226 0.0153426100924554
0.037186887154466004 0.015719026773493284
0.03719534267705509 0.015066552768389717
0.03733356385303709 0.014707092954820974
0.037341287970524176 0.014746585900423959
0.037441461692904784 0.014642140791417
0.03745452866471078 0.01483759519656084
0.03738781013111077 0.014992112359366157
0.037543870397433156 0.015173069320460805
0.037966018237914755 0.014843864002447018
0.03763392435086142 0.01517261224771285
0.0375585032955723 0.01550537582392146
0.03739892029451271 0.015659073178920128
0.037406109646958 0.015600983750234701
0.03731943694334556 0.015934002436814265
0.03701296381730807 0.015916814375571447
