0.17490535812714356 0.09475798675585972
0.16478095526090153 0.08632800121405777
0.15541650079617833 0.07905047365279198
0.14491091797831945 0.0712789153102623
0.1371742080322146 0.06584673754114037
0.1312989286042381 0.06192089352949597
0.1206906272966683 0.05515924931166329
0.10978729980707987 0.04882724003909725
0.1014398674822391 0.04437109270759206
0.08913178282704556 0.03857972396690424
0.07812299519996325 0.033785795745551
0.06859263515892945 0.030230891511567947
0.06333819301965948 0.02847563399684915
0.0578527443272293 0.026130503892177494
0.05390150833690593 0.023597954813005917
0.05026168621386575 0.022360273197311837
0.048225608425710435 0.020929609026227678
0.047104791232851544 0.02011729635562025
0.04660865824810142 0.01946133673138051
0.04534090213130818 0.019071871138747275
0.043984174041523764 0.01910497030527264
0.043326580490568346 0.019038423145608406
0.04185830130756982 0.018139802355546582
0.040484003705291524 0.017232192154351428
0.04027232744365507 0.017002836620016594
0.04015701555609995 0.016804932487581446
0.03987839619824841 0.016979275214631794
0.03937883974231381 0.016563114206300175
0.039350172058733465 0.015862024290624027
0.03944956277177242 0.016039339509050187
0.03947801992742528 0.01562985235464316
0.03915880456501102 0.01609223221061366
0.03937677513320676 0.015530725875118834
0.03930303054951617 0.015394426965772883
0.03934609547250122 0.015511543125979863
0.03891469264836477 0.015594972407896309
0.038947133088100196 0.015481324154294443
0.0387812538277805 0.0158263435356983
0.0388286680663584 0.016402769334756106
0.03875927040589784 0.016375402054568666
0.03870657622259309 0.01635340561838766
0.038682004264147474 0.016684417643171256
0.038452753705291526 0.01679806182486713
0.03834808065516291 0.016551019288195218
