0.17133097459300728 0.08686419335731656
0.1645788497794536 0.0815844003961142
0.1565385720817469 0.07562830509713135
0.1485350738364277 0.06996232781074346
0.1315739102549163 0.05891137832542431
0.12144711256574686 0.052911369448363124
0.11075122041084431 0.04716424424389053
0.09189925948913705 0.0383698694445893
0.0806553841591761 0.034055531935806585
0.07018372879326291 0.029943970412712156
0.0644843367447697 0.027848844596880216
0.05702343125190126 0.024536006839711324
0.05309138867865974 0.022943083607164225
0.051530858938016406 0.022132184705226675
0.048409411346301987 0.02079190124050712
0.04334929467014945 0.017757151094614548
0.04302446540807214 0.01689253015885051
0.04270880226017114 0.01715256881780874
0.03999474364319201 0.01578036465252009
0.03984255883639089 0.015191508872258145
0.039095338454525494 0.014980564757346604
0.03890724385018424 0.014518445643309903
0.037659756314182925 0.014334800099731853
0.03772904360850931 0.014472133221702502
0.037513429099948724 0.014257744957143093
0.03752819885789355 0.014079031114228136
0.03623610258013513 0.013659095462629545
0.03628878497708673 0.013289469858474772
0.03619422019434577 0.013149611920186386
0.03615356922065433 0.01339765636149932
0.03620720751921501 0.013300060953675977
0.03606087072200729 0.013641421748405389
0.03637915481316728 0.013091834634673338
0.03635467750304202 0.01350179297338151
0.03635571485992606 0.013899219699888433
0.03637340982053927 0.01459198694917621
0.036418272511094786 0.015256299089719557
0.03629235942621141 0.01521045705586562
0.03628937432995849 0.014705014023612469
0.036402867881153954 0.014649872785709287
0.03650789487524042 0.01494086724728079
0.0365386250755905 0.015141965382634787
0.03665042483621548 0.015073507212805199
