0.19277147246219772 0.11438411222406973
0.1892216872143992 0.11112537218821814
0.1804105036748122 0.10404304988565052
0.17665262743557433 0.10089274246784957
0.17290608942615074 0.09781473425139761
0.17069153395830472 0.09623391615200194
0.16761699674194433 0.09367948103566377
0.1644724957527604 0.09112841218567704
0.16094462086798134 0.08851389137282901
0.15862681472964757 0.08708764639806048
0.15496555284902136 0.08417187172004817
0.15274107643008786 0.08247848869486919
0.15015822959363784 0.0807952907832663
0.1467225161309302 0.07808107130304545
0.14337556453659123 0.07582311577988278
0.14080654574393497 0.07361843789532051
0.1373023049395458 0.07157645209509512
0.13377182532629586 0.0690419178706967
0.13036005238262174 0.06689568570672949
0.12744287140976485 0.06465769581139794
0.12386450118224028 0.06210031521200227
0.12149905341102983 0.06076931291741703
0.11781353499651885 0.058349496087190096
0.10845462111006786 0.052370882969937686
0.10619148554099904 0.05115942628808887
0.09812080140753397 0.04618903152171811
0.09497627168972719 0.04466690459983897
0.09257224137804232 0.04301893110512971
0.08881295743628528 0.04092441212905471
0.08590744028430151 0.03969483748960773
0.08328106000804095 0.03826833087394489
0.08053828092823942 0.0365895673709011
0.07774654827511816 0.03520056711230279
0.07600664711383828 0.034800585618136266
0.07350278483778364 0.03302587273476169
0.07241117856761997 0.032327337401566916
0.06669287547007688 0.029545450033559087
0.06465294214806135 0.028135888037463263
0.06355430215340564 0.027545677429166852
0.05830112503585332 0.024882286412989438
0.05710586110637834 0.02434716604825189
0.05333999830999088 0.02246326124876743
0.05237088609951411 0.022010648126249834
0.05095854869585842 0.021586160051205228
0.04962450636564995 0.02073252696293033
0.04885206551903352 0.02017245091206829
0.04781839051682716 0.01991104468537321
0.04517756453138177 0.018564296733875756
0.044249606073123615 0.018488240153498293
0.04371134659558924 0.01818957976998216
0.043317673488705896 0.017645056517022605
0.04294856814245474 0.017857673460252507
0.04193906348826463 0.017533652791290797
0.041600511032404044 0.01759284297463665
0.04030835024619281 0.01697482155767329
0.04000943850174793 0.01669989497033197
0.03963966282096384 0.01646746749567737
0.03980451484097673 0.01695119835197957
0.03931748807417409 0.016407094533649545
0.03926881939303085 0.016570415095598513
0.03902981400936354 0.016428122909030708
0.03933110783545225 0.01608251686628914
0.03897878000493979 0.01645185131054791
0.03910843706792151 0.01633870915639984
0.03903313695340539 0.016003025237675668
0.03871633445908677 0.01590384715476263
0.038829498898506294 0.016618273800625194
0.038714055321674774 0.016593316765836297
0.03872320299399748 0.01682550013223385
0.03893310628272765 0.01668835444903024
0.038843812934836436 0.016651159633442943
0.03842863166565338 0.016630842004202482
0.03833311378281345 0.016579712787997032
0.03862632528967645 0.016558223169389832
0.03835473685960452 0.016411963212146594
0.03774605155722926 0.01649263492211323
