0.19248191373713866 0.10944147522265833
0.18823679032949533 0.10590303234730808
0.18338821732606567 0.10206288838382294
0.17926357330965212 0.0990651729076788
0.17666263473787358 0.09662370150718289
0.17402104513718766 0.09471938508703412
0.17014752266046057 0.09171874869699008
0.16658167718030378 0.08888988701861601
0.16283081592969134 0.08640652384925114
0.15934432033929447 0.08326048241075598
0.1553574764208721 0.08055283865922712
0.15142082427425282 0.07754392272699476
0.14890794379287114 0.07579702076337617
0.14616070745039197 0.07408612530716287
0.14272299692246448 0.07154471304594379
0.13922319979483097 0.06947958891426959
0.13609848687836845 0.06721181959428094
0.13265236480279274 0.06460609293518446
0.12974671576433122 0.06282886884492861
0.1258942365109015 0.06009077266577066
0.12263684315286624 0.05825022229349204
0.12051041539073984 0.05711735832460027
0.11707629340703087 0.05491203032573163
0.11355138603931896 0.05261986214502535
0.11065325858953944 0.05109568801008495
0.1078436007165605 0.04902768639817481
0.09940112460191083 0.04415788228052448
0.09579803481749143 0.04247533814844723
0.09384401985852524 0.04097670300790284
0.09082476229483097 0.03985098387672901
0.08754553144904459 0.038260092919374614
0.08425417610852523 0.03655429548946612
0.0816085003521558 0.035384708357714095
0.07370173647262371 0.03129430776642557
0.0720899777223175 0.03057112368882455
0.06667878797158255 0.027882509311308874
0.0651254220128001 0.027284734509123155
0.06317763198187164 0.026417155215757594
0.061813616754960804 0.025891968924429593
0.06006755075636943 0.02496247765772327
0.05790873040176384 0.024057928172533802
0.056178975532827045 0.0237030018438459
0.0522237921438633 0.02087996977755362
0.050616976015127386 0.021264631878415624
0.047708274321717294 0.019485590360784337
0.04701299148701617 0.01977089252617834
0.04644601106994121 0.01940944979059762
0.04570359390311122 0.019410752800515782
0.04490195140249877 0.018581653018796006
0.043128306245406665 0.017862672505483065
0.04142891524528417 0.017377783153176285
0.040676737238179814 0.017371276247397455
0.04071729257257472 0.017850652238988
0.04034052413798383 0.017936888421436495
0.040157010771374325 0.017682399726003075
0.039826565657918915 0.01818208095548501
0.03939744036317981 0.017984687168601143
0.03869929387019231 0.01721656417914545
0.03845291399359995 0.017368060798963986
0.03868850431390862 0.01758421521406542
0.03836178410935203 0.017451331276546654
0.03834379354100319 0.017298169247176465
0.03801760922571656 0.017287914830580915
0.037860067349797896 0.017494823304471375
0.03803538687377511 0.017132183428528343
0.03784346913660583 0.017074517095837596
0.03791382852691695 0.017220133883400417
0.03778956441771803 0.017065263010814635
0.03766004428742038 0.017099107336136947
0.03794639815424424 0.01698436781172862
0.03758538342877266 0.017297550317465337
0.03767136016352278 0.017215702292376664
0.03740729115629594 0.017062654276374312
0.0374540211791095 0.017367230130141156
0.03754913673980279 0.017376663379027865
0.037524344683978444 0.017256656165564956
0.037742250658378246 0.01730174845254542
0.03776432259768496 0.017339565600816138
0.037534978736679325 0.017565959502191142
0.03710843719377756 0.01748358484392721
