0.17830274693824522 0.09769454000693646
0.17516032692628256 0.09501591275258667
0.1723581104021219 0.09324281663493213
0.1692503350709425 0.09086248872134219
0.16618245187357822 0.08856256226579082
0.1630859949538653 0.08649048671985542
0.16111283770615978 0.08482114173179386
0.15798539400175518 0.08285036684136783
0.15527894349542576 0.08065370573860872
0.15364371073219818 0.0793983343425976
0.150951413028024 0.07746303195366389
0.14454826591977663 0.07249627722250011
0.13829265076200678 0.06802043773110021
0.13158490241116252 0.06291590050669327
0.12917449252149846 0.06167747732350714
0.12621173074636707 0.0592711711461189
0.12381149976650749 0.05751291281096624
0.1209010210088102 0.055534921436289575
0.11323330474939697 0.049715763357868877
0.10943984626264905 0.04737486972545709
0.10659957612836327 0.045381921822838366
0.10394693116689872 0.04361778288963704
0.10142959963388865 0.04225782104967169
0.09806564709292634 0.04028990414608988
0.09480118549539633 0.038389102705047036
0.0912696304536741 0.03619632781669366
0.08803874106477487 0.034125172547919615
0.08524441487145043 0.03251004564833801
0.08227500759923125 0.031067909265011497
0.07981521611233135 0.02993316704365825
0.07268132286682225 0.02593319990376006
0.07138371774310186 0.02568799596731849
0.0694982542451512 0.02508801843827379
0.06677421328039203 0.0236734336958279
0.062189117134795656 0.021593108040560333
0.06065242732622274 0.021224636891557
0.05878677583616057 0.020615557794398876
0.05734003005373392 0.02045823223058689
0.0538742788390826 0.01913874639316123
0.052396412212945165 0.018878592675677618
0.05125870119638865 0.01912702837722395
0.05068366939758933 0.018755392932115953
0.049598112127269965 0.018840371487121258
0.04941270371608537 0.018313000047843617
0.04846907664437559 0.018385921892531146
0.047996686175956524 0.018407309565562684
0.045854451778281395 0.017194863296794857
0.04586589946094485 0.01735747033393463
0.04539666416729585 0.01709151967996247
0.04500925275349565 0.01736994805081303
0.044364064997328014 0.017002561803331297
0.04409333759615479 0.016792184015361082
0.043496435025959956 0.01679405965356385
0.042362999534547086 0.01603982100269168
0.04220697877546968 0.016213623845707962
0.04186047930159388 0.016115588689803402
0.0420851239149646 0.015914981762427595
0.04186791000150759 0.016238325596024384
0.04170538738000569 0.016077600943987386
0.04079588311646925 0.015003443185963477
0.04076101819586896 0.015009465468912358
0.040881312226366394 0.015419560942837068
0.04055160843245019 0.015332181840808222
0.04058496518908603 0.015146671776894676
0.0404802363682661 0.014952104674407775
0.04037249600733939 0.01510363060297121
0.040276102784811835 0.015230893329718866
0.040237690088028515 0.015300174547161025
0.04010187393825257 0.01544340718623223
0.04029365494066471 0.01560215904470632
0.04030723799198894 0.015608849270756184
0.039764569476737774 0.015415043218590406
0.0395969430368673 0.01505657907168183
0.0396153498189667 0.014919665579159943
0.03982155892330537 0.014981225644230716
0.03961326232852702 0.015426843546707807
0.039497014007711995 0.015457031876112321
0.03938450976378648 0.015128115103107314
0.03923393515235846 0.014909535783485006
0.03871818856082817 0.014135786447164065
0.03864245957852457 0.014330202419090743
0.038795739309444376 0.014269684075381506
0.038873601266497686 0.01476100008100598
0.03853898516709729 0.01485895562349042
0.038850205573760344 0.014702963247120402
0.038652880273345576 0.014872740889590749
0.038432166461926626 0.014394866058166094
0.03838252871620793 0.014743610620920338
0.038506226888225116 0.014467851323713714
0.03849859509978281 0.014146047132699196
