0.1912610296192079 0.10944372217663138
0.1873608935563166 0.10614101584799863
0.18339214340298904 0.10272630630887164
0.17939086863751888 0.09975685429200334
0.17183944716822366 0.0936987639185458
0.1680584274662434 0.09071000322147264
0.16517410576290895 0.0883304147671757
0.15777421027098504 0.08288938735755533
0.15398050271205818 0.08020832189750571
0.14990254499244401 0.0774552053628771
0.1462497454762232 0.07462238825709754
0.14276103521566444 0.0721768061431665
0.13922707415412242 0.06995400824614659
0.1360574098311189 0.06766269187317484
0.1327661375740879 0.06550943631604876
0.12559650177001355 0.06063029578882509
0.12120291923439248 0.058133000505006145
0.1185102761674975 0.0563229216269569
0.11114475480160638 0.05217039214482149
0.10725427837602791 0.049780951010286754
0.10439492990169863 0.0478684803774921
0.1007658003300836 0.046296876029224485
0.09414997414897062 0.0419632754048626
0.09137798406129177 0.04117317675455329
0.08913315334720233 0.039695175548816804
0.08616176074642318 0.038209412275080144
0.0802486444308971 0.03489447318458524
0.07788572273406374 0.03412210989475836
0.07538897960344582 0.03271134063436594
0.07020205143864199 0.030280765363920055
0.06492825841032422 0.027169409021015393
0.0605178385902204 0.025061447382098905
0.059438479533221796 0.02503657981755967
0.05762623382700724 0.024179117888573413
0.055922175100398895 0.024157632827423756
0.054473454703354074 0.023185106817205613
0.05304573060130169 0.02277462850571014
0.05194116832393333 0.022798394478416476
0.05072590353640855 0.02179151006015474
0.04954608137646459 0.02156263090448934
0.04851566256525622 0.02102372467507383
0.04768116764775872 0.02097342400858236
0.04749037543637028 0.02082344268257413
0.0466899623642131 0.020733725934587294
0.0461078590119203 0.020653772077722916
0.045534389918773184 0.020524184942119845
0.045051647627470416 0.020476451976299704
0.04452889642170235 0.020620932043823693
0.042886427465936745 0.018862674886682383
0.042307232546108665 0.01915826869517664
0.041225779609394934 0.017936028434127574
0.040850778689429476 0.01751617453082802
0.040867970543932645 0.017974515801340463
0.04084577637724962 0.017967528331977043
0.04063790251555355 0.01820003523592913
0.040645894715473085 0.018274810807097256
0.039934210395180365 0.01720995746386736
0.03901784573911865 0.016874490587484768
0.039168997980522494 0.017188085103399323
0.03920620147948845 0.016774251091235263
0.039004820082355306 0.016894741383332603
0.03901303269066591 0.016870834696341038
0.03881926736174146 0.016634820656346746
0.03843996129092006 0.01649867891532433
0.03854504817859106 0.016428892670669434
0.0384891435067918 0.01633387970501397
0.03849204954351314 0.016666859288888218
0.03811650958128692 0.016374290167458255
0.037864429462721776 0.01632614041932664
0.03786033753302676 0.016446984507341115
0.03776589014171148 0.015989018474922602
0.03783247743324731 0.0164241753917743
0.037865842951316654 0.016133255977821583
0.03767724044937859 0.016111017760211965
0.03772704795427281 0.016351609704952218
0.03758389749576203 0.016009330917028726
0.037389760826613494 0.0160953046650286
0.03718673115803412 0.01650401265680235
0.037307795258314035 0.0165470752484891
0.03738720456842581 0.01654663166345663
0.03732045915782682 0.016408056235367858
