0.1937285403345022 0.11363009217307776
0.19081882379086124 0.11118653874412225
0.18653790253467312 0.10749052094898337
0.1823487786139105 0.10401263315060628
0.17445614539132484 0.09799539797898163
0.16592676287718058 0.09099181044687174
0.16301696959595513 0.08847458326870537
0.15510368437094826 0.08276381537458366
0.1530174388462842 0.08152518543122496
0.14975406755240256 0.07879469129774305
0.14664278055874783 0.07659453973667167
0.13849870704843922 0.07139205268267264
0.1349019301344197 0.06872135535718173
0.13129699985204993 0.0661803391369242
0.12786637899281 0.0637730326398413
0.1243501381736946 0.06206840640034505
0.12165250512914015 0.05997127159594327
0.11797878919448865 0.058103975291370055
0.11527360709006168 0.056268201062007465
0.10718803639571546 0.051214039429518785
0.09970943121795438 0.04666552781145235
0.09602952831555477 0.04487534924609783
0.09334967920620187 0.043172657593581285
0.09103203149556027 0.04212436390354923
0.08780633835565477 0.040475593548292735
0.08003099853093568 0.03672132820918642
0.07411449719539476 0.03338132756630829
0.07187567816840278 0.03218659520855103
0.06675284009637013 0.029398618862214548
0.0643960658098455 0.02789963018350259
0.059655697451023004 0.02641770466824767
0.05565220654319896 0.023845859954100542
0.054668641738615825 0.023880419437165294
0.051532530136384175 0.02221030219013954
0.050028861964740004 0.021924727389057604
0.04908183863866297 0.0210879029234458
0.04826840105885589 0.020656799614035017
0.04685684676517317 0.0206773997764893
0.04628172734614421 0.02062461053150035
0.04527595660305428 0.02039933080085268
0.04476140232257043 0.020336139164748235
0.044331950023266835 0.01972780323991872
0.042623325355694054 0.018593906733434154
0.041956835454053217 0.01880300422862447
0.040900250041745245 0.01842570263348735
0.040592206193275575 0.018699859916769392
0.04029019583738508 0.01869329481081695
0.04044601150265696 0.018408618210832735
0.040344962492203464 0.018429450895760542
0.039464108546387565 0.017901780338745756
0.039530616051630274 0.018399229617701802
0.03952742424772611 0.018112259681778726
0.0392274570300222 0.01805720234614804
0.03872115923401771 0.01802404862752321
0.038516341824960956 0.018073638363276488
0.03841562134729098 0.018322359016654965
0.03818064606753644 0.017554596383079175
0.03835977317214143 0.017716230062274144
0.038275304276033074 0.017771679364360197
0.037968214851270284 0.01812419273511992
0.038060187244310366 0.0183513552334532
0.03834337770760893 0.018453433928029624
0.038028554573161 0.01805444396526213
0.03803588301247814 0.018259227172043712
0.0378646526849253 0.01787629454694779
0.038189250269195445 0.018090499564356523
0.037844875970576966 0.018508621476245483
