0.1905586790165526 0.11256232555835138
0.18707881923674713 0.10939211185395306
0.1783806540994136 0.10248311990053804
0.17470038344667477 0.09939654496779432
0.17095198765297417 0.0963475384306777
0.16874919176807743 0.09480096561781863
0.16571077600683481 0.09228434705135784
0.16258856842897487 0.08977347918991405
0.15903573794715528 0.08716009664982267
0.15671275108050264 0.08575418953426064
0.1530706607675185 0.08285585038965827
0.15081631615703878 0.08117038672185732
0.14823847767717058 0.07950822258029322
0.14477774158396908 0.0767969971350484
0.14144271236810882 0.0745667162054479
0.1388807320880484 0.07238682677262408
0.13538303183345918 0.07037142045046513
0.1318252312998882 0.06784366191603047
0.1284186007797025 0.06570644422493703
0.12550516410402243 0.06349400882272517
0.1219151013270019 0.06095221338917768
0.1195582625664359 0.059647801361974104
0.1159032922542117 0.05725722357601754
0.10661708093596167 0.0514151438483295
0.1043943952678519 0.05023157215168983
0.09644248483741591 0.04537264719560666
0.0933901452703034 0.04392118219649052
0.09104213577315695 0.04230182736042597
0.0873602658937467 0.04026226376146947
0.0845112292142668 0.039073515890848724
0.08193715418399067 0.0376614507736198
0.07926835609610651 0.03605739518654985
0.07652868928377934 0.03470260514921364
0.07483674098212359 0.03431946038146185
0.07238959858376316 0.03255848229637368
0.07132841113708349 0.03186218304876011
0.06573910913230059 0.029146879242358748
0.06377608233362833 0.02775918449090314
0.06269395650900195 0.027172431858137596
0.057547625927896216 0.024500905698277578
0.056417441905361944 0.024004691604255512
0.0527152321609808 0.022134880347788828
0.05179941154587264 0.021736306859259685
0.05042756713611024 0.021296205296414426
0.04914286142752604 0.020483970810672894
0.048406135047203806 0.01993330574001928
0.047564027290199845 0.019723266094464686
0.04490285665167978 0.01837045589647298
0.0439171009923709 0.018273652811574708
0.043507622354821626 0.018097011491311234
0.04303311647947351 0.01748656552230298
0.0424142588505609 0.017580385361540458
0.04188878361019043 0.01761015712825026
0.04152737753486046 0.01751203504956525
0.04034446691320677 0.01655209618700421
0.03991840946622678 0.0162280026901647
0.04012277052480069 0.0167828405284831
0.03978195808394335 0.01679195480252273
0.03954416648459104 0.016204486028958867
0.039460077805537716 0.016123636295290955
0.039273052076795975 0.01644141534539274
0.03949639796696346 0.01622487109141951
0.039437506684192915 0.0163989823172618
0.039355950912053336 0.016251786386922453
0.03913733327439497 0.01611198248617932
0.03927337527380293 0.01662440213167522
0.03903530596442983 0.01637664573740913
0.03891549563692659 0.01678363489181683
0.03904787952502623 0.016548310486023263
0.038908859325050504 0.016728585108190076
0.0388356444297422 0.01650839136834066
0.03865329667841961 0.016224203502539718
0.03850611515550535 0.01614303818140136
0.038558949486960425 0.016347146400908858
0.03845064018480089 0.016831635206605893
