0.18914146753503228 0.10774356125738296
0.18530707067051988 0.1045259589284538
0.18140344640526565 0.10118785156593074
0.17741721690822915 0.09827994931755556
0.16983537908096677 0.09224451260388306
0.16612408509435167 0.08932028213787765
0.16325823936397268 0.08697218152020574
0.1558821479782839 0.08159773206953715
0.15213136255777382 0.07896066059572886
0.1480483162792181 0.0762372950814048
0.1444045151751369 0.07343442197552093
0.14092335629771555 0.07101133270504896
0.1373496450619934 0.06878624585565607
0.13418305687349125 0.0665212336730689
0.13090315002306047 0.06439173604783287
0.12375355221662611 0.05958762169721862
0.11943629806512865 0.057155430222696736
0.11674591657998548 0.05536000171194339
0.10937011268350244 0.05126653470579275
0.10556623758966596 0.048939259802334004
0.10274331399770377 0.04706695036667838
0.0991559661906561 0.04556612128347038
0.0925958362516682 0.04129557406024943
0.08990561767707494 0.040574556743032834
0.08770906598360254 0.03912107734673475
0.08480623955839205 0.03770298022242227
0.07905065774463721 0.03443042427463689
0.07676082059538938 0.033698495569703196
0.07432610805239633 0.03230256965619785
0.06925369162972494 0.02994200309299112
0.06415565991882224 0.02689939572943884
0.059883915308593216 0.024842335137964112
0.058841757354817184 0.024839713831850792
0.057065979654350577 0.02396518124986277
0.055400430106850924 0.02400234590279455
0.05400487125543393 0.023031210953796056
0.05261832039913008 0.02265956442447825
0.05154528610465772 0.02272791404328781
0.050356633234610815 0.02171287087675517
0.049216062934223696 0.02149483074146018
0.04821192063641984 0.020925455178817463
0.04750349931861225 0.02112133482439372
0.0470067706774503 0.020817500519329523
0.04634405535186839 0.02070726896869305
0.045743979132730164 0.02030465993608173
0.04528654547450592 0.020083935508279083
0.04468482098392146 0.020286359038186288
0.04434998230599768 0.01981430281534066
0.04286793232703423 0.018762270553698758
0.0423364941557661 0.019155587082941083
0.041083860562982064 0.01802815474673187
0.04092863555783025 0.017855096277946875
0.04091166411171815 0.018077591025471247
0.04071240055173395 0.018455694330276766
0.04065475417449659 0.01801873091003
0.040659526495311855 0.018399456861084885
0.03990913654495319 0.01768918341457917
0.03927166277163514 0.01677666199598877
0.03915948927504269 0.016921144743784856
0.038964583572268806 0.016898475002367217
0.039167656364229045 0.01682462144480132
0.03912635853982469 0.016614079370704703
0.03903942419975271 0.01692135380500862
0.03853425535465895 0.016039355325087417
0.03868508417070634 0.01596140765188952
0.038520822421520814 0.016096348631011358
0.03870634639321409 0.016373325269502432
0.038228903486270435 0.016185729004849707
0.03803553345500388 0.016533590799556474
0.03801127894901306 0.015964062461404083
0.03779293089725458 0.016439036160430024
0.03803421100465748 0.016288785467075795
0.03799565391068117 0.016690688247988895
0.03804738998899721 0.016181845290577517
0.03763155601884335 0.01659141498983126
