0.19051233017170371 0.11252475716272428
0.18698803678857204 0.10931905740053804
0.17790306947331777 0.10213620025866736
0.17417813538827 0.09901166851494829
0.17038092008815628 0.09593758760923966
0.16816349175802625 0.09438819878510585
0.165081197813499 0.09183575969208503
0.16192306030467354 0.08931050427878348
0.15830652888980956 0.08665658088671944
0.15595888328855242 0.08523944209400411
0.15225391559637863 0.08229856607411172
0.14996339207353546 0.08061197492286934
0.1473410912617182 0.07892685651315572
0.14381787041383925 0.07617237670315814
0.14041946585599344 0.07391905519088629
0.13780005705887544 0.07172342954180108
0.13422687713587736 0.06968973533032913
0.13059511955090805 0.06713934620720181
0.12711319131025808 0.06495990453095998
0.12414195264542352 0.06273792058477053
0.12046969727845712 0.06017523703693985
0.11808012704026849 0.05889532214996354
0.11433418275571693 0.056447134815342165
0.10461136340374885 0.05050792427730577
0.10236559907529075 0.04933210470365808
0.09414343848979682 0.04442229194229771
0.09113306186444625 0.04306427589970805
0.08881492055884603 0.041467308892743505
0.08516836773311401 0.03944749243798474
0.082340389134176 0.03832110141472954
0.0797938409126846 0.03692788792853434
0.07717498753560817 0.035381884252053596
0.07449858593887898 0.03402169685977412
0.07281795192651846 0.03362816198145688
0.07040132411371816 0.031852645294097745
0.06937363902937398 0.031146533164283466
0.06372352810624596 0.028401793408608805
0.06181690038231285 0.026944766517492155
0.060781975685012944 0.026406989283879485
0.05558864507694061 0.023820855159398753
0.05449767083647944 0.023168347044970557
0.050884266053401225 0.021437817756122808
0.05016724272024358 0.021006764382761403
0.048979189675101495 0.02062086564229743
0.04780986769205123 0.019591850886312035
0.046971992618812394 0.019610562256247792
0.04625919239321226 0.019222261544480982
0.04363704958882063 0.01787138533124406
0.04302804108943841 0.018172480054008722
0.042609560816732533 0.01775053825735814
0.042123175655839985 0.017353554844160856
0.04157900287010434 0.017477710191828845
0.04096316653469376 0.01719670787134924
0.0408669112838676 0.017434376255876294
0.03964559528158034 0.01696783682472697
0.039312946557713425 0.01633404008023453
0.03923809173685133 0.01656321727367642
0.03913308862037033 0.016304171209687666
0.03896127230337058 0.01625741166614993
0.038970585165274615 0.01606876183803667
0.038859733379993724 0.015980766880358405
0.03869719640817137 0.015977020290645162
0.03866863297491248 0.016137062249428943
0.03871833109837416 0.016313075092080333
0.038600627536545876 0.016146571682138833
0.0384687918863321 0.01641443531399842
0.038419381049098825 0.016336870926817716
0.0385234289388704 0.01640106465510098
0.03856487955352503 0.01638063104072181
0.038330872950231916 0.0165568313477253
0.0384287202455738 0.01664986491561547
0.038151268782390564 0.01677941222356911
