0.18909431930529116 0.10770603744798986
0.18520980348924498 0.10444945324164544
0.18123647267457266 0.10105899480447479
0.1771797699902361 0.09810547432496597
0.16931136292269347 0.09187578221060952
0.16554638511839342 0.08891363125494028
0.1626451782157086 0.08654908984820997
0.1549922538908406 0.08102286730963464
0.15115718621818147 0.07834431058427016
0.146981223428331 0.07559826996798426
0.1432644863127539 0.07276382325676818
0.13970820650587307 0.07031942046256093
0.13602735762614565 0.0680661961166674
0.13280074169148529 0.06579570009736464
0.12944054868886523 0.06365443607761176
0.12195664885102447 0.05873495209474629
0.1175032398116892 0.05629144987196447
0.114766332990084 0.0544880127081778
0.10707003612704355 0.05033155930768872
0.10320656452085746 0.048043872023139714
0.1003750162527231 0.0461932674309459
0.09672641407890605 0.044725378891840854
0.09001770013541892 0.04051661730105777
0.08735741877011657 0.03987392021486091
0.08520021476593626 0.0383971251315692
0.08230956830007556 0.03708926223816529
0.07653266916171521 0.033769455773537675
0.07430646295667086 0.03308141920450553
0.07195862486016524 0.03173376499151233
0.06686617043985388 0.029352051081440476
0.06178487060072518 0.026231999935845008
0.05756432781803819 0.02418276573890084
0.056583936920115104 0.024134464555395606
0.05483887264979491 0.02331510001403176
0.05366589273294752 0.022739811771137527
0.0520079664408867 0.022474885636005842
0.05093144873553814 0.022308105704613945
0.050020711680678766 0.022163295963621717
0.04895887029928316 0.021170249790209743
0.04784586542223961 0.020967999137852956
0.04694738019903146 0.02071560193465042
0.04603463071973191 0.020535740935276874
0.04587480588728828 0.02046513586749558
0.04541171348319775 0.020637674363493272
0.04483748733514219 0.02074660330188938
0.04421357346936147 0.019896927563352197
0.04402286271324799 0.020007677746639925
0.04351573175432506 0.020089196882410416
0.04206834818208692 0.0188674913356452
0.04192654892284311 0.018610182533820317
0.040735902794303086 0.01773681184978743
0.040828397654762726 0.017997665311463913
0.040512149945476715 0.017935662576985992
0.04028247961049889 0.017738540625291614
0.04024839776515858 0.017917656509021496
0.040069232096398885 0.01822793284807686
0.03957603717672414 0.017240428137230618
0.03894412631953712 0.01684199630868638
0.038924042802772896 0.01690179049895431
0.038852601735146854 0.016994763777542048
0.0387915605895384 0.01663736021416103
0.03882454278866676 0.016389721834071173
0.03864282325746276 0.01654575789475219
0.038106471416519884 0.016031346672054084
0.0380305598917446 0.016329718582579485
0.03804895440942511 0.016968083008927493
0.03805870987647317 0.01654608086754018
0.037874594601888016 0.016576560921855787
0.03739190501693963 0.016367577425985037
0.03748764850542412 0.016405248650343623
0.037299606607437245 0.016106057916691827
0.03752514668082596 0.016224917263216614
0.037513927414572004 0.0162892973990468
0.03739984690624816 0.016149925930144474
