0.19141873904187293 0.11173132694128787
0.18852749707169378 0.10932346770506791
0.18424958776569622 0.10565507623718326
0.18005950462512768 0.10222182212412378
0.17192111928826811 0.09608309063833377
0.16319910625270118 0.08901819689520474
0.16030573481455287 0.08653113651840333
0.1520484925515431 0.0806949180993665
0.14995767154840484 0.07950394596218108
0.14663527945986563 0.0767616529740427
0.1434706502528043 0.07457168988341116
0.13484099090015028 0.06925449882887333
0.13118942335081724 0.06661612611330166
0.12749535277188434 0.06406154652498858
0.12393827796563138 0.06163474002892611
0.12034709330308031 0.059988316157602424
0.11763179142970101 0.05791848347769179
0.11391372117122427 0.05611543778300244
0.11118483674539328 0.054340337303531
0.10286861205651815 0.04931263274242968
0.09534199792747132 0.044874355378611
0.09180813624052138 0.04327691269850988
0.08917433927405018 0.04163804381452592
0.08696596588369775 0.04069234435461158
0.0838173076864048 0.039086097709312956
0.07612537202380952 0.035469004685186996
0.0703801249963166 0.03218592288642758
0.06832000382306645 0.031108140031953425
0.06332161492865246 0.028416069240696295
0.06116966764338264 0.026850079543413664
0.056612491083092686 0.025523521558867227
0.05285688655361072 0.023088035995393046
0.05199530573174505 0.02313813860928792
0.049122912430752 0.021564296295899458
0.04778636432979235 0.021455948795436858
0.04694715251380049 0.020585322205674064
0.04634096876135716 0.020426527958055773
0.04524408652500295 0.020125998640176685
0.04467099105976446 0.02021032058997505
0.0441572952810069 0.020052969310392448
0.043500248898355236 0.020068428733132103
0.04294884139292836 0.019450853029554706
0.04125448032386944 0.018300832750406136
0.040974949284130424 0.018959017507459427
0.03978304433575333 0.018085560787018895
0.03981715179400194 0.018326762327953567
0.03970950814738282 0.018621165010830287
0.039590202785973354 0.018292364946270356
0.039580907946054095 0.01847542656792535
0.038747825544621986 0.01786857480082683
0.03869542576467468 0.017941994768366585
0.038643296964322546 0.018017184564104814
0.03897739322272071 0.01781863960311289
0.038211345897424566 0.017985044643464548
0.03813053882292526 0.01777294428661616
0.038060100914527835 0.017403175090921336
0.03758701370625344 0.017762595043494617
0.03749951127750889 0.01796587150464777
0.03776799929923238 0.01790677359277718
0.0375246740110674 0.01784959830958766
0.037445744609338166 0.01801101408200744
0.0374990100851603 0.018113804959702766
0.03751159504901383 0.017968908912501906
0.037400574948677906 0.018439790837983146
0.03724331325954861 0.017941533709519085
0.03757548628223593 0.018341990556919544
