0.1906471437101911 0.10796236351405444
0.18639178098971093 0.10443800400423635
0.1815169302731504 0.1005976428724315
0.17736200851298384 0.09760558463101539
0.1747436535399314 0.09516590486915695
0.17209255190470357 0.09327614958484366
0.16817162236648703 0.09024691212709593
0.16456016888167566 0.08743038560928049
0.16074800572635964 0.08491635827317481
0.1572140456577658 0.08177769512834127
0.15314395708292503 0.07903738383232244
0.1491108065899069 0.07601781579400907
0.14653172464478198 0.07426638044171689
0.1437224304109505 0.07253469111889288
0.1402198007257472 0.0700181826347347
0.1366468451433121 0.06790966284357766
0.13343433251163644 0.06563633944381282
0.1299290999356933 0.06302502070048423
0.12697648403049974 0.061265810722347006
0.12301561160276825 0.05852855064121987
0.1196827918299853 0.05668998735906645
0.11753193325881921 0.05559510070008117
0.11402409779213621 0.053368761666282134
0.11044696992895639 0.05112301864311844
0.1075107752021068 0.04961703235495241
0.10470747144475748 0.04758667687126123
0.09599657222256247 0.04274335643019758
0.09244861204679079 0.041198999214545624
0.09053461653294953 0.03970418623642785
0.08760004861281234 0.038666575007157866
0.08437719140433611 0.037192132417427394
0.08117129126347379 0.0355499245861293
0.07861567361281235 0.0344350421541082
0.07069513929293239 0.030389456960192525
0.06919219477278295 0.029723203557599293
0.06386035969653356 0.027088384487475817
0.06240694187132533 0.0265444728577822
0.06058765521649927 0.0256259648788444
0.05927184610025723 0.025100705293208504
0.057605244824840765 0.024167041680160057
0.055544205123101424 0.023283077037073587
0.05391488642975257 0.023009998733474358
0.050081708759492895 0.020247468403746832
0.04878416772568594 0.02033161162651427
0.046026979153907396 0.018973193926184316
0.045725995988486035 0.019443602223473497
0.045369907138045076 0.019122138818246447
0.04451809200453209 0.018430965350968328
0.04389578102033317 0.018186555980172707
0.042142159939980404 0.017662904797404542
0.040968648563816754 0.017155298281555775
0.04003901226038094 0.017418941978966294
0.03983691262708231 0.017598122130337825
0.03972445482836232 0.01780287113674933
0.039492072666585006 0.01750229932387684
0.03945074459900171 0.017739679227624365
0.0391268282436612 0.01800898558897091
0.038301931976512736 0.016907650388192714
0.038006929718122244 0.017025670511530422
0.037899467172954435 0.017108066886626323
0.03787036407934223 0.01719676114299335
0.03775911681620529 0.017000868532119368
0.0377048652047097 0.01692708695280533
0.037665207006369425 0.017183465012620084
0.037778671989833416 0.0168221403623132
0.03769731012294831 0.01712811152253408
0.03765645574320186 0.017085860068635612
0.03739670734321411 0.017339680971485975
0.03754786878751225 0.017600525912176437
0.03757106752970358 0.01729717298750987
0.0373598123239221 0.01711638171866661
0.037343331336507836 0.016856663338634555
0.0373360585535583 0.017403023541132722
0.03727643847991181 0.016855800094563774
0.03728808689444513 0.016866116947051236
