0.17280193246724226 0.08999976062143526
0.17274453275405666 0.08994068131136254
0.17268532970763595 0.08990660281764302
0.17264368038366337 0.08987560690757249
0.17281039278593038 0.0899890672450529
0.17291607962414546 0.09007278596511994
0.1729109573903819 0.09005278106019789
0.17288166281750944 0.09000459708888453
0.17276824466765872 0.0899214842559485
0.1727745179651894 0.089911960135433
0.17267170878639204 0.08983145155420041
0.1726635362336457 0.08982738041786398
0.17266173290041056 0.08982373446547914
0.17265998712036382 0.08982159791612243
0.1726581646027326 0.08982119399136843
0.1727877168297187 0.08993968212907633
0.1727913043117928 0.08994034116420128
0.17279349133295027 0.08994105334732018
0.17279115083662383 0.08994125530969718
0.17279387502087262 0.08994328556306601
0.17279443136836006 0.0899454433716203
0.17280026342477997 0.08994592170356583
0.17279970707729256 0.08994591107396704
0.172799783814877 0.08994672955307384
0.17279915072980512 0.08994672955307384
