0.1906778425097991 0.10798614344506093
0.1864999732055365 0.10452164638256649
0.18170594607422833 0.1007435691248499
0.17761822100073493 0.09780021087912516
0.175031349522293 0.09538312748093089
0.17240342509799117 0.09350638057896726
0.16855030469132778 0.09052628831196628
0.16499333966193042 0.08773752133461572
0.1612517416401274 0.08527376846451921
0.15777320783317 0.08215805458186932
0.15378420121876532 0.07946906015979419
0.14983789349583537 0.07647958622138243
0.14729467785399314 0.07473480707808887
0.14453790076861833 0.07303032351651452
0.1411047357300343 0.07052301753990338
0.13760328308733463 0.06846564088803427
0.13447308687530624 0.06621751444256194
0.13104038117038216 0.06362627291038905
0.12813909580169036 0.061871618037757405
0.12428999456455168 0.059171053973450564
0.12103552945859873 0.05734869687715431
0.11891929316205292 0.05624535151211695
0.11549348703147967 0.054057342686743906
0.11199050327658011 0.05179974227332492
0.10911759133084273 0.05030811081109066
0.10634733088865753 0.04827201665455157
0.09799103725195982 0.04346537051347625
0.0944545030009799 0.04184659514387314
0.09252267959946105 0.040362665013176036
0.08955579564245468 0.03926705898413177
0.08633931168851053 0.037723874477406154
0.08311715304997551 0.03605447717248238
0.08052329587212151 0.03490972595269136
0.07277327481932876 0.03088033880082086
0.07120650205934591 0.03018518300948035
0.06590817441664625 0.027587746750988202
0.06441621084180549 0.027027015434934288
0.06251934464570064 0.026168646792927748
0.06118221000734934 0.02565159345517229
0.05947705819757472 0.024717153465380937
0.05737440095235179 0.023823812580091676
0.05567643580046546 0.023483550542191114
0.05183154512187653 0.020717928278511943
0.050289432837763354 0.02115346477286626
0.047468942345970114 0.01939636268473206
0.04661368699473297 0.019324949597404682
0.04635915394567614 0.018905380403755865
0.045507850777804996 0.01922786314278348
0.04486380756981872 0.01849473139883848
0.04306544452014944 0.01803294468384115
0.041415661555303775 0.0176622275037075
0.04102218964355708 0.017568207194299974
0.04085886303435816 0.017521168536254253
0.04032395941787114 0.017877165776218645
0.040147479597929935 0.01776568241930373
0.039864659250979914 0.01796249663823441
0.03975459620743508 0.017981614236877472
0.038580668560142084 0.01708534565117834
0.03864357095556712 0.017646461083697714
0.03841862664977339 0.017610009381237073
0.03862152293988853 0.017426279553567955
0.03829230989328148 0.016985661320532794
0.038072927831026455 0.017124791561846757
0.03795208958537482 0.017192457138357414
0.0380320327811122 0.01714893389248674
0.03802586526978197 0.017315225104084432
0.03796051309483709 0.017128794245439116
0.03801795372596154 0.016933456771082354
0.038192230179752575 0.017547283026697457
0.03789831166171607 0.01758102691167191
0.037792892194390006 0.017051095492558597
0.03780057646374326 0.017607977500145935
0.03768252053604238 0.017169575741273656
0.037763860871662176 0.01687243111594634
0.03748143287221337 0.017188573897340888
0.0376236397025049 0.017200595521137948
0.03771386527360975 0.017505596210430196
0.03783867962625551 0.017427748154329886
0.03772184858831455 0.01748652883196106
0.03739920975471583 0.01758454775305495
0.037477595522262375 0.017528660843283698
0.03756668711339417 0.017439399234681466
0.037401590155714114 0.017191987511866076
0.03738253498591377 0.01739767984316625
