0.19468374404931166 0.10750415479500133
0.19175396079286947 0.10530986860104571
0.18938364412554912 0.10349572974125067
0.18650976348005568 0.10134120167967368
0.183449349285182 0.0992257408679143
0.1803369776447776 0.09663763002409799
0.17805519738390335 0.09503314163645207
0.1747776075781495 0.09255096252031195
0.17145422704174185 0.09010847136879034
0.16948158687882414 0.0888802117157792
0.1663284421453365 0.08633576680882726
0.15835329025263767 0.08042399808211001
0.15080157334728977 0.07492123722903586
0.14228198862689245 0.0690588342203114
0.13944901513350133 0.06730649696460747
0.13575420493349447 0.06508736058853522
0.13274451292604722 0.06273805761995103
0.12948352728736862 0.06045278543122126
0.11942527060004511 0.054519588550072405
0.11518700428805008 0.051603675521132715
0.11152460764372353 0.04978460332805038
0.10855487479960092 0.04798249554035307
0.1059322973609831 0.046882804813931506
0.10186669906553969 0.04453728010935289
0.09851736853329934 0.042384816599178955
0.09406059559587779 0.0403782831387002
0.09128001045200718 0.03875792334347088
0.08816761966031436 0.037372031817387304
0.08511929950408888 0.035753296675680384
0.08246729611078699 0.034842883482137925
0.07577073690021228 0.03169852581638138
0.07373583589858458 0.03054815777460509
0.07222593874253559 0.030416323348410695
0.06981979959019306 0.02877732321783389
0.06518078777982331 0.02617306029539375
0.06353300613484714 0.02565530048987028
0.06172106922102977 0.02447395877952832
0.06006070996737233 0.023501374251774187
0.05647903121598731 0.022283879952418918
0.055009030981575543 0.021751262123693542
0.05370465108957042 0.021053585434364776
0.052992395521295005 0.020998868075284092
0.05171484658439069 0.01991075907741961
0.05153007016572453 0.019689526876713388
0.05071882158751618 0.02005984127879944
0.050168940218257276 0.01979952698509559
0.04785929004488449 0.018501303328361283
0.047728639955164534 0.018563254713632633
0.047122769794158886 0.01832996850136864
0.04695949548458582 0.017966981232693392
0.0461981360127569 0.017621083861743346
0.045820621027256724 0.017544184044809952
0.04529837496721299 0.01688081264327177
0.04455670301989773 0.01723540541895464
0.04416409681910888 0.016859002614299613
0.04367112829126383 0.016970658411944253
0.043569080650825126 0.01695885538506685
0.04345629871321727 0.016704582265631908
0.043168684663464366 0.01662853390747977
0.042094814466913925 0.016423830262417925
0.04210285322023553 0.016028789821175414
0.041916439366407966 0.015516060504299363
0.041805376256937365 0.015920515569815757
0.04150916327867607 0.015426251168886932
0.04135238125588327 0.014970403616614758
0.04102049900290732 0.014979340560367937
0.041217508307062875 0.015121136109737022
0.04127468447869274 0.015460379687897258
0.04134423238265316 0.01557622531044808
0.04115345203506187 0.01500347961922353
0.04125047246228575 0.01538768184029006
0.04095300986245391 0.015604712071670085
0.04088604259461043 0.01566751356634269
0.04085669803290222 0.01605000207480669
0.04112333184617195 0.015428770461350648
