0.19146355379120503 0.11176687231964037
0.18861357745707608 0.10939361242748062
0.18440912520381503 0.10578187672114464
0.1802847678043474 0.10239750813291863
0.17247084815903466 0.09648633509801681
0.16408987613326065 0.08964188328938633
0.16122719972890145 0.08716743493154878
0.15331811588664446 0.08151078763966442
0.15124689174414094 0.08030358941992664
0.14799131890728134 0.07758552660222919
0.14487583053087674 0.0754029936011516
0.13664577255716642 0.07021382543443595
0.13307742691819405 0.06757409744501862
0.12947241030604176 0.06506646879455928
0.1260107011328923 0.06266399345012626
0.12250476233449238 0.06099730424871016
0.11981629943128241 0.058931452353546236
0.11617331689921225 0.0571021781238435
0.11349757325062863 0.05530608418676256
0.10550037547700082 0.05033036899334128
0.09818077057426725 0.045886984107304185
0.0946026408932746 0.04417299850607367
0.09195441726092252 0.04251327434926447
0.08968172818258388 0.041496040346895684
0.08649820234534614 0.03986352796298791
0.07887296603195476 0.03613835317836909
0.07311310049461978 0.032877471296681796
0.0709353837692642 0.03171793354051697
0.0659139256385181 0.02900629365788815
0.06364993668381905 0.027564914747216236
0.059000444809408394 0.026101423613662213
0.0551427313315874 0.023615877954688315
0.05419742021286392 0.023694074598184157
0.05112984486576448 0.02204500661416155
0.049694837647827284 0.0218137689933923
0.048770610180437685 0.0209748956726138
0.04799435196030764 0.020571025395302023
0.0466104711580254 0.020567483081505383
0.04606053125890156 0.020518633431567835
0.0450872061257465 0.02034277070569311
0.04457962057715258 0.020303309648886495
0.04416586590997269 0.019740987928517393
0.04250706791521786 0.018621855934751613
0.0418807501390485 0.018860081188025186
0.04084096546164103 0.0184471093167498
0.04057853731104137 0.0188653933300203
0.040331806792565414 0.018694336511498336
0.04043125870204208 0.0184728635059172
0.04032597473614549 0.01848304400415796
0.03913961887434558 0.018599125866439855
0.03959699166414967 0.018178774396204776
0.03938435661367476 0.018365749038914195
0.039470341077076455 0.017875676701518146
0.0388725768764795 0.018038494252278305
0.038602196793688856 0.01795090237215229
0.03851050976854103 0.01816544487932259
0.03820537475413278 0.017816027379210342
0.038234573405024654 0.018399310668392573
0.0382383311486143 0.018131901851642096
0.03810670700684745 0.018352864636481326
0.03817412097480674 0.01799423791771772
0.037859655149736514 0.01790550335572182
0.03812849808278819 0.018569378934227103
0.03798262952690358 0.01815517137209242
0.038049698175732755 0.017975250796879762
0.03809123958747716 0.018469974912446122
0.03802178008328177 0.0180941601324397
