0.18742661226270788 0.10074419278663335
0.18370618721441598 0.09767647990498983
0.1806938236022317 0.09522057591624845
0.17739610579233017 0.09251313670009617
0.17373347933254235 0.08974679974561704
0.17039878038466819 0.0870359924769798
0.16774873999843112 0.08516495835878084
0.1641376113532515 0.08237318829002421
0.16097339717504708 0.07985747977959465
0.1586547506839308 0.07815709905148734
0.15544158581248038 0.07573882657224144
0.14769772403024004 0.07005210204473603
0.1400879116914173 0.06457742448826329
0.1322039965368342 0.05902287443071277
0.12961660001507588 0.05713064964896257
0.1264345847142689 0.055217153240861
0.12345678917771415 0.053146060043567055
0.12011492764796439 0.05098357063997833
0.11177518310163849 0.04598468986972718
0.10788265499980389 0.04318096159539292
0.1049836478638806 0.04148279924800888
0.10240866137702972 0.040047709327052754
0.09990080973179616 0.038561610143261406
0.09643794078605468 0.03680231278550722
0.09315950832360959 0.0349905083531156
0.08967449091279024 0.03354585942422538
0.08683240140610292 0.03208801895643571
0.0841629224621019 0.030791175715443438
0.08149685244744273 0.029382414897086134
0.07909247042581434 0.028303329203294956
0.0728927722424596 0.025841836082585338
0.0712003250050253 0.025482871315696022
0.0698302083154588 0.025198287073276385
0.06751149479483301 0.02435583405415414
0.0629591473524646 0.022431066274895953
0.06160317867723123 0.022241242243116046
0.059695561926380605 0.021258036745366252
0.058541165349773 0.020399365528000087
0.054828008215443105 0.01924243140313412
0.053348523305432716 0.019267852372991605
0.052207369844779576 0.018785673019360603
0.05191538451344083 0.0177606178502291
0.05070607161723898 0.016990278397173184
0.05026939351393356 0.017128001517696265
0.049804534289692504 0.017765960045656976
0.0491410857799998 0.016883452030555662
0.047021129118599486 0.01589389904927651
0.04690092605672213 0.0156966142954656
0.04678175237659829 0.015765825345147654
0.046333085566731054 0.015624256491618903
0.04573515361478271 0.015152101682022683
0.04533651954595819 0.015206004015582164
0.04488768037449502 0.014788860729907063
0.04393808767643699 0.014325738670044162
0.04352616261343691 0.014539630243539558
0.04362065985840916 0.014255171493460105
0.04342662857960562 0.014314637320767792
0.043200202896410224 0.014305918976574936
0.04307288991870048 0.01403666908849791
0.042239952506336775 0.014059060700250928
0.041977187253331404 0.013805211286136612
0.0417101033847834 0.013586604978914264
0.041753035785637944 0.013600932695775392
0.04160276998873598 0.013431785213765974
0.04158801870881707 0.013388352719641929
0.041416016199538656 0.013318329343198676
0.04154018357812255 0.013474204323508522
0.04140364446720809 0.013345339882698504
0.041364537536218916 0.013471160122224034
0.0413442036557205 0.013520193892736338
0.04128591670936127 0.013976583895769312
0.04073485753586347 0.013774917705091943
0.040522268658564085 0.013797267486064899
0.040332326179841935 0.013864470658303993
0.04059057651659819 0.01375898557540845
0.040301731996563186 0.013861469637179569
