0.16945211304591898 0.08609033617654537
0.16950039344406967 0.08611241743089793
0.16927934927292518 0.08594670277161356
0.16921283684818206 0.08587227636822382
0.16920339526298242 0.08584541291114421
0.16928599477001294 0.0859078676151563
0.16927599779744862 0.08590274536866875
0.16918523984154377 0.08581830656566425
0.16921226230952893 0.08584812246618821
0.16921011736522396 0.08584530496074405
0.1692011162596584 0.08583944325401541
0.16919295781078406 0.08583052115344225
0.16919272799532278 0.08582964135768095
0.16923457356055852 0.08586062312252664
0.16923556942755727 0.08586237731652922
0.16923671850486352 0.08586291167101001
0.169237178135786 0.08586360255357103
0.1692412190576463 0.08586193471988858
