0.16593965183876883 0.0831294726009794
0.1632118380701875 0.08105739165752399
0.16084625177111114 0.07950460611403432
0.15807583596140082 0.07739608111548517
0.15503854694731525 0.07542409718057735
0.15204813071168027 0.07335887108753206
0.14988182314443932 0.07189080501808731
0.14680989902521474 0.069710962587673
0.14396159492542948 0.06770062927310865
0.141885547380594 0.06632725189716351
0.1387146781296576 0.06433934527823222
0.13093959017162005 0.05929155218166895
0.12356561637425968 0.054540088331062636
0.11587420039540516 0.04991664825752509
0.11328501322817795 0.048406611072498454
0.11022537466048596 0.046869964113832575
0.1076801971540879 0.04559262481138906
0.10460791873602722 0.0441621902514398
0.09708825151187932 0.04020386497840301
0.09341133819091721 0.03864969227227129
0.09126072510455072 0.037477780029383234
0.08911821301319324 0.036708277191928554
0.0868876432976006 0.03590733649918752
0.08407283480129236 0.034601514483662006
0.08137949335189834 0.03369638006468734
0.07877821693384501 0.03279417649907698
0.0763553874336293 0.032052600430143484
0.0745181420921419 0.0318493649105238
0.07253053519731036 0.03159710371667183
0.07071494517522356 0.030730947488434628
0.06594866826536515 0.02775157311800136
0.06474578541425616 0.02740727341297367
0.06364008098850064 0.02744801119523374
0.0619324036889365 0.027101884429683355
0.05834854647849173 0.02504650341313257
0.05738753482470289 0.025029692837067782
0.05616799035265336 0.02463918766201196
0.05503884474985047 0.02410046388877758
0.052353278723562026 0.021996572661155265
0.05144784410881854 0.021997044944155962
0.050561359693983864 0.022327660586583475
0.04991223156022023 0.022150721784442568
0.04925511733917821 0.021757497608682737
0.04861558878874382 0.02080063200857178
0.04840086933060578 0.02171301259815714
0.04777648944932539 0.021203053558425174
0.04584379408626598 0.01892116291598039
0.045749636776663494 0.01851222790885739
0.045307754310725215 0.018674307338416386
0.04516065326423753 0.018806060801810666
0.04487339830114283 0.01807708119519574
0.04458601885467328 0.018001884295824857
0.04395157018349692 0.018303171163909122
0.042538956784887824 0.01669524455601814
0.042305081250490276 0.016248273225399054
0.04247841477431509 0.01651755819735613
0.042374868545556166 0.016554508269950616
0.04225947724489871 0.016679995212615654
0.041994069114088976 0.016240388798047428
0.04107757941809499 0.015413198616127687
0.04073327276674527 0.015351656092996938
0.04067210355147621 0.015237351462408389
0.040570132516191265 0.01503064668680359
0.040358400659049457 0.015310961490896932
0.0403906801557107 0.014866192348441092
0.04016337830106929 0.014865971050120766
0.04027621769254246 0.015133199566954811
0.04024304287314677 0.015264088077767813
0.040023384776502934 0.015448989571300462
0.04009980320519028 0.015581230160875459
0.04018511980126785 0.01600217060187616
0.039193092635854646 0.015293489718631169
0.039316501144634204 0.015226254161272025
0.03913688599820193 0.015429284575131406
0.03904926167186765 0.015121952484638226
0.03929999512791222 0.015432756529876525
