0.1903369132006413 0.11234224510631187
0.18661138539072153 0.10896393787909338
0.17595894610847437 0.10059919756841634
0.17189819357483968 0.09721166547667713
0.16788175973003983 0.09397078175752939
0.16534758875688874 0.09217537496754574
0.16195355094971464 0.08939012942517291
0.15833807291768812 0.08652350547268595
0.1542049434069113 0.08347228712594738
0.15141108483569984 0.08172284281883894
0.14740999207549668 0.07858334090023975
0.1446714648318755 0.07660962449212536
0.141863289830282 0.07483986390444085
0.1380868070196513 0.07192540552288647
0.13409910179769166 0.06926387026892843
0.13127618901258115 0.06698182220485957
0.12701489153910647 0.0645294216426413
0.12317485143854556 0.06190982445697808
0.11953308671662025 0.05964048081159128
0.11625404958667555 0.057292526215446574
0.1123729754364912 0.054664329945545896
0.1098009975956824 0.053275534683936934
0.10592682789118732 0.05085989871336121
0.09541071550052463 0.04463549690320759
0.09313288045276923 0.043390701237301404
0.08441286240966189 0.03836047971798629
0.08157651420526976 0.037169083070476845
0.07920202170596845 0.035600621434347106
0.07584939142051472 0.03373477659989145
0.07309485754586774 0.03269177619404057
0.07057256107015729 0.03129095624060898
0.06824610761634863 0.03004090348085751
0.06582493110493194 0.02876967129531167
0.06427450478749093 0.028403541277675887
0.062074936084559905 0.026849647914433998
0.061156582562537996 0.026211845636662817
0.05617627948092971 0.023773217635334264
0.054406577161556904 0.022394154336061792
0.053584186816028945 0.022237195424104676
0.04905987401234825 0.020127646931915797
0.04818212361060719 0.019547423183528152
0.04539351758927171 0.01827681003494357
0.04473274489963522 0.017407113004957217
0.04377741764001795 0.01762044743764984
0.04291016276182118 0.01688179473310514
0.0424672535834935 0.017025544825893253
0.0416762636227299 0.0171196519306487
0.03991223281231614 0.01649286689239065
0.04016787206860793 0.015788367765203093
0.03959154477175837 0.01649054584095203
0.03991535705005001 0.015788054875061457
0.03964842983903391 0.01639956494028416
0.039133622493944774 0.01661921921437213
0.039032224819630215 0.01647401930735013
0.03794852370885142 0.0157125984503436
0.03795276357477226 0.015245297023806236
0.037863484591192466 0.016103475111121316
0.037532444670204605 0.01555174999024646
0.03758683034729304 0.015973887343235564
0.03768912100296755 0.0159204761868592
0.03752538700519352 0.015545422056864697
0.037642001273405785 0.015596355716731621
0.037330539908883534 0.015605851662797474
0.03777541939192767 0.01572661107349716
0.03762977006223156 0.015629240200884964
0.03748890165418644 0.015851531113882
