0.1912667794402208 0.11158873087352512
0.18816397194965032 0.10899440721533764
0.18344426518544713 0.10492093236717934
0.17900470815775774 0.10128174040716975
0.16989018237761278 0.09440822727544845
0.1601483939897896 0.08652752776961424
0.15702917424834 0.08387454998530565
0.14764768800401246 0.07728182302041155
0.14531060650010313 0.07594631491368425
0.14169945088119304 0.07299070182223637
0.1381239206858744 0.07058197627371506
0.1283404541974845 0.06461771902245787
0.12442848724744127 0.06188146896123139
0.12022518605794731 0.05902032111422686
0.11627965600689533 0.05641561765282132
0.11253014252318089 0.05474537816540948
0.1096011552536392 0.052607638293631354
0.10565733261384175 0.0506983975922343
0.10262432754854726 0.0487876793766055
0.09386144215705053 0.043589571717307776
0.08596123109799819 0.038981627355008874
0.08252395325330524 0.0375885440264376
0.07987990702320791 0.03598836156724845
0.07777974801525911 0.03513702902798867
0.07458360364147464 0.0336572055158944
0.06709540626565447 0.030127033378470863
0.06183818629491297 0.026951339758883284
0.06001212434650273 0.026192933829642058
0.05530811521442323 0.02333735323500359
0.05360262719561577 0.022721827715292745
0.04998975457325308 0.021269014013722897
0.04682754260010264 0.019641803142211447
0.04629315645013162 0.019140709239570407
0.04427198439710042 0.01886056084867057
0.043617249734181004 0.018667341316672244
0.04335185759438109 0.018139632227361847
0.0425735802165596 0.018336290434568612
0.041950116119312826 0.018630864519725815
0.041560567363935055 0.019134637081261837
0.041030627197764416 0.019033585471668463
0.04087566523811979 0.01897685530292826
0.04063761086278829 0.018688138126704137
0.0392648258356109 0.01802522851298886
0.039130671751605964 0.01809290849718222
0.03859813929390986 0.01766068642249883
0.03811752460820859 0.017513139619099807
0.03827327312809406 0.017899975964351215
0.03803964075606779 0.017805472187612248
0.03809698531411456 0.01788001623522401
0.03763954298087454 0.01753845932341668
0.037764059303879605 0.017510438372307396
0.037720031114788374 0.01746433647365696
0.03759939963199724 0.017885693769677514
0.03719628031441537 0.018103390610288636
0.0375844429971736 0.017555313880997476
0.03755108133232408 0.017695669760815318
0.03745067020304151 0.017662822971855542
0.037469437338544125 0.01791159544452812
0.03745016661264341 0.018129318859136215
0.037376083668983526 0.01817126325596006
0.03741094171673027 0.018268431075895677
0.03744326742418941 0.018294137431868522
