0.19033822268495834 0.10768056590241949
0.18589307860730034 0.10401627398580657
0.18081210191082803 0.10001032201023506
0.17646475762493877 0.09687976467293409
0.17360980753919647 0.0942646889176748
0.17062639713988242 0.09212196511616594
0.1665329303956394 0.0889540548278776
0.16264262310142089 0.08594786978726539
0.15846046668299854 0.08316400538473193
0.15473640946533562 0.07992883263862635
0.1504028164808917 0.07704199244810199
0.14600565363179813 0.07380922484113703
0.14314183266474767 0.07188945689504203
0.1401485178833905 0.0700930568421572
0.13642841284909357 0.06746429948275719
0.1326235033378246 0.06522377392847414
0.12904700705842725 0.06277405556103785
0.12539466330842725 0.06008403501865215
0.12224874448799608 0.05823888067799602
0.11793820431161195 0.055351801602319985
0.11441292373530132 0.053422863723925906
0.11211393962824595 0.05228308837325987
0.10853170167809897 0.050054034735464666
0.10476196946962274 0.04773621354699453
0.10162461530805977 0.046170239939721025
0.09868016214478197 0.044116761459190426
0.08909720839968154 0.038741622949236124
0.08549658753368447 0.03729541224106587
0.08356802731504165 0.03584522735264521
0.08056832014024988 0.03483051380808297
0.07730023292044341 0.03336750241578039
0.07427369778907399 0.031866489282135355
0.07166246727247673 0.030773244958567758
0.06392331233157766 0.026740236524966366
0.06249208606381676 0.026160055071279855
0.05742870280346644 0.023601966997712262
0.05605944830199657 0.023134683209622676
0.054479957741303285 0.022306509107865594
0.05330048459701127 0.0219297885809944
0.05187208131736894 0.021267619300113415
0.050145479582618814 0.020650963069832298
0.048718449519230766 0.020618466545394086
0.04537842394965703 0.018148069682016935
0.04433698057018618 0.018850363524565386
0.042074097217969134 0.01738369284607596
0.041613586515494856 0.017159634861439663
0.04124320090488731 0.017516659579016606
0.040951892454679076 0.01691783015317837
0.0406285454816879 0.017291363734958053
0.039274126022017394 0.01657702790908257
0.03874096883038339 0.01631017690705057
0.03840587057125796 0.01659338068355553
0.03836274823156541 0.01659329381622765
0.038375245934897106 0.01671266174044946
0.038195474223726114 0.016490829731090024
0.03809859788400294 0.01738025072820881
0.03798390801077903 0.016773053535552366
0.03796346766291034 0.01686978437705007
0.03783150493018128 0.016819949676888286
0.03784019638427854 0.017356193907594707
0.037737319998621996 0.016664615964321155
