0.18874992640276333 0.10741945203402205
0.1846573833974447 0.10398018048137515
0.18027263636341334 0.10024764427668847
0.17578859055771986 0.09698383405676379
0.16742123639064432 0.09033524757651941
0.1635760107660491 0.08732421381829934
0.16053937728151435 0.0848835955682966
0.1519995200080221 0.0786460020117908
0.1478614866273821 0.07574902455249319
0.14341295532157086 0.07281447503890469
0.1393674168013905 0.06978430949843832
0.13553971843537183 0.06720916839176126
0.1313573542192069 0.06463041963883827
0.1277803847724864 0.062158956817514384
0.12417271147859302 0.05990954917909055
0.11569185657309188 0.05440144527990789
0.11110057729365788 0.05193286643136308
0.10812008086803034 0.05000290434284703
0.09996475957316056 0.04562242307919265
0.09603517503262811 0.04337533923667909
0.09318820776009264 0.04161530371899976
0.08921364074183562 0.04006170275842454
0.08223904719790788 0.03563477505955779
0.07969574519042058 0.035113220911714496
0.07738373783192354 0.03353086599205576
0.07426621446786745 0.032241893656409185
0.0686006167755088 0.02893289940943099
0.06640682497841148 0.028374199370560613
0.06431887712389359 0.027365894408086136
0.05942134038507301 0.02490445848468651
0.05482377946649363 0.02207080513401189
0.05111504892529635 0.020322881765950235
0.050245212001440054 0.020590990724200085
0.04921376781206455 0.020363190378054737
0.047594671728725495 0.02026711066410367
0.046609302476056366 0.019859218815184217
0.04577694456165486 0.01949899828582662
0.04498135651666732 0.019504100183768032
0.04429066849136704 0.01914295362040005
0.043769033702014605 0.019088778620588744
0.042744388632354816 0.018665219241111617
0.042458427910893375 0.019223267973861816
0.04220865728894766 0.019315631490546915
0.041841442534970956 0.018851071988763613
0.04156774801962102 0.018805835696404163
0.041489239509020566 0.01871718569671293
0.04126924318581585 0.01862869383307557
0.040896518222062486 0.01832547465045821
0.03979834299654829 0.017384408334008047
0.03963484548950135 0.017117110158068296
0.03876499658692815 0.017083400375872783
0.03891631653036867 0.016453520350855767
0.038735296556231966 0.016641198363807525
0.03881031926021284 0.016649740390988658
0.038826708540683326 0.01696358819261662
0.038774222594688976 0.016643764724342806
0.03812412325375223 0.01670013084659546
0.03744820738214016 0.016170076215788576
0.03770910862783472 0.016289754385439767
0.03755196702797799 0.01645121531685019
0.03770681590141896 0.016522302833609396
0.037666706365731654 0.016276355705214327
0.03786218704691701 0.016198279378955655
0.037293047062059645 0.015714691285401892
0.037319076813895895 0.016286824848035005
0.03727085768686338 0.016056495665163772
0.037186738345264266 0.01647677305145505
0.0368467751722482 0.016381438453147643
0.03675287401042382 0.016440439282874118
0.036605238720303516 0.016455643126358575
0.03652659604807371 0.016454831003912426
0.036713234040439226 0.016636150071308104
0.036626922593646354 0.016267152990960664
0.036445068900813005 0.01625044953523653
