0.20859100753549575 0.1199260829065982
0.20612730918575461 0.11801889080186594
0.2033909539425302 0.1155921766013276
0.20043093080164537 0.11301610222712902
0.19797521853918262 0.11105982507544437
0.19516750559524043 0.10853525383716174
0.19346283026013886 0.10726222715320459
0.19082803429949796 0.10490290638748563
0.18876446381907946 0.1032834128942176
0.18751105029342838 0.10228459102170477
0.18591454143542124 0.10075382196232756
0.18305310912741216 0.09862488894062832
0.18005070418521532 0.09625226868560975
0.17740384291285888 0.09406051932605788
0.1765135761185578 0.093581133189031
0.17519525887639237 0.09259745675766051
0.173974057817893 0.09162004144949924
0.17271700554743882 0.09058726917613637
0.17026508524008668 0.08883408990731119
0.1685541091310892 0.08754630640365228
0.16730448756054872 0.08668874302726776
0.16571376239164967 0.08549600985094899
0.16475903236046832 0.08478322955125796
0.16286516144689364 0.08353708791446045
0.1613326561948443 0.08231576407465953
0.15910155981881963 0.0807822638701583
0.1578033227025808 0.07978678846005041
0.1561953230715112 0.07879400101490648
0.15385222996070463 0.07718639825821598
0.15176004745536065 0.07569782161274098
0.14883221763033908 0.07364809719715854
0.1475360488532515 0.07306770726822272
0.14575849329000137 0.071554906552952
0.14363295881584368 0.07011777906819287
0.13990391568775495 0.06814777062560798
0.1384471920840524 0.06714981775381644
0.13553780494979606 0.06526276919375387
0.1336082551858625 0.0639749479074549
0.13002340210841898 0.06182660000628703
0.12698977099042497 0.06000320439967832
0.1243891888065775 0.058269947377202536
0.12238016119562872 0.05730574519802076
0.11930851477008649 0.05543410116006091
0.11766214553263257 0.0546358241434438
0.11551551591426105 0.05357445041155874
0.11319474363012826 0.05217286559605202
0.10928654019870764 0.05009487976570791
0.10745171270738547 0.04930665293134562
0.105369929351663 0.048225243605191016
0.10320586248516925 0.046939543544255176
0.09999461274256256 0.045520076744962085
0.09736138718757355 0.044298159177960296
0.09473574554280574 0.043407101491166375
0.09025523458336601 0.04126726547905106
0.08758090078774612 0.03987195528055359
0.08541080126539458 0.039100490444576017
0.08379694134006314 0.03831317039357507
0.08123877926010453 0.037698916424109316
0.07931519033469711 0.03685263656330142
0.07624891105773945 0.03560185305929707
0.07484813315538467 0.035213355761684204
0.0736190992199144 0.034846370280063065
0.0721769880492896 0.03446673840906327
0.07093831144009109 0.033888809749251084
0.0693080819509678 0.03341542835323305
0.06822791576834357 0.03327401063026453
0.06681990825460367 0.032691785544526
0.06584165086557696 0.03267528532586167
0.06421007121061882 0.03247584426280758
0.06333184100110066 0.032097348569769465
0.062123571850118645 0.031093299199128937
0.06032568240637012 0.0304909278699607
0.05928429279500951 0.03056950496623657
0.05895081140944903 0.030067867552976874
0.05857874017768719 0.02932022467155443
0.05807207369078728 0.0306048587222887
0.05762736162198237 0.029931393958335637
0.055870336239937146 0.028102625120559006
0.05538248589392699 0.028306616292979803
0.05411915200086533 0.027834246931963267
0.05341011863686951 0.026621008577134276
0.052850680774680345 0.02663724971483822
0.05243548084135747 0.027084409958657588
0.05206896827106458 0.02647090624447294
0.05144182102860498 0.025756199030139062
0.05047510707868391 0.026124644540922354
0.049094935962687776 0.024711446961118513
0.048691418315311714 0.024956567235999955
0.048380406178910415 0.024360918518001637
0.048202667858744996 0.024379172930668554
0.04766017888682293 0.024168664252838146
0.047067489600084327 0.02346497337684051
0.04722142765654416 0.02384002545211355
0.0466246639331905 0.023535289568744195
0.046031165504515414 0.023269807149632726
0.04555367600554989 0.02330858833088991
0.045552139114652786 0.023738371259043652
0.044857708608090484 0.022330657559567896
0.04433112956903779 0.022121444286539397
0.04413262167656201 0.022037711209275928
0.04385067640818658 0.02157042091458688
0.04368632962646101 0.02176790942477809
0.04355086777552116 0.021298063404365273
0.04338524743311451 0.02132187321450038
0.043172026563296696 0.021094784704585527
0.043158094000958484 0.021326377444947024
0.042640851215019024 0.020529780406432392
0.042622647915359274 0.020477495979495296
0.04236953969954846 0.020313980809614184
0.0426689509429788 0.02018337027108159
0.04243222186660407 0.020073970636800276
0.04248388725498608 0.020219798133615307
0.04190818994891356 0.019514015718614587
0.041807559503819224 0.019549747301067275
0.0418019673275955 0.01899503607356932
0.04150271408229477 0.01940417348769262
0.04148074755445707 0.019314447813840313
0.04109987630565824 0.01902695700689639
0.041266420697731995 0.018798255987879157
0.04122676795502236 0.01866200639031825
0.04117779811048792 0.018660789249556452
0.04109392504277632 0.01845757936815681
0.04075749435879648 0.018817163500467037
0.040854768540592154 0.01872182845394646
0.040754846693170005 0.0183721946497709
0.04056024566353546 0.01823052864088201
0.04048472734540467 0.017972158803761025
0.04049816676206562 0.018630556390611872
0.040387414861032124 0.01850224384622267
0.040521406850584404 0.018162567117081797
0.04034835102044193 0.01825121868445252
0.04065190851781897 0.01838823742861456
0.040424352908605764 0.018313769194444753
0.04041889000357899 0.01869108148122112
0.04046721827995078 0.01842146051364355
0.04055043062821129 0.01862648666052587
0.04021818928857713 0.018028850305784622
