0.19174479804630085 0.10888332006579679
0.1880781288277805 0.10584067246430795
0.18435855968275355 0.10292513348033602
0.18103579740323372 0.1005850796851372
0.17880226834272414 0.09841949891798056
0.17699448416829985 0.09716593822621086
0.1741513619243018 0.09499893500656022
0.1713935417687408 0.09274630231845424
0.16925396558059774 0.09149882233963597
0.16611606596031356 0.08853176560102462
0.16312626316756493 0.08650871240208315
0.16020900638473787 0.08417845832731054
0.15797095097378736 0.08256918678629803
0.1554195534511269 0.08090979279710016
0.1527716958598726 0.07877548969718745
0.1498149937989956 0.0770805235372237
0.14721021787726604 0.07505758978085805
0.14453753712947084 0.07291215137535303
0.1423583434131553 0.0715543607485462
0.1397349166309407 0.06954432679037037
0.1368822249356933 0.06782817043161248
0.13488888910154337 0.06669817851374867
0.13181015739833415 0.064575906538747
0.12954846544279766 0.06299370502878436
0.12752132073738365 0.06186000496186177
0.1256900626990446 0.06025737334222391
0.12173653004042136 0.05791689063959371
0.11857101298383145 0.05611499622822062
0.11705975739527193 0.05478226139629848
0.11495596138535032 0.053899711061894014
0.11264861357790298 0.052593948535277865
0.10889244128184714 0.0503442096150318
0.10713973886881431 0.04932042929312233
0.103734420933366 0.047547515994012406
0.10203763282398334 0.0465248975226133
0.09719435172709456 0.043771466545480954
0.09526706424546791 0.042804326435951674
0.09289101734750123 0.04156426004064696
0.0913929963100196 0.04096020093021009
0.08916840511697698 0.03958209420709588
0.0867726547188878 0.03827572632378858
0.08465201647476728 0.03741254468889683
0.08177455903968643 0.03522531495487068
0.07921189827290544 0.03489948375181379
0.07577995812408134 0.032924229300036974
0.0738934795673077 0.03237279550266996
0.07174218558610974 0.031089197717682576
0.07018683396619305 0.030287159823200665
0.0682280247121509 0.029782335776447975
0.0648721951938388 0.028283285301492173
0.06230493152100686 0.02622235794759607
0.059943238799914256 0.025430467242851862
0.058359508972317495 0.025154628186988524
0.056610447735485056 0.024519524865251403
0.055458702076188145 0.024127620200927603
0.05461680089416952 0.023401089016599305
0.05295335753766536 0.023036813591748577
0.05104149601145272 0.021855436934841165
0.050004889989588436 0.02111188925536284
0.0491703477155806 0.0214312176245469
0.048042075920198435 0.020878992520115
0.046665161073003426 0.020233884525349972
0.046065639736954926 0.019924004335374598
0.045430701861832436 0.019885701272988568
0.044903760028784906 0.019441517407604435
0.0441844530867222 0.019762165074330634
0.043909565814857915 0.0191182705075519
0.043033984949167076 0.018302397633803483
0.04270129340703087 0.018781787198414012
0.042491674577413034 0.018616000903159607
0.04184023418361098 0.018201434724675742
0.04137982874510044 0.017976821603522226
0.04107519961875306 0.01850710727845704
0.040524932248285156 0.018225893306681278
0.04046641505389515 0.018158545338838174
0.04043960623621999 0.01856967075675689
0.04029389698677119 0.018275342533075604
0.04025374356932876 0.018165563947470285
0.039823874249755024 0.0181588113700298
0.03939765567583293 0.017910085778880258
0.039455007789533314 0.01722089940172734
0.039517608747244 0.017711625152625896
0.03946466336584395 0.01757658717683617
0.039349605068746935 0.017881429061794636
0.03917879754103381 0.017587616612872625
0.03881423972623714 0.017598861859926783
0.03862351817047403 0.018326241358003887
0.03853775674837702 0.018192647551540122
0.03851435226298383 0.01778005353285948
0.03835280796408011 0.01764000439809281
0.038647448975685936 0.01847791714168617
