0.1920768597507072 0.11230058447486721
0.19025436130387594 0.11079005470926942
0.18796188352094137 0.10877715947527539
0.18474642525636492 0.10610443189641566
0.17979483669628124 0.10241655637394963
0.17538585959600425 0.09857475363141109
0.17347043193437647 0.09675087392309409
0.16881769789702183 0.09338745627408242
0.16725835181174367 0.09240766237605037
0.16426831020155586 0.08979886120431144
0.16171926030493675 0.08786114380775699
0.1572584757429426 0.08503009898452467
0.154403684125388 0.08268443353082278
0.15191827846289094 0.08076027418752449
0.1494504073384459 0.07893687812595242
0.1466391547078815 0.07743966724763802
0.14470589515006188 0.07569377159084106
0.1424900782140156 0.07461567516320261
0.14058716837085494 0.0730101327288238
0.13587118337949866 0.06986224082487047
0.13104600080543768 0.06653883298570293
0.12788179365509095 0.06462266710069445
0.1256892090227438 0.06305302613622758
0.12316922348624372 0.06164564599728427
0.12084397875473932 0.06022596741254136
0.11722383524624784 0.058309615509554054
0.11291047317622387 0.055742551457462555
0.11039690482022532 0.053975279677499675
0.1056446325436115 0.050893562340811126
0.10179826663609441 0.04871029589741706
0.09726975156360503 0.046780502866760276
0.09262244671035184 0.043803051264599116
0.09091409542042374 0.043168286171079054
0.0862956918599226 0.040901898922549855
0.0836477559935123 0.03912845666048959
0.08209805965948157 0.03802968566320533
0.08035977111941105 0.0371310886129275
0.07793334788277935 0.03627569822432977
0.07621698231137287 0.03571970643003989
0.07399315109384823 0.03413400148440221
0.07234460715881856 0.03359530138994334
0.07156963908932747 0.03277184763090903
0.06920579535283328 0.03190964101208747
0.06734559477153072 0.030693723863942497
0.06486122027032502 0.029437172417024503
0.06285557318985246 0.02855695660045362
0.06134773720815162 0.027830404921385186
0.05936552386753742 0.0274796441057259
0.05843705664860571 0.027034638609798142
0.05570478138076084 0.02562754281262245
0.05438590210862604 0.025058654657601064
0.053653729630775575 0.02457253121615536
0.05246269037827332 0.02453842614843886
0.05059519972644586 0.023765611798038305
0.05032305947531137 0.02344148609954611
0.04967006579633968 0.023367466888374586
0.04823617606947637 0.021982331842298253
0.04766460576372927 0.022038347170519855
0.046997094292995145 0.021479282093479924
0.046325280721431515 0.02175630803973531
0.046088559661630224 0.021321654444328795
0.045528034771948174 0.021271884005396095
0.04544287044148053 0.021149970479478242
0.04484711340832744 0.02081606156400005
0.04420262800903416 0.02081880400048777
0.04393400809458736 0.02086898766507342
0.04364687044178748 0.02079700535076996
0.04340686405415095 0.02081685081171018
0.043406154231494576 0.021073089248832614
0.043095213539211065 0.021347550804380007
0.04222319160975807 0.020749417965688674
0.04221064021859775 0.01982069663244106
0.04195990975353116 0.019918256418832044
0.04197328127762553 0.020361555864154068
0.04197748266037541 0.020213974514558978
0.04146208426646236 0.019898517253879717
0.04109979653796853 0.019781086761251388
0.04111651094308649 0.019884908710029306
0.040526120744747464 0.019273762585019782
0.04040235261319101 0.019544875816948446
0.040501459203537545 0.01948408115537106
0.04025469511236838 0.019334643612087334
0.040215959418556255 0.01957991363195873
0.04020725689686714 0.019871277578281468
0.04006859208172491 0.01962633707597255
0.039856321534776244 0.019086608567830787
0.039987425299798394 0.019200070234011043
0.03979965082864313 0.018880240222129703
0.039293506507807587 0.019106762287135908
0.039060569570140605 0.018934128301893532
0.038739072663893065 0.019352098741999738
0.0386678170206111 0.018936777729391844
0.038773499062727146 0.019218248176641143
0.03831690803706487 0.019145826062687762
0.038404827726424985 0.018349210711897396
0.03830954842310403 0.01872101813316013
0.0381009205133683 0.018500035417823166
0.03819202241443452 0.01865936646018033
0.03795821978089271 0.018638525803053432
0.03778186721957631 0.018652239314191892
0.03816832728717905 0.018847729594231647
0.03789765704039712 0.018636770590553298
0.038077987965858526 0.01865400117019127
0.03798170387979088 0.018624538579746143
0.03757859415440707 0.018776731846516077
