0.1895946846849057 0.10812397763701036
0.18697259146909898 0.10592294890998265
0.18410789569554295 0.10343974113631872
0.18136218212126862 0.10147359001391512
0.17644241767535768 0.09750774148351045
0.17386507694591094 0.09544875645666828
0.17120162361637195 0.09316830590678794
0.16637983549177673 0.08961167595999199
0.16329959947770495 0.08737834459362101
0.16022762398681137 0.08528760370294386
0.15810401788780837 0.08348286928746103
0.15494883343780053 0.08116431598941408
0.15255971189135084 0.07966689621231667
0.15034463631005535 0.07791514005515271
0.14802497215571211 0.07632736830558087
0.14326660414990286 0.07282052709330537
0.14020462370039546 0.07098288429698478
0.1379539090405619 0.06934304022106369
0.13320871762334896 0.06657881127831053
0.13021830282012345 0.06454910018333919
0.1273458927528801 0.06239310002758321
0.1245570270488244 0.061060131025423216
0.12000441506756226 0.0576733123977637
0.11755370375026986 0.05680920875451487
0.11568451601537201 0.05547577338500955
0.1134636810669882 0.05413845698150415
0.10818956700905737 0.050866852530314095
0.10622431954754873 0.049948071336235286
0.10311362884361569 0.04798296015940629
0.0992120936665898 0.04589767630272374
0.09577353110648539 0.0435998066644687
0.09167008267729575 0.04169883707925303
0.09018207688028673 0.04128463318953924
0.08777801547811218 0.03999198888111634
0.08573443679101328 0.03909586938763888
0.08324890094793241 0.03771402026320015
0.08088042112645477 0.03677743402156431
0.07945692311572675 0.03636027915226896
0.07783883803609454 0.03502916221812972
0.07622194603666614 0.03467891766152649
0.07391379582501276 0.033164413830066804
0.07213439576055385 0.03255933168251444
0.07066568528073666 0.03201256689530317
0.06977275818217278 0.03165158248839721
0.06827946737526495 0.03138364640769777
0.06665771680825958 0.030038683187892476
0.06560305307403391 0.029410950060827168
0.06381535894598944 0.029140054959729877
0.06184668557144574 0.02804765646013333
0.06096355227182403 0.02745715767307439
0.058856055151315916 0.02647491567649553
0.05750639874308186 0.02588587763773082
0.056507071889474125 0.02565988781538869
0.05503693833808853 0.025049080606631774
0.05373675882216209 0.025299597598956503
0.052429569361102386 0.024503331642546217
0.05096269402071517 0.023002143402876887
0.04939206861746364 0.02284231073676692
0.04883398977979707 0.022438499602118966
0.04833521996527437 0.022231799698076996
0.04754777744778276 0.021766137264324747
0.047224376048760626 0.021481681326539995
0.046809931609767826 0.021392406823449575
0.0457572850914691 0.02008286875998348
0.04509713321130503 0.020217938392166093
0.04475380401883844 0.0202958270993778
0.04398140676978048 0.020064735379094256
0.043299008016579 0.019982268767136588
0.0426788171360126 0.019567148224364762
0.04266349875283349 0.019564395584918567
0.042433421141480875 0.019485114476351165
0.04220737796198212 0.018868269954690108
0.042229864409357644 0.019089090872288335
0.04172150682982356 0.01884553454660603
0.041136662747102724 0.018387565833915417
0.04098072381042333 0.018303125201556462
0.04112581482107285 0.0187173652749436
0.040830007594314856 0.018707252608312155
0.04068781064166977 0.018159717242872277
0.04057556048128913 0.01847643427578276
0.040641591960360525 0.01840123522162291
0.040378932239024196 0.01785218684258286
0.040274961767768826 0.018329541963369216
0.039893638481020496 0.01790945621653305
0.03958925688870135 0.017937893903508834
0.039954387345936454 0.018350855487104502
0.03977495814540483 0.018370527344178843
0.03969917119928537 0.017771493230619016
0.03952813428781794 0.017824328094380573
0.03952391777946711 0.017893584985295814
0.03936098327211474 0.017795744332575365
0.03946801310766785 0.017698103360126335
0.03919165452567808 0.01795577935922885
0.03942902957136969 0.018210635712082684
0.03894875489574951 0.017883229754039363
0.03925467215957598 0.018016835957655648
0.039127115594733135 0.01789365333223435
0.03911979180721695 0.018145955385777353
0.03889570834580398 0.017656087414694443
0.03862620638137107 0.01744809829977261
0.03877863315825369 0.017541859578357605
0.03843676297350622 0.017094558348623036
0.038387997616982805 0.017490911626154102
0.03855428856081217 0.01749033670778876
0.038041891757937464 0.017616475673335814
0.03830732335436579 0.017293430517998393
0.03790723181396949 0.01701513518563436
0.0377820326606137 0.016988024233347835
0.037844262094939206 0.0169677787980442
0.0378221038644069 0.016936567029445425
0.03770561084249823 0.01702760783184942
0.03789794591262413 0.017309672966921413
0.03782683545758469 0.017063168341929644
0.03795093975621529 0.017125327872325388
0.03773534920508851 0.017070978654827613
0.03778635937316007 0.017405670932573447
0.03772590997616676 0.017299524116616623
0.037808294799557926 0.017266655939860355
0.03767873539324843 0.01741048336112811
0.03797639932112682 0.01741032388493819
