0.19146661841279491 0.11335282631722865
0.18865508216232912 0.11073655763531355
0.18408491368849164 0.10708988777040614
0.1808621367782757 0.10435331822368857
0.17832034314386436 0.10224208659832398
0.17686292095476475 0.10121809426857764
0.17465093191055914 0.09933148539696394
0.17245491598065268 0.09748212124152046
0.17041018497862284 0.09596962108615432
0.1690221136850595 0.09515023733040923
0.1656506948802683 0.09239149574089624
0.16432111506280767 0.09131216501334077
0.16191057292994568 0.0896590369232809
0.15936445084969308 0.08752427919605964
0.1572142858018396 0.08611818326748111
0.15529453388537234 0.08427647413119255
0.1533756150989674 0.08325211496472844
0.15057244845395576 0.08109249865521975
0.1474722948822295 0.0790716059662669
0.14521719375134834 0.0772302906399842
0.14272263954909392 0.07526027496699332
0.1407575059847467 0.0741105223789387
0.1372991735196562 0.07167979215635772
0.13353910432887486 0.06900068650254938
0.13151232871612015 0.06785916616201443
0.12728064087658614 0.06505179712876469
0.12402826390863715 0.06303229086681876
0.12204491639740925 0.06160361829612372
0.11918382327254408 0.05985124468993062
0.11720068643788366 0.058736276854174034
0.11458667862185962 0.057351522191118304
0.1127608980307027 0.055757282183577866
0.11021984176427758 0.054291753312060834
0.10872255382288337 0.053763103839131826
0.10612317845209261 0.051790806225970036
0.10498840742611151 0.051067792633849654
0.09985553141670263 0.04838447375244443
0.09723498305087862 0.04664929831472622
0.0955229103489233 0.045445156788602614
0.09173774191798721 0.04333456173283653
0.0898265319787111 0.04240693147472849
0.08554253889319265 0.04021140562680915
0.08414763976360097 0.039541542898835234
0.0819516046812793 0.03818213773190986
0.07966811009482437 0.03683081106476213
0.07764272782027741 0.03607881197727925
0.07512461614729403 0.035001069976391255
0.07243822177792024 0.03290050898378806
0.07041082849977447 0.03182213311063036
0.0691097283237561 0.031412951027902376
0.06793761487618653 0.03038634498654184
0.06580484979756664 0.029576426157581315
0.06397212645589 0.028326082086318666
0.06225832524846045 0.02759075249086447
0.05998000181411677 0.026606510695750287
0.05849045144847418 0.025744004744364005
0.056662525786811864 0.024662057607865533
0.0557318476855915 0.024953004979657394
0.05447563119465718 0.02384160840724158
0.05342420669163937 0.023271069417936295
0.05218994365665879 0.022632916487420177
0.05144782108334641 0.02284213209902416
0.05069176512795652 0.022562874950282835
0.049904040653989096 0.022116289008984998
0.04901241432741621 0.021270379721749604
0.04799709691520475 0.021470912631923116
0.04738021677316431 0.021035589387059864
0.04678867527646895 0.020873823835168264
0.04633142572724019 0.020018976948930116
0.04569304699910765 0.020204445277715248
0.045075419912873366 0.019897653796509717
0.04432476972668124 0.01949914774120075
0.04422714029006256 0.019124927085807684
0.043765782547767654 0.019365375067670585
0.04345463240999284 0.0196906284158972
0.04229005543781502 0.018314301556699664
0.042262365833500855 0.01829455710983074
0.04181132645490939 0.01837114910997644
0.04133576240862 0.018193087646095958
0.04112669943210791 0.01720954850513606
0.04030200122054512 0.01722506893509286
0.04010174356693355 0.017714986115014444
0.03970822846747583 0.017758881095358902
0.03924548217507698 0.016893216571939356
0.03901577050089848 0.01669519757221418
0.03915788142188144 0.0171308080825954
0.03850659635993793 0.01662212558616192
0.038670392603061446 0.01682589663956851
0.038861493008142685 0.01680524589022036
0.03868606885492459 0.016926838775521477
0.0384220049299849 0.017240960247760655
0.03848119068113956 0.016846659328062164
0.03834104527676926 0.016917967261074498
0.038355988948749975 0.016790654690037647
0.03808804426567495 0.01658185311840557
0.03799923691032012 0.016692844152829872
0.03798857619719449 0.016751369444624745
0.037551996892099274 0.016187546804049463
0.037694428616037286 0.016382061973654046
0.037424520810401506 0.016728552740244387
0.03755040963568736 0.01632875061844355
0.0372938702158799 0.016595601403336022
0.03729745650563112 0.01635008648930874
0.03707750298701068 0.01611335138054899
0.03707467561171282 0.016411974001461823
0.03735425299298623 0.016417450927604903
0.03705789330787033 0.016520536091295213
0.036944293151004386 0.016770018775997934
0.036763389012979514 0.016457844775157576
0.03661684670192345 0.01637234080063279
0.03666884311521235 0.016344453118094838
0.03678452849128611 0.016657286615828566
0.036553021278180095 0.015965582267838105
0.03650919336998544 0.01622755763091151
0.03654024422317191 0.016347320378616925
0.0366113116539229 0.01645999859221015
0.03668921889096178 0.01640258325121945
0.03663404317674523 0.016292680588968867
0.036446284868121064 0.01628268833440248
0.03663912096083224 0.0161673775278934
0.036551963107238815 0.01638119073644931
0.03647450834600968 0.015805529519739094
0.036476284732521964 0.016433834502780017
0.03645449646614956 0.01622298430991885
0.03660803180281531 0.01624921852989797
0.03659419418281394 0.01651761623286139
0.03639950269987767 0.01641687100191135
0.036530148506295476 0.016374696917345905
0.036381255236270324 0.016942689628257165
0.03629294105560758 0.016609024660145202
0.03659855614538185 0.01659061269370705
0.036211756361513026 0.016412594387087486
