0.15893819932844858 0.08205283468251183
0.13705945142130138 0.0660575378223658
0.11040610536946972 0.04993040113850537
0.08120046710758551 0.04250549974903691
0.07534184379565667 0.04604129366205065
0.07449282408882765 0.04746688124903276
0.07206384223720143 0.04900688006762358
0.0714341287220912 0.05032880288533284
0.07090821040248961 0.05198695881441789
0.06885155832501912 0.05347138476700677
0.06741746675642749 0.054636763311925185
0.06550981170299998 0.056157768257608
0.0645370459459327 0.05678442572805204
0.06381468328518444 0.05810604088712085
