0.17429578302417295 0.09673264416116989
0.15491918803347968 0.08328071681932471
0.13051873686252555 0.06957374288412138
0.10958287252413858 0.06318656047102218
0.10418799971515008 0.06557085920152494
0.10104164364539132 0.06630349898330014
0.09389875580750039 0.0642069328624336
0.09344526545986072 0.06598345239334345
0.08635940323943109 0.06303915450980713
0.0809134136069857 0.061822123911188936
0.07651267620484146 0.061376919110283874
0.07136708064291362 0.059371921668190525
0.07203230917050968 0.06163713168865378
0.07246885490027798 0.06353455759099617
0.06781238949787836 0.061002916676871084
0.06903531321672904 0.0638456327995744
0.06902000886472576 0.06553612698747986
0.06475603222640902 0.0622942641154269
0.06235393480405518 0.061041326732097376
0.06144806680375069 0.06164336594834389
0.06251433074390028 0.06378088259854743
0.06362697296166558 0.06608229703248814
