0.1501120192107187 0.07156001120653928
0.12216304693479775 0.05279899636031914
0.09104484156968186 0.03929454723728702
0.08289574920760308 0.0426990127764497
0.08240607842644201 0.04445069388599486
0.08210593011267737 0.04609455300952101
0.08077723166754165 0.0481393165126032
0.07981451656428473 0.05051169503495247
0.07661927049345721 0.05193862365583282
0.07258673606834976 0.052918611543575994
0.07144305130156713 0.05503567806681451
0.06739906522309776 0.0543523641372217
0.06708294209246757 0.05540935088183954
