0.12347067964413894 0.05368434723261833
0.09712966391954637 0.03993030889982129
0.08106525005699759 0.03756406371703476
0.07752820595342869 0.03981207149155637
0.07666673989273422 0.04079680689784228
0.07588718871196483 0.04204294583349445
0.07548122454260968 0.043327233090467286
0.07458647158425101 0.04491491049701973
0.07416856588400195 0.04683574847119719
0.07409609793288749 0.049013242676040195
0.07403241615225833 0.05110960662501934
0.07017970194092107 0.05253642343349501
0.07027058493927611 0.054793175948009656
