0.1399618657367712 0.06711332833209172
0.0998922479789319 0.04328317715166896
0.07656669141964723 0.04009197827569744
0.0749913779244243 0.04199754341368445
0.0744081916416585 0.04412163960257155
0.07415695048383146 0.046471115788241084
0.0743471576815899 0.04903148141456146
0.07492690853135718 0.052131662333145236
0.07572434525814552 0.0558587376109817
0.07690893327413033 0.05949997168125111
0.07865510932141108 0.06369419230237336
0.08025353304140127 0.06785673892406822
0.08218055257839295 0.07203329833159135
