0.18363553176456734 0.09729934496722949
0.1810125377492493 0.0955500171365877
0.17703493292838499 0.09245190133785461
0.17308013558450924 0.08947035057272912
0.1707448032684533 0.08767857795311951
0.16845006442824761 0.08601896955073665
0.16486576400678077 0.08392107233355382
0.16154227379275998 0.08129867802976243
0.15831590701541126 0.07913546794205878
0.1550516970756138 0.0770372973371218
0.15216097394596492 0.0752247847720062
0.14925796544425746 0.0738137930490295
0.14730717868979745 0.07235127577521189
0.14570001819998332 0.07156383327455318
0.14400031493484192 0.07079893722279554
0.14275160556971622 0.0700814605450224
0.1402235596560801 0.06880602090320624
0.1374143780481522 0.06743389312567243
0.1356311112538761 0.06697879364426433
0.13308043993974839 0.06579814986606358
0.1306176636587885 0.06502294012726703
0.12812608095941358 0.06449983678215022
0.125773968856716 0.06426419798024986
0.12443673198216984 0.06418375765399943
0.1233084710112751 0.0645800894893537
0.12134137403587619 0.06449791234678279
0.12028148758107962 0.06491700505280608
0.11950105980020803 0.06494589838603877
0.11759336767768826 0.06539866067017609
0.11640425482491218 0.06577895375728691
0.11617141731718446 0.0662073148442303
0.11569625515793967 0.06667346240723257
0.11522900853482622 0.06656573691100913
0.1151507348070771 0.06707297304529686
