0.19109913993861782 0.11162635957051976
0.1876743533299341 0.10881449993229352
0.1843064651991979 0.10544514124748519
0.178581072613106 0.10110553516108618
0.1727852032855644 0.09631018407529514
0.16989697832503137 0.09371684843211112
0.16454936405465564 0.08955506364237431
0.1614461850327012 0.08770316373260358
0.15839748185070698 0.08471436799099642
0.15523223350292692 0.08250212964549435
0.14993381889254687 0.07880591873908406
0.14468894170899357 0.07491593686438805
0.14144849582716407 0.07261017568970807
0.13668361696136158 0.06947125872411954
0.13333655585680107 0.06737644342639061
0.13075426315341132 0.0650554774378482
0.12561845255750903 0.06253385864300992
0.12269765125534397 0.060487243198952066
0.11776825324621999 0.05775035511363636
0.1149649929768395 0.05595900458331491
0.10996269558827855 0.053443350048085425
0.10732426088283456 0.05203610323409036
0.10459238704110449 0.051311486173021864
0.10216395578902082 0.04999297998547765
0.09746476584255864 0.04806856439439998
0.09603791824881844 0.047646937118978265
0.09164651823447796 0.04612534384361459
0.08784897094764865 0.04522750687169067
0.08446957289256157 0.04502325661830949
0.08176578441532495 0.04487276836296759
0.08071920480479781 0.045326888708837214
0.07972644989042399 0.04628137535200467
0.07736926143132747 0.045692603074496484
0.07691663509257579 0.046075611094261254
0.07665247179551449 0.045829872803338896
0.07637479247663849 0.047559653822929565
0.07575003914523357 0.04662810663979594
0.07552234468917919 0.047004529685151
0.07548676159526249 0.047163896860905996
0.07521401852098124 0.04776606578307393
