0.1979782811734444 0.11444209067767634
0.19377315807202353 0.11138892127109834
0.18986051567858891 0.10816280987313201
0.18568362245835374 0.10458733979927393
0.18151084410215582 0.10180312249822096
0.17768388657520823 0.0984016585405177
0.17373656449044586 0.09561128451760141
0.17028141842234198 0.09299691455938111
0.1635046775477707 0.0878695379561577
0.15961695400538953 0.08481688975354697
0.15594756706271434 0.08200858305663195
0.1492173911379226 0.07712332741303538
0.14511188602400785 0.074382690364537
0.14131627801935326 0.07192324828558641
0.13461365254470847 0.06697064874605275
0.13063434935387064 0.0645251597316425
0.12719066748836355 0.06200511140387331
0.12049482675465457 0.058233988961594915
0.11668240522415482 0.055366080419339866
0.11031372488975992 0.05197858038459293
0.10698355585497306 0.05011464098428327
0.10113541539073984 0.046911136808397084
0.09486953010166585 0.0438332509324339
0.08927074082863792 0.0416930435688295
0.08432274122672709 0.04005263280537688
0.0817928653999265 0.04007768860026158
0.07787587847562469 0.03927380206045827
0.07424214252357912 0.03964799936291502
0.07195884274712151 0.03997543218232966
0.07154362904213621 0.039919799088032046
0.07151082496325331 0.040625175363418156
0.07119894697758451 0.04075235998984695
0.07114369775079618 0.04098100022602879
0.07010121130113915 0.04152102454279988
0.07003893331240814 0.04173587730528515
0.06976483552027192 0.04153231458081997
0.06974825166125674 0.04228833722296272
