0.19334517854687255 0.11189135555106561
0.1898032977823452 0.10875908915733302
0.1864363978948118 0.10623460196319336
0.18329773476789643 0.1036429144455057
0.1814642244776933 0.10216122278142416
0.1799594963681636 0.10094506912470612
0.17710115563732712 0.09867321560499935
0.17539228636870383 0.09738290986712492
0.1724634046133408 0.09513687564287814
0.16960786480433757 0.09304733037201214
0.16669072389939887 0.09082714733202173
0.16349703992441655 0.08837725866218761
0.16161058070092724 0.08692539365230974
0.15970339273743223 0.08545365129269528
0.15638623798903328 0.08308579123672065
0.15431032326167884 0.08141930931248095
0.1521978047065309 0.07994879467152669
0.14841856500103134 0.07756017500911594
0.1445107131039555 0.07469119846260286
0.140318040069911 0.07182223786048796
0.13832197079920044 0.07067675509132271
0.13557868848408278 0.06879626213985218
0.13327371206707725 0.06708508806750152
0.12857325684437865 0.06423750358855256
0.1261839362298395 0.06277854332148261
0.12145316006907611 0.05997376955165883
0.11660073565252731 0.05715460330507391
0.11380992399602684 0.055321821307770594
0.10910324343678787 0.05306133082916993
0.10668813899386591 0.05168379860362787
0.1018487311900833 0.04967289641940689
0.09773583646729628 0.048116898544986506
0.09506486014114804 0.047184262861984606
0.09115412099245639 0.04622856094960924
0.08925866428718765 0.04630944156679946
0.08595659806633565 0.046437995934561126
0.08488343253968254 0.04678192191819869
0.08266026797992299 0.04689960752119797
0.08226738113962066 0.04699536426189427
0.08185790938887416 0.04784154410314078
0.08174154643421931 0.04725013448568389
0.08184328128683405 0.04817024318651221
0.08137835703910792 0.04798644147904149
0.08141803037028034 0.04793750280621408
