0.18484225764380552 0.0972519851476876
0.18291870397291574 0.09593711287936958
0.18123593446625744 0.09461514124163094
0.17937269175091686 0.09355495075929159
0.1777151076702818 0.09248929009413116
0.1759543303764047 0.09115209473260452
0.1741833256927965 0.09010082701395948
0.17104767311944732 0.08800513200252452
0.167594760787866 0.08549713949358925
0.16552652977235285 0.08423532368290945
0.1635438717480731 0.08283644041156145
0.15987129079004786 0.08052659367680529
0.156076728099443 0.07809413716378767
0.15201029687469356 0.07545571801770759
0.14763220797316579 0.07280722704586132
0.1452446774671988 0.07162660083227915
0.14107888351225265 0.06912398140232787
0.13837883347082214 0.0675141724129121
0.13405796240978446 0.0647624061156946
0.13181498475774187 0.06391926968247304
0.12955127461621624 0.06275109433866503
0.1275638380643374 0.06192878667849291
0.12524096611217617 0.06084818820639805
0.12269663478274725 0.060023194006733914
0.11845346507028477 0.057919115697366096
0.115883938738625 0.05708664450224832
0.11149918479659829 0.05503239664526527
0.10740876517177725 0.05394193673905118
0.10332180255790464 0.05253192968370216
0.10159579647387182 0.05254412700456845
0.09817865127772657 0.05175191074456978
0.09511095147360214 0.05061026093225208
0.09192204560971484 0.05049574853506993
0.08976947693375041 0.051486741744188616
0.08786781447346487 0.0512406536477898
0.0864172871538469 0.051784413556696905
0.08610608913503402 0.0517636710981693
0.08629690464793877 0.05203762799580442
0.08637680852426503 0.05219998561136921
0.08595082050479025 0.05180532324961055
0.08456108295110219 0.05238652747701962
0.08322861111894232 0.0526543506489471
0.08162451015782816 0.05247092150074023
