0.17291324033351996 0.09010444091031544
0.17279671431149812 0.08996498057419562
0.17276563558978666 0.08992860608713754
0.17281025849515755 0.08996022914353666
0.17282597051557835 0.08997287836609631
0.17280018668719552 0.08995173609410376
0.17279982218366927 0.08995060935663206
0.1728042921479648 0.08995106642938001
0.17280365906289288 0.08995111957737395
0.1728053664741474 0.08995063061582963
0.17280575016206978 0.08995102391098485
0.1728035631409123 0.0899511727253679
0.1728033712969511 0.08995069439342238
