0.2042958045106966 0.11882498969354101
0.19973830181567265 0.11508638972565091
0.1958181814972792 0.11182294345325562
0.19227317367618457 0.10904762961647728
0.19046320264001845 0.10765159125944249
0.18881781453815025 0.1063639004028703
0.18576406154845396 0.1039351965234239
0.18399982611263357 0.10274763648744993
0.18108792254783515 0.10034752622874761
0.1784634204212832 0.09842660891308015
0.1757460082643309 0.09632186331594501
0.17310042248644508 0.09423002205174047
0.17156133512346772 0.09291155850667232
0.16996862737334 0.09199320368964428
0.1671672259301823 0.09002740820788706
0.1656248196666765 0.08877211105362624
0.16393490458141796 0.08769824520630605
0.16113866374081603 0.08549640885382652
0.15805666172783572 0.08333313137095633
0.15510913273944582 0.08115960695485294
0.1536973050681184 0.0801362954793762
0.1515169025273063 0.07860323096434442
0.14973538195058345 0.07751706667122464
0.1465973039477497 0.0751960299979183
0.1446926483245423 0.07374006727770703
0.1412091169008084 0.07125882660624293
0.13763125580136137 0.06930611084579633
0.1354394289526609 0.06750903898562674
0.13164658751031352 0.06495057427895605
0.1296437557399713 0.06381752282557526
0.1254595334324169 0.061261986573371105
0.12159156589487073 0.058624049671349814
0.11918770350807402 0.05719392219099671
0.11495100228493832 0.05469511610753276
0.11269135859596004 0.053543914614218695
0.10830133567904782 0.05136406558683549
0.10625540616282611 0.05013830277281163
0.10210935121134881 0.048206984394728536
0.09979949236553119 0.04716788265024981
0.09576751742557069 0.04535038601600597
0.09204651195448786 0.04405084049938365
0.09014072445190947 0.04372695130946452
0.08677771899678807 0.04212267911214108
0.0836196412610011 0.04127337151145071
0.08166161464779291 0.0414178809069956
0.07889927743123085 0.04171222246967928
0.07617219154253595 0.04125930323745265
0.0738503808179367 0.04103207430412694
0.07172565619075859 0.04159890297438284
0.07172903264447539 0.04173444098854929
0.07174272550720474 0.04203377580526439
0.07038123769129145 0.04260406440992631
0.06889255253301557 0.042450751049183916
0.06882696587878653 0.042648923974218204
0.0675828338100272 0.043722361980187106
0.06666146002156019 0.043593454178265684
0.06670708051552923 0.0441080383704706
0.06688646421143231 0.04391496233805594
