0.16834905913155315 0.08797630876053526
0.1660844293544831 0.08629059940019848
0.16397750413400294 0.08499388736330557
0.1617922051077903 0.08381257314229007
0.15955631239282214 0.0822638915624722
0.15753415337150906 0.08112836185245619
0.15550195599583538 0.07970759784214608
0.15380128268924548 0.0788741004019525
0.1502593321288584 0.07649926710035469
0.14824885740752083 0.07555000265814023
0.1464093887800098 0.07443311684836995
0.14273223144292013 0.07217656970130149
0.14061983249632534 0.07120385650976806
0.13870088957618815 0.07026198121963118
0.13510867068838806 0.06825962959076455
0.1330608846766291 0.0671002059363742
0.13100478281173444 0.06598705542170266
0.1273245058335375 0.0642942880909758
0.12510514913032827 0.0631801928941136
0.12165968734688878 0.0615232257608883
0.11976595036134248 0.06092888493275774
0.11610183618630573 0.0594748561650785
0.1123234053466438 0.058322827091973735
0.10885439314367956 0.05624399963932685
0.10530269131246937 0.05590702498686566
0.10369650676751592 0.055448691248151466
0.10051315225379716 0.05461707231392324
0.09734185524865262 0.05426194781914361
0.09475462970051446 0.05447313858083804
0.09349486886024008 0.05490951660243117
0.09243776028907398 0.0549464026415312
0.09161841430365017 0.055806752944454946
0.09142174294157276 0.05578688747241094
0.08963786325636942 0.05517006429398406
0.08851228526151396 0.055938590402133184
0.08819612973113669 0.05630953017979452
0.08686616739649682 0.05631755454920721
0.08542617551139148 0.055848123509356654
