0.20491841085864773 0.12172580753605342
0.20222164380205782 0.11938790370721958
0.1996997871754042 0.11723757901452143
0.19693678037726606 0.11518208086861768
0.19429986066878982 0.11286439541034736
0.1917156686366977 0.11090323518251868
0.18932240629593336 0.10890675252749177
0.1871732797954434 0.10721005987938645
0.182703255144537 0.10367085691491727
0.18019136988608525 0.10171924123473915
0.17808815761268987 0.1000870801528309
0.17351313694267517 0.09626564524008739
0.17121811458843705 0.09495591396242883
0.16916137157030867 0.09339412627451743
0.16505508176139147 0.0901757514979402
0.1627327481932876 0.08832122091508128
0.16065864619059284 0.08655346536356409
0.15650744694696228 0.08386103425282979
0.1542047786011759 0.08220253608295065
0.1501237904213621 0.07924013760479674
0.14799034825146987 0.07777607566074764
0.14385614435325822 0.07498974639778565
0.1395916428068349 0.071959737992503
0.1354813051200392 0.06895144098998177
0.1308325805365017 0.06630782388830668
0.12875910054813816 0.0649604953453011
0.1244538044310387 0.06209175613422323
0.11995103311795688 0.05954222177784758
0.1156469140433611 0.05639498048438612
0.11330982438143067 0.05575487143288005
0.111347617972195 0.05460680025240171
0.10914022308304752 0.05328163916562889
0.10750255504348359 0.05277670110550836
0.10348700277131308 0.0515045888100288
0.10061286593581578 0.050384412900215156
0.09869815271313082 0.05012513564333248
0.0965358777866242 0.04950996837334327
0.09418398418361097 0.05003228532824731
0.09305519085313572 0.05019501497940202
0.09120620062163155 0.05002535222964108
0.09098347164380206 0.050963790831118794
0.08961454250367466 0.051461860943129004
0.08867366448738363 0.05244171897238036
0.08761116831516413 0.05324007314923946
0.08647192514392454 0.0534530284035314
0.08563023448983341 0.05387957412945039
0.08566103855340519 0.053837275169981984
