0.1885858397518238 0.10954080101960448
0.1852287529477663 0.10683382599017288
0.1819458390838269 0.10354902485380925
0.1763339944868803 0.09936265436043619
0.1707943502473427 0.09480325046427308
0.16804045242390964 0.09233601168351499
0.16277130098226192 0.08828856256010678
0.15978888998519375 0.08655963434867738
0.15671660199148887 0.08355088397560079
0.15357198915700013 0.08137716233287551
0.14829763814054164 0.0777336258242229
0.1432399456501755 0.0739751545245208
0.14010243794369706 0.07174710684291541
0.13539606626407083 0.06865384749907422
0.1321545862126657 0.06663544489209797
0.12960459215722564 0.06433388838550418
0.12447071584145553 0.06180647265417735
0.12165523705005198 0.059814960491880745
0.11679937998852762 0.0571152073442198
0.11409543830098348 0.05537139277260844
0.109114571204184 0.052859629849304694
0.10655573882913005 0.05146514277260844
0.10386187071930401 0.05074082797266039
0.10149649508440049 0.04945167349891946
0.0968237243403377 0.0475086796439744
0.09545032799262629 0.04706191611787562
0.0910897424013816 0.04551516500175484
0.08736897262989783 0.0445249413786147
0.08403268412508334 0.04416091643671792
0.08133939055391042 0.04381565327436881
0.08022815140579649 0.04413193445303518
0.07898924498113674 0.04472969360135662
0.07671616898085729 0.04512695647146241
0.07622178325766787 0.04537707484987122
0.07621359129403878 0.04551365909367262
0.07525618487029828 0.04564184479634164
0.07525055439149769 0.045563521383506146
0.07492549957284966 0.04630158366691446
0.07446903818858841 0.046005810365518325
0.07454746750256168 0.046549864189760565
