0.17853489827635272 0.09274663477900492
0.17589584319740742 0.09049002792972181
0.17182848424651148 0.08732955828086576
0.16777544225806135 0.08451367513421087
0.16527135377823682 0.0826013224333886
0.16285498783805663 0.08071882796375483
0.15876452433799285 0.07800462361946689
0.15487162342011265 0.0752062694523428
0.1505592470021392 0.07227642113601682
0.14617742277503287 0.06945727877848894
0.14191526113832845 0.06659622768641314
0.1371735291745579 0.06370486271689191
0.13439618220467883 0.062108632028574015
0.1317519810689508 0.06098661652227791
0.12929576912485527 0.05930938265056868
0.12705531782966656 0.05839621394626625
0.12271808317837027 0.05628978810326278
0.11804812768629915 0.05413754568899032
0.11546956033624124 0.05317728996444372
0.11130691787959002 0.05130425685532123
0.10715893737243146 0.050357681239570525
0.10329705653985045 0.049802157323138065
0.0998893799034159 0.04947602181406991
0.09861075249494633 0.04939754344699631
0.09753218882475026 0.04975218096957063
0.09563214391510313 0.05048082902145453
0.0950885018270514 0.051013104257695854
0.09492608959175612 0.051080223631611736
0.09457377157012345 0.051543433616392936
0.0942873652403931 0.051718230241634466
0.09426723141301788 0.05157166224214496
0.09413985452892862 0.05161000085425632
0.09380024353018959 0.05225853021254172
0.09364250778597433 0.0520526263493133
