0.19717297106653986 0.11367592745802198
0.19387329982521767 0.11129396949338964
0.19073344608590564 0.10852970518659356
0.1852217818787751 0.10434852710746817
0.1801173506689775 0.10021368134009108
0.17748858736419437 0.0985272154185643
0.17276842675689325 0.09455345323830475
0.17006116232080523 0.09258538790292271
0.1673725320883668 0.09070593905103135
0.16460268124166536 0.08850439319266504
0.15977379876990508 0.0851178649967114
0.15479983571258726 0.08173474803340279
0.15207815993195012 0.07973467000685355
0.1470802386127971 0.07607470884481672
0.14409478256086738 0.07418349879682802
0.1413871638259433 0.07228887751619428
0.1361083026810578 0.06886673648322814
0.13354704766801656 0.06730603817540678
0.12830955330615587 0.06365344462818082
0.12560288256000943 0.062363577681798836
0.12007991909270081 0.058934932637223096
0.11753783451938539 0.05819060383308554
0.11492980248433578 0.057217004571569904
0.11232426969242724 0.05593147723127432
0.10788446479656122 0.054101361712255706
0.10605280684347544 0.05312605143689755
0.10144302468708327 0.05246578360936394
0.0975732004376912 0.051498499446257624
0.09435952805709719 0.0507967786650629
0.09209046425174537 0.050270693184927155
0.09205411510629118 0.05080523657891537
0.09110962143877961 0.0507694510212626
0.0889894110228075 0.051228018923618786
0.08681326926895395 0.05082143453645926
0.08688142870450266 0.05118815284084
0.08571202230558225 0.05095093183649021
0.0859011412789016 0.051416586682616845
0.08565908814434127 0.05209186501329258
0.08433729494332444 0.05173938536669283
0.08418401760631569 0.05238584633804608
