0.16934919402185636 0.0859922956231208
0.16934095896782828 0.08594474347185069
0.16930721439760157 0.08593176783375155
0.16928702893958855 0.08591437162676589
0.1692587807891434 0.08588762151760646
0.16925257577168967 0.08587509927118799
0.16924481949987252 0.08587081364030166
0.16924503016404535 0.08586939949005958
0.16924380448158535 0.08586902706117903
0.16924740492381157 0.08586755353821686
0.1692464856619666 0.08586706776141614
0.16924847739596408 0.08586705696637613
0.16924887957302126 0.08586712713413623
0.16924849654725252 0.085866970606056
0.16924847739596408 0.08586673311517565
0.16924855400111782 0.08586674930773568
0.16924840079081033 0.0858665657920554
0.16924809437019533 0.0858666305622955
0.1692480177650416 0.0858666359598155
0.1692479794624647 0.08586662516477549
0.1692479794624647 0.08586662516477549
0.16924794115988784 0.08586664675485552
0.1692479220085994 0.08586664675485552
0.1692479220085994 0.08586664675485552
0.1692479220085994 0.08586664675485552
0.1692479220085994 0.08586664675485552
0.1692479220085994 0.08586664675485552
