0.17396954643403478 0.09521190905625773
0.17162619097378845 0.09344705760700239
0.16949747663098905 0.09189883402891329
0.16748407898027026 0.09002538812187887
0.1654019816161329 0.08856438536810037
0.1633663097065053 0.0870905649078299
0.1613666826423346 0.08569895902960381
0.15730624612355115 0.08266397860228478
0.15335525608158132 0.07973800262672352
0.150969047092265 0.078124552243418
0.1487325716851919 0.07664197625383927
0.1445255330040548 0.07378951867224788
0.1402798543251976 0.0706843429600495
0.13564257578840533 0.0676830305909023
0.1307555210284326 0.06438472074144864
0.1279708460403224 0.062835763489924
0.12299981751578772 0.05976704487388412
0.1199145453706927 0.058014876264680375
0.11501263791271156 0.054740901715725536
0.11239478046122693 0.05340014588017335
0.10995495428548314 0.05252684252157173
0.10743443898438879 0.05107874378880701
0.10497415802918277 0.05001401639941389
0.10239215389900273 0.048668410766666295
0.09767880196892957 0.04673605519848197
0.09486014101999941 0.046282294362556896
0.09055477383908785 0.04490734988437307
0.08712988149098334 0.044681718329648276
0.08380507008864657 0.0447514523713016
0.08289684340617584 0.044628068459672474
0.08141530832630567 0.04514270530944792
0.08047764438163134 0.04593444144491891
0.0800714743238125 0.04564964668013634
0.07989053666906097 0.04592930573086994
0.07975800674379523 0.04668303110878944
0.0797079136017695 0.04692310955660575
0.07973901233599404 0.046748511462913755
0.07954543887529664 0.046976268512738645
0.07944422314892673 0.04712569513400157
0.07950966695175675 0.047146971663633
