0.2048774383684474 0.1171150683267829
0.2012959170093027 0.11429548640463069
0.19651876637538515 0.11040187656785197
0.19203330228961002 0.10657969062198094
0.18930192484372854 0.10441607849346236
0.18668983625228153 0.10253177215988933
0.18273229817797773 0.09934468204854097
0.17912225788962377 0.09667572069729273
0.17555629927948305 0.09398974497875681
0.1720605838652778 0.09147237981745675
0.1686684603948737 0.08880227130974991
0.16529199550320883 0.08627610413487506
0.1630363935268777 0.0847200668069614
0.16095364922698369 0.0833075687710648
0.1587342613076021 0.08155152953908583
0.15697026587308402 0.08049826301214211
0.1532538258296862 0.07789489864025723
0.14944152730212157 0.07541630629514864
0.1467915093014641 0.07347721519986167
0.1427392243679224 0.07088704312725057
0.13867302495682296 0.06831487712260396
0.13419103949043726 0.06533941593568857
0.12963993203601848 0.06255005676173041
0.12712024247529585 0.06111586460346039
0.124598320081742 0.059524201098800064
0.12027730940462289 0.05725863141961619
0.11753142333682512 0.05563834260893312
0.1150108042276706 0.054534815619579416
0.11076333328937943 0.05254732417071952
0.10701892054626322 0.05083404599981611
0.10485870748839617 0.05016072412461027
0.1024520682663435 0.04931719961054146
0.09904005054290228 0.04809576209098619
0.09565984829156281 0.047366267073118855
0.09289103975109414 0.04713901752288995
0.09068124438821071 0.04675756119768795
0.08823417460085765 0.04707710323739132
0.08820195664386787 0.04682664253078067
0.08807333397322042 0.04702716440763328
0.08782603575844405 0.04688586046254721
0.08604875832262085 0.04736143722279554
0.08468359666322395 0.047479899889049604
0.08442484679508566 0.047585481167593424
0.08278966569068553 0.046898018176790575
0.08158620712654309 0.04808068288015436
0.08132277118435126 0.047509029086227055
