0.1743205117107693 0.09593097045005551
0.16842871508132956 0.09150096822889454
0.16300751168866887 0.08773119696255388
0.15748860216657826 0.08326613300978536
0.15451765862272612 0.08113189027600902
0.15155647034430006 0.07883007191731431
0.1458962773369971 0.07480044947896258
0.14234953332805378 0.07197445902995472
0.13563520571504695 0.0676259326835162
0.12971261812983753 0.06418328731992609
0.12343324873782022 0.060016702501170104
0.1169782270149448 0.05600286501702097
0.11317997557289211 0.05395071998949626
0.10952526178259567 0.0522429208147613
0.10298850494005873 0.04874288093250664
0.0996111111878487 0.047407670454545456
0.09635107797889164 0.04623102701652843
0.09081197687988665 0.043808674322358826
0.0856491105653534 0.042686148829179454
0.08131747535802687 0.04317033236884606
0.08106652427240492 0.042680794168789185
0.08053169208522415 0.04379745743823608
0.08013716977515274 0.04402695579090338
0.07964059606993065 0.0440699392310089
0.0798479602075721 0.044359518733434834
0.07941953906955986 0.04419182086813039
0.0789064763758742 0.044786496429815394
0.07877062687086231 0.04424249216556051
0.07859249016070692 0.045364119457642155
0.0787420229362501 0.04435251914263187
0.0782816310021069 0.044746640749153715
