0.1881760611050913 0.11038678961422242
0.18439510620550512 0.1074035547427413
0.181456627746916 0.1048501122434042
0.1782167285774873 0.10222199689336774
0.17526852069196297 0.10048617949139341
0.1723261351406676 0.09782482226113665
0.16933454703465453 0.095693651981229
0.1637081611658887 0.09145027903758618
0.158491282663295 0.08748751999907471
0.1552472369959697 0.0848680792584823
0.152152321609808 0.08285585038965827
0.14686176376583676 0.07901574968132678
0.1414569234602071 0.07535031180257866
0.13586320203561061 0.07107117767360957
0.13028107739843398 0.0675646502242106
0.12711889872999568 0.06555159597277156
0.12173971308456236 0.06249516099211983
0.11843003209025477 0.060305739199291254
0.1131441091307684 0.05703041059127519
0.11047202161556904 0.05549322448266528
0.10790649813869167 0.054426765408177924
0.10520665877382866 0.05279053338576653
0.10242640799363588 0.051900522772532924
0.09997238030200141 0.05052190183518484
0.09528396481655357 0.0480687298369277
0.09271687084162761 0.04692136708219628
0.08835419963435741 0.045428508875204394
0.0845997229488223 0.04411059941464944
0.0809993944772402 0.04295552499685815
0.07954018632542068 0.043728285424170274
0.07716502349158642 0.04345100541744465
0.07498835150105905 0.042784722044797927
0.0730249751708089 0.04269206070828316
0.07184501402110013 0.042879090790447674
0.07034975144761615 0.04327036530722446
0.06917883981410206 0.04257628596121923
0.06904755000772225 0.043641221044930505
0.06884553990811744 0.04291904362474037
0.06903644639499451 0.04379232001005392
0.06916940724960285 0.04350889279097661
0.0680520266166477 0.04394967408068129
0.06700896693098021 0.04436101942111267
0.06616281322625958 0.044771687732013433
0.06597174394385309 0.045269792653529366
0.06573017453059729 0.045387579607883484
0.06617119240792131 0.04535637690824145
