0.15953694891671086 0.08206553045609652
0.15489005652797422 0.07839062835895322
0.15078838467691635 0.07544322663257032
0.14726321352140795 0.07289995693736938
0.14553848834939298 0.07163268554007206
0.14399203417830622 0.07059363694358728
0.14061380590486505 0.0681313222727681
0.13898916572739864 0.06714470417231311
0.13567030356774518 0.06508035636537791
0.13285426443034928 0.06327154942814459
0.12964459026120245 0.06137738149783122
0.12671450948108204 0.05990114281792875
0.12496309881406667 0.05875334279622736
0.12335230977059759 0.05798561470884764
0.12013935506971456 0.05684418181682123
0.11872968564295046 0.0558599713204921
0.11692984396793474 0.05524251918600063
0.11388584624366455 0.05422648898569477
0.11071200852646648 0.05298329362965593
0.10776524691392131 0.0520298079886282
0.10649925902188433 0.051491206217958135
0.10475545496792983 0.05151862526803596
0.10331574277684465 0.05140184849573319
0.10058458500007367 0.05126184073527571
0.09931394489197803 0.05133132642256346
0.09634452650761728 0.051139834200368446
0.0939744670267808 0.05174503040745548
0.09274100627836221 0.05173245027728796
0.09012751599518211 0.05215029449090855
0.08923936478469276 0.051924495238620035
0.08697991293967566 0.05222586030870396
0.08617051367525146 0.052813347604207486
0.08585897826668827 0.0526037053420792
0.08569627540320997 0.05242075931731104
0.0849527553550556 0.05247432186561194
0.08415950935216289 0.052324115005115815
