0.17144828418874658 0.09011121172986732
0.16731084538454372 0.0870974646749188
0.16344770747121928 0.08355606076404233
0.159512259614206 0.08057508625410166
0.1558192909101718 0.07814505194235295
0.15208944423061838 0.07512880716092894
0.14837330110415972 0.07215394479806544
0.14033117322179783 0.06644908897611643
0.13242847492228715 0.06061884512723451
0.1283118930982663 0.05786549819533598
0.124722864551668 0.05538048153318068
0.11730010662532606 0.050510605422140156
0.10990817451129165 0.04593374553408664
0.10298811002740788 0.041593152768244816
0.09613385324224342 0.03827316178983864
0.0931447836788327 0.03703889379826708
0.08753339415118948 0.034878454803472195
0.08475813257516326 0.03470078445226876
0.08073409522151836 0.033966309910046455
0.07930147062203367 0.034625809500742996
0.07817437492645472 0.03528664966385672
0.07723145364380063 0.036418340938218136
0.07635219977746426 0.037462250343877054
0.07557625403886133 0.03796459816360676
0.07305265519891545 0.03900870717159741
0.07328651097693865 0.03824842998200515
0.0713347074935893 0.04036784800029968
0.07147178132936761 0.04155879958855594
0.07146950219195562 0.04181292842212911
