0.18246449427728859 0.09928598798624315
0.17963998565338682 0.09728507334409268
0.17707064879662496 0.0953075407586167
0.17201409580792085 0.09179806245440175
0.16680986723407593 0.08811947445081746
0.164479500154436 0.0860036250176175
0.15903391746805873 0.08237978405947394
0.156247242214465 0.0805546774390227
0.15337117832208974 0.0785195587125818
0.15032540528722643 0.07657473509835404
0.14440720710479094 0.0730049017254101
0.13845279383592035 0.06896618039185477
0.1355181174252824 0.06712084386641372
0.13002743345463505 0.06372995987181365
0.12695145883790596 0.06212540131640763
0.12418568721564167 0.06095897025508766
0.11832308522353997 0.05766730887079391
0.11564819604055539 0.0565235743811074
0.1103027171388404 0.05427892932547754
0.10758796454897337 0.05307849928562743
0.10201517900479487 0.050879414696384746
0.09979060364248313 0.04989364942477118
0.09747092298179126 0.04992404825745601
0.09528536836967073 0.04911902973834896
0.09115424394083876 0.048964989914841814
0.08956036838499176 0.04904378830943801
0.08571585256326973 0.04947816992463853
0.08329317627336151 0.05004961616292116
0.08257767456169596 0.050525175458262406
0.08241666967980271 0.051484487484316964
0.08217978739312048 0.05132968121296869
0.08213225389521886 0.0517022720191181
0.082043028042389 0.051743865308299435
0.08163804532144749 0.05172864430187699
0.08158636556959915 0.05195905903349675
