0.16740830551812838 0.08748988972887664
0.16483802746815288 0.08518386620937389
0.16237850624693778 0.08322482337266222
0.15982174983157765 0.08124342305743806
0.157171729544341 0.07901161138198275
0.1548736258268006 0.07715251483520226
0.15242111901335129 0.07549961960797122
0.15023789655805977 0.07357843463859022
0.14551731496509065 0.06990349604510429
0.1429232185509554 0.06789316890969689
0.14049454924056834 0.06612952326862992
0.13531687323922098 0.06257832718370564
0.13274166692185202 0.0606143654845529
0.13020528386820185 0.058734225327594064
0.1252946338345174 0.055204132574136054
0.12264413507471827 0.05333955252728329
0.12011490997060265 0.05165450010111357
0.11487143442246447 0.04831850696259007
0.11192072283806957 0.046801667687647326
0.10666461561428221 0.04351578885349721
0.10407451923076923 0.041671690493795585
0.0988500007655561 0.03880428686788383
0.09353945293361098 0.035891060726516634
0.08837800672158255 0.033230078303078024
0.08355685019598236 0.03147962563743245
0.0812546698922097 0.03081985199457809
0.07720516042228075 0.02997108490690602
0.07298972623713866 0.029208739952056185
0.06991542518985791 0.029450255554991884
0.06847024666217541 0.030467015910967243
0.06772746585619795 0.03154178192513287
0.06743275068134492 0.03140991189220668
0.06698581424546791 0.031472179478670946
0.06616634385717786 0.031985106618352216
0.0659461412144782 0.032546885771548656
0.06601979728074474 0.03260366442873265
0.06579087686795689 0.03278060774641134
0.0655865164518006 0.03304480658033907
