0.20381277000986203 0.1132687384898395
0.20154955915255235 0.11124975384381038
0.19802988630453555 0.10855738835658924
0.19454195226483229 0.10605793813400229
0.19240816904794614 0.10439994325542333
0.19035917598080584 0.10288742282531728
0.18694328673606067 0.10041853842575311
0.183462194939454 0.09783036047558405
0.17962287242654995 0.09546138589880115
0.1755731653128864 0.09256451565038754
0.17157900111377153 0.09002132338713661
0.16729847849979393 0.08681886459556967
0.16468569993425314 0.08510713562193978
0.1623342298907817 0.08360918515096664
0.15971725398283712 0.08187292096653785
0.15754174649922478 0.08088932007200454
0.15273391118408142 0.07769371741646815
0.14725157827740762 0.07450140613506993
0.14424990348029065 0.0728988768073182
0.13867126168969443 0.06997660293994544
0.13320033252151492 0.06704683503178245
0.1275755774623182 0.06424268611637922
0.12207333113666026 0.06160721208474223
0.11956957806090908 0.06077587208763778
0.1169643604614792 0.060270517504363914
0.11203563593532274 0.05878304153675566
0.10944405490721841 0.05914314681441298
0.10710198576077463 0.05851681010911152
0.10328926558237493 0.058788911332653584
0.10037384712995309 0.05785373223386999
0.09940423228575844 0.058743534326008914
0.09822690649041764 0.058993727005409606
0.09478533487662649 0.0586962007207316
0.09382326183259572 0.05979139742440003
0.0935998731367633 0.059599548908061434
0.09353523598033972 0.06050563097293277
0.09315083416334662 0.0605822921155229
0.09348429289308284 0.060162636552358706
0.09318197882730163 0.06159204174465901
0.09294323820788275 0.06103605146088124
