0.18916847210313573 0.1066223806894625
0.1871731649620284 0.10501860350693827
0.1853558496141597 0.10367535229913494
0.18350530913155316 0.10218073477250489
0.1815342892577168 0.10084013301820183
0.17943679951616853 0.09918440917360678
0.1776671400355218 0.09778958048987614
0.1756736702290544 0.09658270012842465
0.1732076609198922 0.09473201342482432
0.1708531548566879 0.09310795272124066
0.16903698784296914 0.0918789211911804
0.1663157804078883 0.08968224192064357
0.1642218696411073 0.08820797849477684
0.16207852308917198 0.08707896926355964
0.15887069948860852 0.08473048390834871
0.15624502388535033 0.08271537906990804
0.15399648035583047 0.08142864048809709
0.15033665329495347 0.07875017330031911
0.14773302570737384 0.07733104348161471
0.1439869109045811 0.07423199726750133
0.14132472784480646 0.07296238783690624
0.13810464577719256 0.07126433245759485
0.13473356733831454 0.06889749095016179
0.1316500222011269 0.06717437977596569
0.12860054431038706 0.06540586956453756
0.12593130856504164 0.06336328750444761
0.12291053902804998 0.06160301340154387
0.12013578094377755 0.060718285954734476
0.1168610477400784 0.058595156164870016
0.11432763121631553 0.0576352124705346
0.11171150592540421 0.05636992468950142
0.1094069332588192 0.0561072758944555
0.10792371616242039 0.054975633497362016
0.10476309866487016 0.054014511664892254
0.10217864825759432 0.05350555056164939
0.10056248277498775 0.05283626494639244
0.09872629646925526 0.05276099440678649
0.09659744763596276 0.052475711243620465
0.09548453002511025 0.0523431136968233
0.09345080153723664 0.05253089371365471
0.09230775929385106 0.05214938326803227
0.09108468772966682 0.05257239457954824
0.08996230593152867 0.052441963286740015
0.08937111480279275 0.052494490874066005
0.08833524084394904 0.05238561353698741
0.08736275493018128 0.0525056316088663
0.08710312614833415 0.052608254498337705
0.08624725356749142 0.05233222813479863
0.08532814605279275 0.05262651292481598
0.08464883941695248 0.05339033190963574
0.08481549141046056 0.053388887740309775
