0.18931280350961915 0.11017056206405311
0.18651483857149162 0.10794004771580408
0.18362148106565737 0.10498411747352537
0.1799106508128726 0.10236659014566568
0.17696024161878335 0.09989002445033383
0.17493713781083306 0.09800766093763817
0.1720266590531358 0.09571141559073222
0.1699020534164673 0.09454682508373496
0.1676345983193442 0.09210961810430116
0.16498306413260905 0.09022890623272793
0.16207597515296518 0.08820783725086775
0.15922630173605665 0.0858971535379405
0.1569130463326355 0.08409533181880362
0.15389981133682734 0.08190629741181575
0.15132577283875412 0.08025226518801679
0.14954479877051793 0.0783583617775441
0.1466023469367744 0.07697223545934018
0.14419625566265296 0.07511321082315893
0.14078550694839387 0.07279897014454645
0.13887010998661556 0.07136694331619484
0.13612510793666163 0.06968273895555138
0.13410315320601762 0.06830298171095685
0.13193545717036495 0.06740791636555701
0.13002084541141257 0.06594931214868621
0.12666381606122037 0.06384692952790613
0.1252724653805989 0.06305848139522352
0.12243767251480625 0.06109646667977041
0.11955086474961758 0.059490596527002455
0.11729358856229899 0.058384682460011716
0.1142057880249598 0.056747576858957705
0.1121971051372029 0.0560372578283903
0.11017471950256903 0.054436731220430225
0.10753674442804753 0.053229888926810666
0.10457989082539908 0.05222402868820746
0.10253305857107488 0.05133436626033561
0.09981571098162458 0.05039988822383766
0.09797968653477507 0.04943941573098139
0.09629423909326464 0.04972463148324195
0.09394640603856978 0.04845211756368555
0.09233961293867175 0.04858559283596237
0.08992391729339896 0.04804871771333072
0.08851560814686618 0.04835572325386341
0.0868304479746823 0.0477666541127548
0.08518069853481919 0.04819022449537938
0.0842214487995666 0.04865407656982335
0.08304051332500686 0.04791036308296671
0.08204766265419085 0.0487620053799025
0.08146403671470524 0.04903804534814954
0.08095999395432127 0.04881491726854052
0.08045260929410496 0.04852104389418719
0.08039565336229212 0.04940546533013132
0.08000768177330513 0.049472745417030534
0.07997473198154857 0.04959896642241665
