0.19113926533173822 0.10658079393132955
0.1888358426572398 0.10470798459389363
0.18677377871942968 0.10316264176297066
0.18464707538022906 0.10155736428595104
0.18267477881258704 0.10004302994699597
0.1804151385592971 0.09824413820819339
0.1781847248916433 0.09638523629808754
0.17540346860965111 0.09445349572087126
0.17250796817083097 0.09222103534959453
0.17024982180592874 0.09079790309226954
0.1681350504214144 0.08914688970799452
0.16502232328909178 0.08728491823770605
0.16187657739291808 0.08491653407317538
0.1591771881098129 0.08319474817565627
0.156530851016886 0.08159645678024736
0.15420019360793505 0.08024472281644975
0.15144477393408382 0.07794434910046458
0.1485620098513895 0.07687133551697566
0.1454198933379013 0.07463329706972556
0.1434494162497058 0.07299572717222579
0.14118022851742532 0.07190678316480136
0.13936756733069877 0.07080429317210701
0.13718354081272432 0.06942911942097457
0.13498017035537077 0.06829288584490179
0.13247512062957206 0.06676699614933655
0.1300258044320834 0.06572376647053706
0.1275170391377307 0.0648012800184644
0.12462838568735414 0.06298710521464004
0.1219282398838475 0.06159988519305451
0.12022623177609386 0.0613083578955691
0.11739389600269176 0.059627377188245755
0.11513246499857813 0.058916431445208924
0.11237632710915589 0.05800558126961066
0.10995039601065916 0.056664782276797554
0.1074254469254398 0.05598875615249912
0.10491219996592402 0.05590818154636954
0.10364279703710605 0.05559322525086453
0.10196802366380493 0.05591805916446162
0.10025074150490793 0.05532517550331724
0.09869878299424877 0.055809664309014274
0.09703127796252622 0.055383389253634875
0.09551456947209203 0.0549917425054827
0.09404889259202966 0.0551541432783084
0.09232666911000412 0.0547753951565124
0.09137046562739022 0.05528976497073593
0.09079949382464846 0.05535354061305407
0.08982762366637902 0.05499667861719993
0.08845608090715644 0.055136982872436804
0.08803897003213929 0.05583594168625431
0.08721570346361471 0.05553343626052347
0.08633515202114672 0.05679469102681136
0.08602898151133087 0.05618344395114736
0.08499399456868148 0.056578289731264914
0.08444953928482124 0.05595335640923303
