0.17569371911982612 0.09416118590332975
0.17433163359493062 0.09327436963430968
0.17270858453501267 0.09191714416964913
0.17111002955542362 0.09070147995619621
0.16977730626140758 0.08979133995936622
0.16848379649505427 0.08874959860245038
0.16675786463137598 0.08738909248474003
0.16489989855847545 0.08609089733279905
0.16341886916619236 0.08496901047956372
0.1620021031943654 0.0839630721973531
0.1602003125122662 0.08274099141249396
0.1585207622404471 0.08136871353972258
0.15698513864799424 0.08035698586977703
0.15563807922558534 0.07944503400900778
0.1541790523405148 0.07831334808097663
0.15311029205223442 0.07749800394776206
0.1512072189229535 0.0761424295307148
0.14922280551439562 0.07484020324953616
0.14737379952174062 0.0734982928596522
0.14512663056211117 0.07221947071444647
0.14320319361409042 0.07088351588916762
0.14122058180455518 0.06936256332303652
0.13903532843686828 0.06799193113733423
0.1374343777138981 0.06683209163116986
0.13558872576197672 0.06574562189345742
0.1332591719789561 0.06457307253699719
0.1311576067190597 0.06314721066441244
0.12928909937528213 0.06193671937611156
0.12694034131331816 0.06053911829254403
0.12426421929277962 0.05930230137168178
0.12233590461123486 0.05810566172959116
0.12000611125387613 0.05708968850864
0.11706773199688929 0.05505120220281486
0.1146708578248582 0.054298463865300586
0.11209443706086981 0.05301204582896485
0.10936740070199498 0.05193246975109235
0.10742035130720959 0.05091676991789533
0.10539034211062155 0.05066336627251943
0.10356428733955803 0.05011989821999056
0.10198410292021569 0.04967267873855502
0.09978164811505211 0.04901237762520859
0.09804416876827665 0.04855686538189718
0.09685034109252645 0.048439340810877946
0.095358856676128 0.049166562958004895
0.09404978416077071 0.04889070399297932
0.09301229311510117 0.0488297706870691
0.0917551507332738 0.04984234532299809
0.09101789424813063 0.04952867307919265
0.08959746758041724 0.05046185269499001
0.08961565606416698 0.05064340896646649
0.08933919686095519 0.05123731973990811
0.08865583501891448 0.0515077002287623
0.08870057792230095 0.05153722074566628
