0.19255221071772355 0.11261223368178008
0.18954235162634567 0.11036523216404345
0.18608478628275774 0.10740492078993055
0.1828668148622898 0.10495965599556992
0.18011648228159868 0.1029003519332604
0.17787528438948805 0.10094123183954307
0.1746968711938158 0.09828809461125261
0.1722026886700947 0.09673941521559888
0.1697068562883074 0.09446569088650514
0.16608081357800958 0.0919197744212056
0.16297065846372583 0.08958773611315199
0.15978217346009155 0.08712347622575431
0.15744528380014342 0.08576038431016796
0.15537137384218333 0.08412227278509775
0.15259960269883016 0.08220382153634949
0.14991945623133743 0.08007848640635885
0.1475992569960121 0.0784599758614567
0.1445785874974216 0.07638491873374097
0.14191843117068403 0.07485642494618872
0.1389620965444759 0.07316182773315047
0.1370543618256915 0.07185656614977905
0.1344479985456693 0.06991934302956831
0.13234482279143092 0.06867658348707985
0.12956988622271826 0.06694335299724073
0.12725606579910223 0.06573428396811597
0.12435315012388516 0.06393256697327532
0.12120591157190495 0.06196197222766458
0.11901129339356926 0.06099609778924754
0.11552401142039427 0.05907032274693323
0.11339173293724462 0.05771562821439068
0.1104628703662777 0.056347572276169565
0.10720163813256325 0.05499716147193922
0.10504913929590504 0.05404439864362918
0.10251507241265422 0.05280489175837034
0.100476528888938 0.05211561011005802
0.09815516899764754 0.05137812323123476
0.09633392712876199 0.05156349811932635
0.09390920171118675 0.050232704239662244
0.09204583090842566 0.05014152885604428
0.09023677113107516 0.04977057711748411
0.08797412508410439 0.049811995349167866
0.08689749677395195 0.049883282753450456
0.08528146079814454 0.049870803604471436
0.08463734469847654 0.05025772100041362
0.08390754149354668 0.049903585287138626
0.08274121653934367 0.05038281011896987
0.08231217670455662 0.04997696672238277
0.08116722316762927 0.05058341722212698
0.08027295213477821 0.050289083631642396
0.07977269022940241 0.0504892868100455
