0.1051096805193277 0.04726427849345943
0.060522848295097964 0.03007091665849556
0.04727838338140334 0.025746243527274008
0.04247688246024878 0.02309147587129331
0.04192687297597276 0.023845519534012066
0.03964439346752486 0.02262739235802297
0.03986917578883436 0.023606069563807838
0.036798816193045314 0.018551809450162687
0.03631923253361019 0.018646907823254788
0.03673632425621212 0.02023105847239178
0.03634536121608337 0.019447417020671293
0.03520977142435133 0.017439267861668203
0.035071689692721716 0.01858616802450918
0.034652424170991535 0.018418767752739276
0.034289325500965896 0.018749918810402902
0.0342199746054296 0.019078059649117657
0.033841520486495864 0.01992901159255817
0.03342874523947567 0.02001567002381245
0.03263258173254893 0.018938110092618934
0.032867316127620665 0.01991529028091579
0.03289613333038131 0.020635357041314275
0.03301401644610234 0.021811788908601207
