0.13499253904105055 0.06559413913960249
0.08328570727087092 0.03755989789878432
0.04975629219411869 0.02600221259458182
0.03955084827950953 0.018854270101141754
0.03768325053975991 0.01838461029516921
0.03765996496693109 0.019015168823199008
0.03621359502854002 0.016889559324444667
0.03650568090414305 0.018936962806423686
0.0368545335925856 0.02060489229486315
0.036436279028756964 0.02018326232068143
0.035474905894398875 0.01891420551269013
0.03492744955703836 0.018008737796854964
0.034624514476535535 0.01798305234851709
0.03467740075955542 0.0198447689978023
0.03486722354272484 0.020904014757424223
0.0351840265499674 0.02206586332425744
0.03385806315589333 0.01947081936599089
