0.14234267134050008 0.06858626003322336
0.08838166614637509 0.040628033531962225
0.050693057894652914 0.023290830150170715
0.043867877282434305 0.021241637497444094
0.04166597349824839 0.018614764458974427
0.04122421758471042 0.0189824750087141
0.03901244094205076 0.01802450153586024
0.03787883985915942 0.018060149154783697
0.037314718956685575 0.01712089604240885
0.03721267945459541 0.018155439528601464
0.037255781273765776 0.01871522373753609
0.036627765895316515 0.01791212442740811
0.03673978606433257 0.019136400355116757
0.03679553261706867 0.019105624130734154
0.03667009868086153 0.019409646054845315
0.03692350604125984 0.019676070462080624
0.03581307898409441 0.01949349970761448
0.035144115559774446 0.019391674830418114
0.03516952002258822 0.019671811509714508
