0.1928656070127102 0.11299121076742642
0.18079866022316518 0.10284579020267329
0.1699231411701438 0.09430818149164054
0.15919676161254517 0.08589311079545454
0.1530165179952705 0.08143170342466965
0.14810018076305398 0.0776112183425037
0.1375184035911962 0.07005512552450692
0.13108919447329778 0.06566099819926093
0.11972619991491337 0.05825551616651428
0.10950834114521943 0.05192211952329056
0.09904396288540684 0.04576468525843021
0.08922327866854766 0.040569428989007804
0.08361839427525342 0.03806506894017628
0.0786421441739598 0.036032136912463805
0.07103926247814514 0.0327000925242797
0.06715565006556459 0.03173540062872801
0.06371079918050399 0.030664152320109772
0.05836477943623045 0.028766274659818823
0.05383901732458402 0.026844166829086937
0.049888365039768484 0.025754662184547524
0.04903751788753094 0.025867272154124762
0.04728039986267042 0.025696972694516557
0.04636903073677903 0.026172684443947828
0.04468382542076752 0.024793129937236046
0.04441472110031874 0.024721701690769496
0.04278063260776412 0.024608119112903008
0.04171456051157571 0.023621822557811412
0.041527076204411734 0.02385502798305659
0.04094731895762121 0.023962602180207244
0.04088606797691488 0.023869975856354492
0.04058147252364745 0.02385113489249989
0.04028830137826841 0.023741533099380117
0.040134495278489904 0.02416402244767176
0.03981785442250977 0.0236232708406465
0.03977515715089924 0.024122718484174993
0.03971656800515431 0.023647708288263833
0.039436200046134635 0.024193578047106302
