0.1898427042781286 0.11154025372671579
0.18340174703735118 0.10612502088811428
0.17787478135602777 0.10145892257380237
0.17224897005971876 0.09694220232883485
0.16684431170203376 0.09287012055376635
0.16115481862509562 0.08832971776187136
0.15575168288442115 0.08432737272578499
0.1449668908367491 0.07656330056718999
0.13403402189075095 0.06870194115317582
0.12738937871403636 0.06427481538186926
0.12136162525556983 0.06027047971712314
0.11047061391304987 0.05353074514636181
0.09990042467799427 0.04690728163116493
0.08916620458272863 0.04082113680368349
0.07939845845274225 0.0357529827493523
0.0748699608463345 0.03399069376246382
0.06761835847866697 0.03094300352180512
0.06336772890047364 0.029300923690539653
0.05805313477539273 0.026417349723828056
0.05561014845113652 0.025937608216831744
0.05355530976197072 0.025593102684243526
0.0520723095223357 0.025407324162645562
0.05029519521827012 0.02482396746684832
0.04887726052126439 0.024962761217953145
0.04634005389029987 0.022942863843330167
0.045053681921590934 0.02312649798852638
0.04303417465041479 0.021925153592375873
0.04205927841053953 0.021909205635803126
0.04108855739718371 0.02121409725885794
0.04111045339589176 0.021479836744281836
0.04077446257556777 0.021667978125914936
0.0398994916680865 0.020929427919864907
0.039775632998814696 0.02115704201126301
0.03924976513393207 0.021195926703348036
0.03934134958949479 0.02149357963455467
0.03917448417183118 0.02110108053049941
0.03912258830872222 0.021254043349828614
0.03907280160534012 0.02116997030823606
0.03908260764193625 0.021436641720762855
0.03941895517599384 0.021159288886159432
0.039065516505398225 0.021418983657726324
0.039094223581771316 0.021289929960944406
