0.18078234091744244 0.1001939703997843
0.17450749862199902 0.09540367160397394
0.168484466866732 0.09071039275498688
0.16243638228809407 0.08591737392597236
0.15590687775600195 0.08133279325020014
0.15013783837579617 0.0770429045550447
0.14412691197635963 0.07241365235591142
0.13883102454372856 0.06916756147253325
0.12699633107239097 0.06108129908872698
0.12085249456455169 0.05675412802228807
0.11462103059162175 0.05357537017643102
0.10320209149926507 0.046819220317086595
0.09681292296974522 0.04374306364386897
0.09165828063755511 0.041046495476644504
0.08198867551139148 0.036480664570673865
0.07714922219500245 0.03465478391839058
0.0730944447421607 0.03344205358532734
0.06584615480309897 0.030336858793162638
0.06266809698064674 0.029573938342265613
0.05708714038002205 0.02761084260178766
0.0551859344377756 0.027199262487699587
0.05105046737199902 0.025591280383585272
0.04738787473971093 0.02438516282585672
0.04513619721490691 0.02261013349293178
0.04311906215549975 0.02258922018374525
0.043319676131491916 0.023387909614197875
0.042220643794402254 0.02313428416283524
0.041307067422525726 0.02276940745319936
0.040720225609382654 0.02218272995215
0.040636004868936794 0.02261478360957723
0.04062232533837579 0.02312407182260163
0.04075024019322636 0.023958622529145726
0.04049294157275845 0.02385213404358377
0.040439070346950025 0.023465365410020738
0.04018628850747183 0.022859188908466853
0.040002983276427 0.02319717610821862
0.03978467060034909 0.023549708156181896
0.03994701634079496 0.02324511872939507
0.03969835654244243 0.023610099951284803
