0.18161942327634392 0.1050978780783211
0.17495432532016708 0.09966932043541188
0.169299459809959 0.09500559577045033
0.16359606207956617 0.09063105712156952
0.1580464773958599 0.08659923567627772
0.15220870632023573 0.08211207815503746
0.14651480818779541 0.07803875021406001
0.1347777101740081 0.07009713447871553
0.12326043400598659 0.062226059286337725
0.11667447382952696 0.05811873960773157
0.11060538945900096 0.05435099744198283
0.09935035773647258 0.04804593740850661
0.0893462564382759 0.04227877059378177
0.0795536983543632 0.037160626944666174
0.07100294456892663 0.03320263138882828
0.06730068694350742 0.032043599989676784
0.06095382073063553 0.029559085030679635
0.05748280936666487 0.028147758981543883
0.05294558304701749 0.025602411165957278
0.05126220545117574 0.025500284902657936
0.049548887842230674 0.025036813683026835
0.04878228848225843 0.02464864918636479
0.04742407101592991 0.024325234067720303
0.04630122236842751 0.02457874251566781
0.044064009593368175 0.023567864598582233
0.04339200880030497 0.023109445475807074
0.04188038048800967 0.022403727155998653
0.04103688418090176 0.022703869721694362
0.04027907577951862 0.021786554048945167
0.04016925583060807 0.021579776822582917
0.03983012401418688 0.02123973806649947
0.03920381609575104 0.021540606213644325
0.03915356494629969 0.0212650066427656
0.03914381397289734 0.021572628901243757
0.03926416535613073 0.022090472874971
0.03917029458100031 0.022073955782019927
0.03899475311923895 0.021640476161396416
0.03898256021289518 0.022299807169042504
0.038783604923519045 0.021641306938669044
0.03905788905603415 0.021857106729891478
0.038884384932442534 0.021971466727996013
