0.18571329291822855 0.10507993900815694
0.1787769450216376 0.099283486075965
0.16907115610832532 0.09174652876888284
0.1592891346406247 0.08396398348986694
0.15291876674337135 0.07982665651107994
0.1468448385491286 0.07484116278694779
0.13670611964089455 0.06795865287894673
0.12674584528266244 0.0611920969025146
0.11679143570422743 0.05457223757863275
0.10681337534713363 0.04850978372219721
0.09734319342089769 0.04310104555055962
0.08821475949649678 0.03814286915966565
0.08304749559336545 0.03602629848676554
0.07867479914854131 0.03384851843992897
0.07431361664640698 0.03279425485176423
0.07133072447739829 0.03156686176760386
0.06519590127789335 0.02911926676932609
0.06017325881970885 0.027632702094231677
0.05733625304815222 0.027408352598414447
0.05334633889779552 0.025899975868974235
0.05016011998802818 0.024366310772275163
0.04762300378995103 0.023117320055536954
0.04555137094785881 0.02279102104987073
0.045161736827321254 0.022948789906464078
0.04498257355430495 0.023215198232066792
0.043593176554864284 0.022641451145629776
0.043305150702608285 0.022692266424364352
0.0432000254830432 0.023467819237989636
0.04219047838817145 0.022173380487396116
0.04168171832374934 0.022347568690871053
0.041802454207186035 0.022310540731816347
0.041429063226772714 0.02220034000430902
0.041230532764263146 0.022133916161002958
0.04100045036142376 0.02199631233155026
0.0406287938992184 0.021925436556286915
0.04032057193025926 0.02191843434542695
0.04031490839290621 0.021757114128301752
0.04015858134579907 0.022079991766632955
0.040148243713109384 0.02221941684097727
0.040182677732726726 0.022143075990903028
0.03985309052429445 0.022439447078306144
0.040008739576024716 0.021924072297788266
0.03984705564671732 0.02221897995662505
0.03975436433530043 0.02152028126518106
0.03951801227203256 0.021811104189338196
0.03951968210516923 0.022233127772902303
0.039725268031936295 0.021929683447428586
0.03943191165065722 0.022345711262306094
0.039501227693904184 0.02261424638381977
0.03935053064374276 0.022511200642682076
0.03943988708037309 0.022783784315202057
0.0394406992373793 0.02302949021910817
0.03940796859130596 0.022556272098307406
0.03929730441304364 0.022875564872705517
