0.18547617182133536 0.10489335990676599
0.1782946147981964 0.09891822931533242
0.16788821469049908 0.09090022749291894
0.15742400050352776 0.08270510256908155
0.1507979109577699 0.07846715281513482
0.14448077647844582 0.07340901835656179
0.13354484041972503 0.06622272640880247
0.12282191469650953 0.059248234922890504
0.11203389183414127 0.05243223864731084
0.10141742336381077 0.04645534979738001
0.0915881770025808 0.04131211669964759
0.08244573277088689 0.03679994026638388
0.07760877959068897 0.03514773477553986
0.07365223814563177 0.0336320194610912
0.06966722089474614 0.03297289766746855
0.06707417367169254 0.031855980038705704
0.06147818669901674 0.029836671079752547
0.056453014335821734 0.02811296128983785
0.05434519139421379 0.027576531631842285
0.05081675012542196 0.025801719774078365
0.04779775410365925 0.02448016873106227
0.045511539318403724 0.022876762954333996
0.04375599606653435 0.02322289865380868
0.04384368985725816 0.02304774287210582
0.04366735835291838 0.023211922939561192
0.04239867807096736 0.022384577888021062
0.04217492043065423 0.0229906396750258
0.04200134403120277 0.022917433403171934
0.041398191677563145 0.02199678941998397
0.04066924842195258 0.022017416794061787
0.040816888503559655 0.022539161241224147
0.040635137827691695 0.022229021596045857
0.04054257588641738 0.021876807039449487
0.039805606890479954 0.02178607580847299
0.039863519195232615 0.022248091732033858
0.03963053554715865 0.02240078817367889
0.03950533639380287 0.021879149597264457
0.03935798140565815 0.022517686901162886
0.03957859343491183 0.021824551114461428
0.03923756176034777 0.022508303268542508
0.03914063717037638 0.021649888502824878
0.038862603963763176 0.02182981382872881
0.03894573386334588 0.02232771189502185
0.038715409490425 0.02215095733101163
0.0386137053924082 0.02229854919444315
0.03859572294258925 0.02259086369002366
0.03856076665091481 0.022137417936500967
0.03847815183615906 0.023000454831454197
0.038089957557393576 0.022848478042867885
0.03821476860032162 0.02252550793514925
0.03817433324353448 0.02257451403021666
