0.17160303570377924 0.08889571984412288
0.17162289675836945 0.08883617900803209
0.17163601616279983 0.08877353084915536
0.17158717750397146 0.08868836538939588
0.17157752468669712 0.08869105192888788
0.17157650960869011 0.0886849020192074
0.171576586218351 0.08868167601395395
0.17155335433868088 0.08864842334441841
0.1715519370599541 0.0886453214162901
0.1715642903677754 0.08867507295303385
0.1715043624605307 0.08860948470575725
0.17149863588837788 0.08860444609554534
0.1714980038586754 0.08860222349660818
0.17149865504079312 0.08860151140180307
0.17149765911520132 0.08860058352069339
0.17149718030482064 0.08860055654740531
0.17149438405219752 0.08859921327765932
0.17149396269906253 0.08859897591272428
0.17149380947974072 0.08859887880888721
0.1714936562604189 0.08859870617984356
0.17149334982177528 0.08859863065463695
0.17149331151694483 0.08859864144395219
0.17149327321211438 0.08859863604929456
0.17149327321211438 0.08859864144395219
0.17149323490728394 0.0885986468386098
0.1714932157548687 0.08859864144395219
0.17149319660245346 0.08859863604929456
0.17149319660245346 0.08859863604929456
0.17149319660245346 0.08859863065463695
0.17149319660245346 0.08859863065463695
0.17149319660245346 0.08859863604929456
