0.1816798597501225 0.10086394552445628
0.17560455965213131 0.096204175747198
0.16975094546178343 0.09162198935215042
0.16388244120529152 0.08693282041361357
0.15756606749142577 0.08244081316331892
0.1519877855524253 0.07823196082665729
0.1462015977155806 0.07372148341077266
0.14109331937469377 0.07049870554651363
0.1302570833078148 0.0628319309182363
0.12432945898150416 0.0585195110099126
0.11834196816817737 0.05530128825115916
0.10776861449657031 0.04868631951644781
0.10142434583231259 0.045307788533304236
0.09626101443838804 0.04238592723662521
0.08668554400416463 0.03735465847328239
0.08155372481320432 0.03516241215107132
0.07720210776733219 0.03360435432905066
0.06974678275048996 0.030331006106946886
0.06617129126347379 0.02911389711763782
0.06042443865598971 0.027586199426710385
0.05780099751959824 0.02659668012183664
0.05386391953239834 0.02481541127162649
0.05028085382471827 0.023791381206149372
0.04717089221735669 0.023201161146885006
0.04516363761636453 0.022480607520556285
0.04502194753644047 0.022701410695001166
0.04355334299209946 0.023178472486684976
0.04233730497458354 0.02251760621572215
0.04185027732269721 0.022522970273218593
0.041781396412604116 0.022902196379578257
0.04139989588437041 0.02290580680289317
0.04139586236066879 0.023151524612814948
0.041499332052302794 0.023437752458171646
0.0411324632150294 0.023307408032691303
0.04051468336599706 0.02295990614593294
