0.18837866452660892 0.10934595993610675
0.17654118229903348 0.09951202913428465
0.16617477875019646 0.09149465424721351
0.1559113378553257 0.08348935989916678
0.1499506500594256 0.079224036737254
0.1450166727749784 0.07542698992041917
0.1344281618800831 0.06798040322915307
0.12823214868919927 0.06378529388204512
0.11702075882113881 0.056551740294921195
0.10728648112439593 0.050517901689987155
0.09739378827670714 0.04467575195482574
0.08810848300231809 0.03976263712607622
0.08276366228280194 0.037397179359428066
0.07785225544038779 0.03540522177764988
0.07039531903804219 0.032139181883149924
0.06671575186257465 0.03127155151154595
0.06330110680920213 0.030281898660636537
0.05806949321117938 0.02841902161176011
0.05368122087041293 0.02674306340019946
0.0504006411732133 0.025425120705472017
0.049378544509026796 0.02601732222803874
0.04814398065783141 0.025481731291225836
0.04690213632830917 0.026041342463903584
0.04534598444498468 0.02532151134866989
0.044809842922768836 0.02534436764346727
0.04318516917260923 0.024275037977430556
0.04222096142370933 0.023965838893038684
0.04226834208602222 0.023902292494074637
0.04132153938050055 0.02396536321849285
0.041379351558202694 0.0238974135082302
0.04071879443106141 0.024588387920149772
0.040389264058939375 0.02385832315868137
0.04059377931375727 0.023696011842563567
0.04023842194836113 0.023566583190301454
0.04012075685281977 0.023744349943059365
0.03978853826719168 0.02364778801025476
0.03964354979547899 0.024274631395276854
0.03970979591332459 0.024082937210704838
0.039738445410877586 0.02395154739746604
0.03953007649048945 0.02398974486071654
0.039514222985147285 0.02413661668459242
0.039535620780967604 0.02421036218359511
0.03946204622380486 0.02396572728225139
0.03927320222256601 0.02424270273791253
