0.16661044486757726 0.0878568527173102
0.16123228429214387 0.08349606136487996
0.1560035612203875 0.07994055840755715
0.14740299527683265 0.07345355438351167
0.13828890668511729 0.0669777502134827
0.13339732289501294 0.06383581063668974
0.12386691401960111 0.05743828130181619
0.11816963552493528 0.054005226483393946
0.11247691503691755 0.05029518173320326
0.10668083504520316 0.04672762071618268
0.09718141295448306 0.041275143159502675
0.0876674263089063 0.03632067318387701
0.08272837605040986 0.03445700398172892
0.07470995182148671 0.030915394240906603
0.07045870572375323 0.029618688636674533
0.0672293005597079 0.029185189515995313
0.06161157172938892 0.02746872957578429
0.059157697990616175 0.027002316378096535
0.05478533914480458 0.02629546255537424
0.05315091552351349 0.026894792382017984
0.04991589424413388 0.026156274008168997
0.048655816070106585 0.025645811649696287
0.04794687367473084 0.025352761397144166
0.04735593673088426 0.02568913484404017
0.046008686679712016 0.02497851625111232
0.045843976023506136 0.02534656504417503
0.04429209924320236 0.02438683471031985
0.04291438427994833 0.02341449576972608
0.04188231177041252 0.023160979652472255
0.04121139904605134 0.022871737350285748
0.04092423026375461 0.023576842376525468
0.04087028108422645 0.023180537566221092
0.040238997163464366 0.023252443327767124
0.039606995069385885 0.02235875030182932
0.0395153465785687 0.022325212811259865
0.03928903340919286 0.02248297287543249
0.03919182386299567 0.022163292608541104
0.03904233608718647 0.022886216197707098
0.03896345193011281 0.02206111080789043
0.03841150222170267 0.02272122480610381
0.03809165655350962 0.021905366717440776
0.038157242534674556 0.022462481190722278
0.037867394965907644 0.022058557780926667
0.03779865141606159 0.02171981482274717
0.03762627306274759 0.021972374229579584
0.037422153842759646 0.021967838963392897
0.03709842764474697 0.022330023350966958
0.03715211588797017 0.022103533965772987
0.03688512059413119 0.022180321784166214
0.036773071193306056 0.02260883089759808
0.036647419589868266 0.022143966788152607
0.03657899443019248 0.022482630132911987
0.03638303365907888 0.02247262987771724
0.03646402445788065 0.022401389360512194
