0.1806654596398824 0.10006050960891634
0.1738389767577168 0.09482417965970245
0.16727358678343948 0.08971399735819083
0.1607593168177364 0.08456213502692192
0.15374450713498286 0.07965616695483455
0.14749859329066634 0.07508439920992428
0.14094432301874082 0.07010797630572017
0.13522981994120528 0.06663786544216165
0.1221311359321411 0.057614918091059196
0.11532944749816267 0.052987533539475294
0.10855569229238118 0.04961698349208048
0.09621682271251837 0.04217187528231882
0.08945504845970113 0.0391868451506488
0.08413704602523273 0.036634927371964505
0.07463467184437776 0.0320794391072193
0.06998447835007349 0.030672448997585783
0.06618578419739099 0.029913920775954568
0.05958817388075698 0.027010383056249723
0.056792970663890247 0.027129051969942513
0.05199289563939245 0.02497697907227084
0.05006302440592847 0.02473316148514638
0.04668531912206027 0.023270131090615827
0.044037274926506616 0.022618787650471584
0.0425105598894537 0.022701010290911733
0.04155283006951249 0.02263757135282312
0.04128678497060265 0.022999322195957402
0.04091859554905684 0.02311955743615599
0.040460180556406176 0.02312585260282312
0.040072175193685694 0.022970672265381773
0.040042581665696964 0.023785707683797366
0.04022137011575208 0.02354774006828467
0.04035568693348848 0.02402445167605297
0.040135266585772905 0.024567068439640412
