0.18691012476342936 0.10939938385241736
0.18225281280030986 0.1055534029672861
0.17855802461682913 0.10240706601748939
0.17453850723317774 0.09919521634562269
0.17082418358616563 0.09644770643326299
0.16645908002216164 0.09286971055978765
0.16225077728161957 0.08976332644428363
0.15671114227762362 0.08577265005261733
0.1513885328667703 0.08173602196739106
0.1469520099463855 0.07860822645581525
0.14280084843667262 0.07559912420107279
0.1366038355086391 0.07140735655216988
0.13056646753772871 0.06725252072929556
0.12471053039626194 0.06348503750711232
0.11965687835243877 0.0602763598939229
0.11489331836584851 0.05734695831077647
0.10931719801084548 0.05419509723158255
0.10370632559841338 0.05113760489803838
0.09789183428349742 0.04719776236507314
0.09415079301724391 0.045450065927031776
0.0904554589899292 0.043474064881417654
0.08709196928504187 0.041672019965239414
0.0837560973629116 0.040528406497550046
0.08016653254868697 0.03893204099490952
0.07670105144461305 0.037159297161564214
0.07275773673304536 0.03566353662877574
0.06950233368349056 0.03424857188307904
0.06574735424705573 0.03184730458305943
0.062385655292992115 0.03129495368190129
0.06113491639281267 0.03017900401845888
0.05772307162758144 0.02948580669897362
0.05548201879326914 0.028279447968570466
0.05314873750343211 0.028001833493072743
0.051178078467291964 0.026953044619601546
0.049424248712038384 0.026377264720423812
0.048073242130042756 0.025240116749885376
0.04683907964524211 0.024885132094881066
0.04634999878190639 0.025378991420854417
0.045513531411186726 0.024684609974022782
0.04520524455948832 0.024791076239372958
0.044701751503694424 0.024773562483427613
0.04371756634243415 0.02460848056576752
0.04350492186427465 0.02441299975244995
0.04290999996629175 0.023218865316201168
0.04258575915270941 0.02371693786977141
0.04228415170582135 0.02375168216213734
0.04188967898560229 0.023689837807245172
0.04170509758385387 0.023300578195087393
0.04160272313636274 0.02369482786553855
0.04115731456784797 0.023150347769839912
0.040909309943075955 0.02351966603012584
0.04075778082190522 0.023445060612646666
0.04058257931551413 0.022950607874335723
0.04063476485890339 0.022983517983112735
0.04035723199795544 0.023306749683398333
0.04018674198571015 0.023148165630834862
0.039855656577736126 0.023646286736323636
0.04008194475769283 0.02326672132389904
0.03970380665361034 0.023011087380851433
0.039824366319359324 0.023200291510034582
0.03974788593725485 0.02340562027082735
0.03969091707816269 0.023618938519547134
0.039507164018372835 0.022902506409716392
0.039303511599162316 0.023666001512575682
0.039262343482632286 0.02303585425395942
0.03912951190682672 0.022913255265013203
0.03907667996942355 0.02348291492512733
0.03913860691000755 0.023439628192428903
0.03899569158758507 0.02293081487554827
0.03879512270722607 0.023111015321172882
0.03879130180038832 0.022960264311465608
0.03872355252557537 0.023074423358574
0.038617491238153084 0.022745368125393593
0.03858921269707069 0.022985638083555218
0.03842168173297795 0.022636412225554348
0.03822653777423194 0.02262507535257756
0.038262225905955204 0.02340014469334867
0.038344789573946096 0.022840427387217994
0.03833963996830199 0.022692079697477958
0.038027685429087646 0.02240677109155761
0.037904676648241535 0.02273684996102036
0.03797875819033885 0.02284178414360803
0.03836704946854346 0.023228475898741326
0.03810703867347614 0.023487608277251912
0.03791920375519107 0.023434435834474986
0.0377170141016935 0.02289260451566505
0.0378040091597575 0.023086240356078477
0.03792423126418811 0.02328567275609864
0.037939739932418025 0.023201332678954172
0.037997565862091576 0.023540764536055993
