0.19008824361788856 0.11080499992516762
0.1843444354201045 0.10597144498595873
0.17822685763274987 0.10115620484546434
0.17237458085931362 0.09635038252949756
0.16743459885888143 0.09260407610248497
0.16373440845758683 0.08958758729876894
0.15776486706287815 0.08509359489289446
0.15320233805607122 0.08170511796473626
0.14827142068280488 0.07822538061616978
0.14153589431208746 0.0735336404692126
0.13582298258425174 0.06944346120655641
0.12946978204377357 0.06562473000819075
0.12520773823336576 0.06282395828231126
0.12090451511669024 0.06012599072112559
0.11555161776640833 0.05678015974331135
0.11048330174814357 0.05435687695924765
0.10610143219958157 0.051595094601728494
0.10068172518981809 0.0487372897635433
0.09619503210086634 0.046465303373851664
0.09110392502001316 0.043998930853694544
0.08812586406520116 0.04240322877039522
0.0842740977501768 0.04083198007911143
0.08110000104363115 0.03965044436825148
0.0771890029055919 0.03797573779194831
0.07429274901192687 0.03698168694453968
0.07037921373750099 0.035865021017693094
0.06701777660676224 0.034071316082940124
0.06458386186344639 0.03399483346224911
0.06130661065897326 0.03250139343410533
0.05940273200380864 0.03171671379405586
0.0567032188884346 0.03133391005284526
0.05444943123637141 0.030734469773502807
0.053036778636010924 0.030312070776800874
0.0516488259456526 0.02896188850894451
0.050232504329534515 0.028624839875723833
0.04872307604295586 0.027791768987184617
0.0482774129289324 0.02847615570525432
0.04733944943392219 0.027147150255586578
0.04625400589375344 0.027302701146874185
0.045596359998723086 0.027075004511201727
0.04474278386613773 0.026848304400415794
0.044594071223528604 0.027142401482327314
0.0437867342816871 0.027318541906470414
0.043709569844400734 0.027336381030639095
0.04343340087008143 0.02569445082220372
0.04294715796216898 0.026243350016701226
0.04250636288866052 0.026505308506672327
0.042042704811078205 0.025989608206594503
0.04182286601986091 0.026455798492909972
0.041992532819130124 0.025690002335110262
0.04181680375068757 0.025947964095936468
0.04136620065466368 0.026222601039863888
0.04097815787438119 0.025662213906474496
0.04114419402668503 0.026076130483342314
0.041050756425391424 0.025867580412489658
0.04051955968127505 0.025826345541385024
0.04075584909216368 0.025689571836359282
0.04046806876209384 0.02627312618031065
0.04058786572365384 0.025876230248504713
0.04045451978233538 0.026627051959009544
0.04035305830736533 0.026458099801047925
0.04031181185571124 0.026085503132075062
0.040061683301072855 0.025955925665429893
