0.19113554936305732 0.10842866733010141
0.18347700269475747 0.1022170670323897
0.17523048980279274 0.0955387611572396
0.16684521986771192 0.08888689552501224
0.15859841032275845 0.08271132888074575
0.1502727389300588 0.07672203836269681
0.1421451264698677 0.0711480388223987
0.13364861166401273 0.06529954938442337
0.12530283485423813 0.05973413342196117
0.11688455988179813 0.05463390828790751
0.10885678550649192 0.04995681390794565
0.10081759477584518 0.04550683958592777
0.09356498422954435 0.04241046997135463
0.08637858471643801 0.0397737018155619
0.08050262585742284 0.038369961086911805
0.07533632314888535 0.03738520862665534
0.0717572909649069 0.03794053245154888
0.06966497829648456 0.038731565341430296
0.06897100169187897 0.0386476786487405
0.06880210087732729 0.03870783155869174
0.0685121177961171 0.039385912490896305
0.06824932631063205 0.039699527975970414
0.06814049294157276 0.03993829639966198
0.06831042247213376 0.04057141263127391
0.06785892619273641 0.04073520097798712
0.0676629151227952 0.04108596310414489
