0.1914889692813646 0.11315745339706337
0.18382719878919962 0.10647436812591148
0.17556787294195808 0.09987165246389981
0.16722130784335837 0.09341174417825814
0.15910551977203416 0.08682688483295033
0.1508643504144276 0.08113342252788304
0.14289764474322894 0.07530154409774395
0.13447893249646983 0.06934505986602606
0.12624697545058738 0.06411017582613356
0.11795402753841515 0.05917732248210182
0.11000999832684501 0.054103711731593604
0.10220487200670733 0.049704675942485524
0.09515036714413894 0.04599978153794525
0.08809889793938398 0.04312016185526505
0.08233300587810606 0.04172873939539785
0.07714972071182019 0.040267426448806515
0.07326424150613367 0.03961596489795552
0.07055189082602376 0.040541305123906225
0.06890411757008864 0.04033747068327266
0.06752053272979221 0.040765221177509615
0.06619676567035292 0.040187010985076564
0.06624157753387985 0.04155817920293028
0.06581109348493057 0.04120198344729152
0.06555348392392232 0.04139253354354947
0.06556256695684363 0.04181922129023638
0.06554643583511885 0.04191944054206901
0.06573770621788523 0.0428746240139429
