0.18536441220851996 0.10231442718877895
0.17758301011462754 0.09528384047574343
0.16871724839894703 0.08805030814781707
0.16022663754935762 0.08139644504548448
0.15204636308357397 0.07440147280319358
0.14386939792612075 0.06795258556912062
0.13575472450286324 0.061916413767252265
0.1272432698068914 0.055411354418375566
0.11879828904346908 0.04973831097035822
0.11040349466029192 0.04379146500191843
0.10231085451597616 0.03857289536495069
0.09408182290745816 0.033672424443961436
0.08650622142292354 0.029486142978648284
0.07959765659531913 0.026477567911231115
0.073537622404121 0.024768942285190266
0.06875288053707715 0.024160671466653332
0.06555933564896668 0.025190267692414448
0.06435539968617397 0.02571429362574424
0.06375492808767484 0.026558483074617403
0.06337235286028603 0.02729145237395507
0.06343509063169152 0.027564258369490977
0.06335894776349844 0.028537039389721568
0.06311784306918415 0.028722300009626164
0.0630434076122456 0.02929066731430686
0.06295222417749588 0.0291369128252147
0.06303597845484883 0.029623155849646792
