0.19019889116563304 0.10876069235588112
0.18276760185244245 0.10257573934340967
0.17475127200557378 0.096299335446903
0.16698061126798225 0.09010522662493962
0.1591918291274557 0.08452297031785197
0.15148876668510686 0.07866664010695701
0.143724584037618 0.0733435232275382
0.1360746591834632 0.06811920653825147
0.12827668697132652 0.06316598329019739
0.12040572124985281 0.05832770619140282
0.11299081882138932 0.053972719675958965
0.10555809206217004 0.04988797427522012
0.09845110973899966 0.04668653934759518
0.09184384115324416 0.04425681908394904
0.08600019181279807 0.04252345763420401
0.08089839878478695 0.04174253623556341
0.07661463712575806 0.04225412245146863
0.07373907905171187 0.04232875462807944
0.07157062463661365 0.04307695794520135
0.07101758644302102 0.043293864325398244
0.07034769347026917 0.0447077185789772
0.07040455883516426 0.044077385587975366
0.0701709403150943 0.04447025987232127
0.07012009305757266 0.04433708787278511
0.07001102923588895 0.04557887401811984
0.06959913386785371 0.04495029124479898
