0.17022661030161593 0.0869569889766233
0.16552230696114095 0.08311084036191192
0.1607618903455444 0.07931108882918896
0.1560802525549351 0.07566438397629167
0.1512264829838504 0.07193974972951948
0.1460669056389973 0.06799367142938074
0.14072379192140433 0.06427955155158406
0.13527492478906006 0.06018137653514105
0.12940037239297342 0.05589640954378261
0.12334251343960817 0.052121923802216905
0.1169765868604389 0.048228600862635966
0.11054940488520258 0.04429457522467501
0.10420152839538555 0.040721921647526915
0.09814143831691736 0.03757685690664933
0.09228703307626687 0.03573251082612973
0.08672264537206817 0.03381796729914662
0.0823850221756599 0.03399196175412319
0.07907550238425881 0.03483672761056884
0.07737747733406711 0.0365326607821896
0.07667041176495823 0.03690916209158478
0.07663072550749382 0.03713398229371628
0.07630269266349378 0.037776384330023546
0.07589318066283682 0.038832249892740485
0.07603915657112881 0.03908854843155841
0.07601294324508011 0.03893026345856501
0.07566220176081542 0.03937904565714677
