0.19932165592701367 0.11211817260763766
0.19251929261090628 0.10691205827680307
0.18617968995150916 0.1018439824450073
0.18025852925998745 0.09738186692441334
0.17446863922243033 0.09317792892793221
0.16848130693629998 0.08866502810055572
0.16250514050824688 0.08432810100456294
0.1561760046437712 0.08030774860135949
0.1495562021496058 0.0754177396281018
0.1430006751609416 0.07091421471565924
0.1357364034706015 0.0662755266566864
0.12837362133254232 0.0610613095501149
0.12098970450428033 0.05671152698502685
0.11364471495996685 0.05240913648708182
0.10613944842882779 0.048347336929426485
0.09897610996673302 0.04496937765762413
0.09254475766219185 0.0422837471654311
0.08685260239953715 0.04042228818761601
0.08172069358709722 0.040017510842830235
0.07779606205658328 0.04025226476358107
0.07583286288617398 0.04054223300501591
0.07545094457413609 0.041293236778168915
0.07499669237789033 0.041688818929050846
0.07483933134628303 0.04066746188954917
0.07482100248491096 0.04233881583035951
0.0743908200865015 0.04146321974227174
0.07421116085546638 0.042444570000904576
0.07387319254827021 0.042834706244924706
0.07374002101709437 0.04291233267066798
