0.17869305764281784 0.09664601293103449
0.17272415892537915 0.09207179894309474
0.1667153566640146 0.08721723991667756
0.16078710008975228 0.08273968618533122
0.15445353477870108 0.07792610957704742
0.14811516377642228 0.0733520762922871
0.14122253638589305 0.06825849479268711
0.13385044297538012 0.06337473094359544
0.12639529072187353 0.058320686236693446
0.11851186600942461 0.053148126818086575
0.11031717446995816 0.04868525787746811
0.10283227681027031 0.0447106117240563
0.0947374880135893 0.04066729570506384
0.08755151202201693 0.038560796224128405
0.0813343288500167 0.036689521792208184
0.0766779305930035 0.036294183096624924
0.07364447949049928 0.03820077702792336
0.07299569678647552 0.038330176448788805
0.07229999864174476 0.03943753350449539
0.07195296250816488 0.03911870134620042
0.07150810034267936 0.040362356432386906
0.07159068916796814 0.040668260341154
0.0713702748448673 0.04081840342405738
0.0711921860957022 0.040826426113743854
0.0712751682011114 0.04242357647987825
0.07114124193181037 0.0429960919854866
