0.1955035915560284 0.1124776888112951
0.18931383767919477 0.10786706245025646
0.18364503715043537 0.103188740393278
0.17807040350692266 0.09953853794741555
0.17236661357418812 0.09516407467680514
0.16676855790491646 0.09122825706220154
0.1611365470012453 0.08691791093176568
0.1551405658608213 0.0829753949948322
0.14932846581632903 0.07928797125099488
0.1432941629477418 0.07567875217455286
0.13746550661439538 0.07193733703807592
0.13161946091114782 0.06892804151547853
0.12612461153526533 0.06578686298900668
0.1205269771943393 0.06360601661987089
0.11563010764862626 0.0611324735357435
0.11118506487537261 0.06005770855671869
0.10685611721262649 0.05916500192756235
0.10347797356693207 0.05913140776303281
0.1006718597555744 0.0598767135182918
0.09824986333640572 0.05882408376881964
0.09664176794889394 0.05918733146783527
0.09504620707966446 0.05960383649676943
0.09316748483524376 0.058171043220576694
0.09177328061264511 0.05867062687747336
0.09027192493123921 0.058167761528411854
0.08917448907426655 0.058675792304120976
0.08766725394731036 0.05920995247418863
0.08667675888497216 0.0595720073212825
0.08527439621349918 0.05968458879360851
0.0849887451708111 0.060019542692742414
0.08444143007420282 0.0596065946294935
0.08353231841207935 0.06023935129754654
0.08292807611059087 0.061055774776430406
0.08150960720554204 0.05979816340961598
0.08195182960685009 0.06125961211953097
