0.20436299296784602 0.11802408192422
0.19778756661976113 0.11237458068405294
0.19159526518587341 0.10738986310171579
0.1857567280136402 0.1027673859888744
0.17990673769710133 0.09846520048791874
0.1740532041837455 0.09395338938138037
0.16782614111622116 0.08953675621913393
0.16142088397742652 0.08500733155548436
0.15495554571206535 0.08053605590626105
0.14813739122960345 0.07621644566121066
0.14135060840328306 0.07161787227625895
0.13409268573859068 0.06710332607831006
0.12722466794308576 0.0631338560857262
0.11984487846030516 0.05936543419311804
0.11323534166070133 0.055778278191013345
0.10661370053467414 0.05233724188505392
0.10068068449812705 0.050676075755148486
0.09519916749813685 0.04897917001854726
0.09055920762321285 0.04842614748251613
0.08691536486423543 0.04909944391006165
0.08425946113990272 0.04897363509983483
0.08197444393643727 0.04927593552857632
0.08025613712332562 0.049253741907150435
0.07870479148995371 0.048616913365078666
0.077301867498382 0.04970925061214259
0.07593356149733275 0.04956520246452128
0.0744584664170826 0.04929600365490211
0.07334101396257035 0.0498746400252867
0.0722325487789033 0.04926237335933357
