0.17091034960140805 0.08736390801002332
0.16938780301934617 0.08601313005035152
0.1692155180285633 0.08585385463243667
0.16919625183239528 0.08582755791495789
0.16919159806930498 0.08582272173703075
0.1691917512796125 0.08582186353134949
0.16919127249740154 0.08582191750654956
0.16919110013580563 0.08582194989166961
0.16919108098451718 0.0858219390966296
0.16919106183322874 0.0858219390966296
0.16919108098451718 0.08582194449414961
0.16919106183322874 0.0858219390966296
0.16919100437936344 0.08582190671150955
0.16919100437936344 0.08582190131398955
0.16919100437936344 0.08582190131398955
0.16919100437936344 0.08582189591646953
