0.1851752166523763 0.10365680612463307
0.17725691679936306 0.097358881419843
0.16957400630818226 0.09124408390063489
0.1619092394965703 0.08526060806434575
0.1543456026457619 0.07971991128587273
0.1466898024099706 0.07431580252207125
0.13926825277131308 0.06929390457172323
0.13150964792074962 0.06404376814658479
0.12395611641046056 0.0589720952173629
0.11632670872121509 0.05436625376309264
0.10908763894843214 0.05010487926831302
0.10180534396435571 0.04593850505498354
0.09521912129470847 0.0430840066564696
0.08850420864465948 0.040432433050481734
0.08299184108586477 0.03881015584172356
0.07794919004164626 0.037341489929296943
0.0736729994105218 0.03792811856747437
0.0711605782628001 0.037685660996951996
0.06946056046362077 0.037946716319452165
0.06785205532673934 0.03788539341517857
0.06602624230616119 0.03809181190304772
0.06638670918054874 0.03903829387616611
0.06593886364680304 0.0391407104557338
0.06596381599093581 0.03987027928193382
0.06601959153754287 0.03941127232142857
0.06572052704709701 0.04043027765490877
