0.18128397055543027 0.10098129504554298
0.17510229852231723 0.09625959851778056
0.1689493534218603 0.09184749294263464
0.16248544885104527 0.08733754652230445
0.15562750652063068 0.0825251554658483
0.14845504258020867 0.0777768275743666
0.14059443454365392 0.07272767430276132
0.13230454080113058 0.06764798186295101
0.12345060331154888 0.06256247629409213
0.11467808752475879 0.0576946365145942
0.10601053037424989 0.05382499789280819
0.09851013892191422 0.05091889755524297
0.09176585948837562 0.04964481835488426
0.08744437125247588 0.05058794861595497
0.08574310484671616 0.05137650469903774
0.08498420631545145 0.052265411474108486
0.08453354777158673 0.052510377919669705
0.08409235953985429 0.053024081488907186
0.08367840444027985 0.053406598334351234
0.08354343573501725 0.05453089635448908
0.08336692788513395 0.05473658504695238
0.08333001377667085 0.05495924893984071
0.08339223631280397 0.055584751341003054
