0.16760461617201147 0.08650872495039139
0.16050954548493218 0.08066355003197458
0.15332967506513356 0.07523752678556725
0.14578783656936295 0.06997120487193703
0.13807300623552587 0.06449590750325235
0.12997712812542933 0.059595501697191175
0.12205642677136283 0.05511130462437423
0.11423327050480345 0.05068553748332656
0.10698751714202304 0.04756295616086916
0.10034219456840127 0.04485834719069746
0.09463125024532412 0.04373354152114576
0.090361805548741 0.04404920252684904
0.0877819540802308 0.04610847970335006
0.08637944757300846 0.04734775711399965
0.08584905873734128 0.04762827439193417
0.0855704625310335 0.04840875890622255
0.08557266661494417 0.048360245981221454
0.08547492028499304 0.04882995294557187
0.0853666614330854 0.049160194631496464
0.0853515203349165 0.05009743217925248
0.08539704904213197 0.050522196341038335
