0.1699112084757583 0.09167283821172392
0.16300960278784574 0.08598025224633185
0.15598467020948747 0.08062214786605276
0.1487065899321517 0.07529921682816854
0.14143025543486268 0.06977754418171478
0.13389442320348105 0.06469679792265326
0.1260190271608076 0.05934832395887757
0.11839162780675389 0.05389928867575268
0.11027982245071605 0.0493168208043528
0.10236701683561213 0.04425184089769598
0.09464405041229569 0.04028930451470524
0.08752643801629047 0.037330672617201105
0.08101356574692067 0.03463207259488745
0.07547873797215102 0.03369110596383419
0.07211231769452056 0.03445603580933255
0.07034079698427433 0.03504276308852262
0.06970677187696449 0.035785498331748246
0.06943364842552893 0.035763216035285504
0.06919267322588844 0.03664824706010809
0.06922325794939985 0.036940369694044434
0.06838705808359855 0.03723639339073657
0.06846325370888093 0.037244240692043004
0.06819621650711388 0.03729967139233118
0.06799321202349029 0.03793495467879223
