0.21365300604051854 0.12814983268793087
0.20342661223499187 0.12020971666740322
0.19357679321765478 0.11195021533746906
0.18440184785566494 0.10478165403827669
0.17500488769636588 0.09733014294720589
0.16548481581198887 0.08994382089874824
0.15617747937974366 0.08340861398212392
0.14688690131082194 0.0772589416665746
0.13720108442507206 0.07021755942064312
0.12787595539908117 0.06427932531563495
0.11863273167680774 0.058440973296358494
0.10960557592691561 0.05398266640404035
0.10100940697687247 0.049813696578216146
0.09390279796867952 0.047328340052631146
0.08770431988088118 0.045402538993448385
0.08189966333118417 0.04396738204430076
0.07691613306761017 0.04200587374636788
0.07645957779343339 0.04299891962270887
0.076154163804019 0.04390934092302678
0.07592783492517995 0.04428956448368034
0.07575297337415914 0.044324136147002605
0.07545769580050354 0.04427120376648953
0.0750803070346668 0.04495137029050706
0.07515329210099238 0.04556717315452647
0.07454741980960354 0.04511925203546906
0.07495714264044696 0.046443292524402845
0.07463164734366726 0.04639188143733704
