0.18712530573518732 0.10646520011897835
0.1819550423613428 0.1022404373037612
0.17680952222513885 0.09827183345363824
0.1719559186284419 0.09431133474634419
0.16707222449487763 0.09088240904400141
0.162331623321983 0.08703787498936467
0.15757174120635684 0.08370538547716219
0.15295400333702136 0.08031445531210203
0.1482251029748003 0.07714643801701376
0.14341215993476833 0.07383311781086696
0.13887094210902695 0.07077851890994148
0.1341678582774812 0.06750701094854701
0.12936350158172727 0.06463421490413117
0.12460981006699802 0.06199992555276217
0.12001043317493572 0.05947109418742041
0.11546371472239123 0.056970287747151106
0.11103672594106333 0.05456527959226243
0.10649903464957902 0.052524397123180334
0.10242670213542382 0.050812024884246555
0.09831200329531627 0.04929649718884485
0.09435174365653151 0.04796485224110201
0.0912657386923979 0.047782995779150385
0.08787491850639315 0.04689122636729042
0.08501183267238926 0.047289675617603305
0.08281979455944694 0.04704310666608115
0.08128227353823622 0.04709698013528127
0.08018089280807804 0.04738813273290664
0.07912683759267118 0.04781873452732523
0.07812461668105901 0.04817380089343547
0.07748836473686535 0.0486041400211883
0.07722512045414401 0.04883297629250011
0.0764803940411384 0.04933442839959709
0.07604025285863933 0.04993367291451673
