0.1885962076379219 0.11101158806981394
0.18348440886147013 0.10657738450771721
0.1784964496018749 0.10267393972967673
0.17346953432970838 0.09884983957582973
0.1686640975872247 0.09475240290997326
0.16376263063479377 0.09151708647748365
0.1591932474099806 0.08799472031332863
0.15425606120315166 0.08436277246905106
0.1496018615075065 0.08129483068370769
0.14473855574241504 0.0781654059855323
0.14014617046691444 0.07472524900876402
0.13538145175920296 0.07156504239424054
0.1307803712871894 0.06839141387157227
0.12581222520114632 0.06550420390562854
0.12122304795519621 0.06290379012244232
0.116539794045652 0.06012301135657427
0.11220369681450901 0.05758268866455553
0.10745450113933888 0.055054752106419594
0.10331230295995214 0.05347981418382369
0.09920942468902606 0.05143083690732997
0.09526117344243366 0.049602339287539224
0.09151592822103786 0.04914402536058755
0.088294338760566 0.04814860313756739
0.08543676968010257 0.048181278578738176
0.08306248306926493 0.04759799740814754
0.0809841874595501 0.047292325318397006
0.07928272040752662 0.04741598166023566
0.07869703476178685 0.04782958466487869
0.07782785027775599 0.04800609786202382
0.07736730172500442 0.04779853841030747
0.07686897024511415 0.04769833264511888
0.07591315459890859 0.04814862471619785
0.07555172937116339 0.04814974680498166
0.07510733109255183 0.047838707030904745
0.0749869581628513 0.04812789304698548
0.07422185269126674 0.04867953994532493
