0.1884547114728214 0.10801352909822906
0.18405947040016502 0.10437434776781827
0.1802125001841702 0.1008723732985839
0.17649187840100974 0.09786643968646595
0.17311951096058267 0.0951910865967052
0.16960583125834905 0.09277816767146138
0.16642454040325907 0.09003097975308037
0.16323912490300369 0.08761114095902452
0.16004774305555555 0.08526358875153746
0.15702944282988568 0.08298398093951367
0.15410788951383977 0.08060570919152463
0.1510041419878595 0.07870099138441256
0.14816388255036442 0.07654711046687239
0.1449988792475788 0.07433328392695816
0.1418720816696625 0.07246912866882728
0.13874427691095004 0.07035277554981387
0.13550061758407983 0.06824888563538128
0.13248553074475974 0.06645800551650666
0.1290234186992918 0.06405473295216442
0.12567043709114215 0.062256071966975794
0.12211741019247015 0.05996613218492849
0.11884385198424977 0.05832238165770039
0.11514667353314573 0.05671771085042233
0.11202519962515224 0.05505393415907458
0.10868676938145823 0.052754943273657914
0.105494073402876 0.05161283008730897
0.10185519633157512 0.05015212656603753
0.09864322003489412 0.04895936334145605
0.09566567705877731 0.047672825796352535
0.0925156759537561 0.04722681314593946
0.08978510330106672 0.04684029435995189
0.08702312579193187 0.046603105492560304
0.08448002305810938 0.04611608385001687
0.08250489355576182 0.046308479588109
0.08056020969005383 0.04669893664044812
0.07925251492085593 0.04688271177392187
0.07849963768349491 0.04710684749399981
0.07791997635868497 0.04660245708703414
0.077316934051106 0.04729507111456701
0.0766897817537055 0.047682041658503135
0.07634497101007534 0.04749137323021432
0.07586245946720788 0.0479240723081434
0.07539692131880599 0.04802312953926387
