0.17768555071187922 0.09806481988867664
0.16459442575116887 0.08802250643218282
0.14902593338993497 0.07679721429679337
0.12667747400437587 0.06270045828877406
0.09724952161789839 0.05244044001947002
0.08481400421013083 0.05344458632832909
0.0846560686690879 0.05422366151241673
0.07587582619520322 0.05459760016823679
0.07615443638392858 0.05573204409905902
0.07640134915416764 0.05743109511399012
0.07675681682984146 0.05907513264038554
0.06824794723124657 0.055367374453383515
0.06906066539619922 0.0576663440796026
0.07000979420975022 0.05996480879987918
0.07060737855663357 0.0616678352847576
