0.18993297968308753 0.11053735593371396
0.1835456802660221 0.104865857810151
0.1784902572033358 0.10071617965779205
0.1727058403462798 0.09609112032825212
0.1666635705417026 0.09118263722309428
0.1607370511244411 0.08639279160771135
0.1566043945925341 0.08360033605391372
0.15053129121357273 0.07870190852853069
0.14529299249759767 0.07531901286354241
0.14176968208554774 0.07283926263140586
0.1362528470305391 0.06843409286947018
0.1239156540486743 0.06077014341512922
0.11225516226810088 0.05349493414680149
0.10072380762546086 0.047731850903743475
0.0967432889289006 0.045869209929156905
0.09245101598351212 0.04415251249806553
0.08906164968279338 0.04301542235550882
0.0854088191070413 0.04243325934125039
0.07722668487673312 0.04176238538690114
0.0755281858321526 0.042074799242481815
0.07383566677738665 0.042262530385878634
0.07324245083021601 0.042702355400007184
0.0732045552182205 0.042644620827242054
0.07208245728956258 0.043705233508805987
0.07184353060283966 0.043644948607837096
0.07166869849069461 0.04413005881483242
0.07145482647706994 0.044105392148396046
0.07107361050507922 0.04434249440730567
0.07114992360168017 0.045184253845106895
