0.1537858026874116 0.07846118232091932
0.15058199894347693 0.07599345186951682
0.14571594401348617 0.07282145203550865
0.14070400134321467 0.0689529371112118
0.1307500335343244 0.06189096119295052
0.11954831260190751 0.05413502660290948
0.11519240913349148 0.05173768535469185
0.10496266563040232 0.044894264617143964
0.10215321633307305 0.04365320846786153
0.09807133318661107 0.04127551603300652
0.09435750267967645 0.039660638153490725
0.08582277731121327 0.03594054431709335
0.08214575206823138 0.03515243928883392
0.07946754802084562 0.03492962961120499
0.07705512939338019 0.035498929663179475
0.07597628048937706 0.03570021971805882
0.07485035307729991 0.036434445967453356
0.07368373076495707 0.037054653825431036
0.07340595509746287 0.036901396270082286
0.06982323075359992 0.03782282038376083
0.06970413881859726 0.03827248164395844
0.0697744160576772 0.03881899449352768
0.06896529976309573 0.03883619318436929
0.06916142664071094 0.039912891819766906
