0.17099295466914433 0.0923376462685887
0.16534651622163604 0.08770635967986289
0.14905960875139737 0.07533860539555529
0.14248501553337484 0.0711226696805396
0.13597888262358057 0.06616370079899626
0.13261047074797996 0.06400360975961751
0.12723727980851263 0.06032599074397594
0.12195042795688776 0.057531164289679824
0.11613705705826256 0.053765407357933205
0.11239009769570397 0.051998079760832816
0.1068063834080635 0.048966751516718775
0.1034569803045755 0.0474536040024389
0.09994405387988095 0.04624254652525356
0.09559749943002412 0.04431591468879817
0.09173400719701798 0.044137168103400654
0.08912986287483575 0.04351553361450001
0.0862945010198278 0.044367355446480856
0.08383888367772951 0.04542931267918895
0.08278621905582577 0.046296147843310834
0.08179813637806684 0.04646732572407526
0.08202427852085745 0.047227632584284404
0.08128744680225147 0.04721877455648146
0.08148305999517053 0.04764472053774638
0.07546295792658711 0.04778368691789486
0.07553884458381956 0.048180636614482054
0.0714383460004854 0.04930434919023168
