0.1715347852739289 0.08851961517467997
0.16722171888186171 0.08508456773086191
0.16269882370149943 0.08159516436886582
0.15833158476009754 0.07797707578282814
0.1500569841937668 0.07182723969540444
0.14587900897947617 0.06887336541997849
0.142641180965792 0.06668438719631016
0.13498840038552687 0.061398542180707116
0.1309048749582949 0.05894367560422339
0.12650440226470963 0.05627890619853877
0.1225144929058397 0.053929658424408264
0.1184121561015789 0.051753282840151835
0.11456822417840952 0.049871956969153454
0.11134904463120425 0.048269331151606136
0.10777557296982022 0.046726089442695525
0.10014148877090162 0.043383996515560505
0.09599226247718486 0.04253015563418068
0.09381189642599552 0.04239864808361831
0.08797884585426766 0.04163278445363275
0.08554630385477793 0.04238992647820652
0.08438610283312563 0.04346973037920747
0.08410458381989284 0.043486315902959226
0.08150598805516848 0.04510219834631071
0.08144012427813377 0.04571056650745708
0.0815916215065845 0.045687071242232785
0.0811215958211489 0.046195309798285726
0.0811184046909652 0.046569840300382595
0.08131847801221223 0.04673145534743874
0.08097689292092713 0.04715695926432406
