0.18515536521047418 0.10658015334483883
0.17894142325634413 0.10114618928178612
0.1740268962226918 0.09721349143374712
0.16837726613365822 0.09280148301396135
0.16245545793335228 0.08807721186915514
0.15658920762080325 0.08343279163534666
0.1524842438519768 0.08075089888139204
0.14637209099589152 0.0758974219026353
0.14116997863941894 0.07264157846111437
0.1376874221691638 0.07025841145200025
0.13220031948945424 0.06595116349804894
0.12007996697092191 0.058678814915325436
0.10903919173289438 0.0518701834690457
0.0982673676140375 0.04659625047670897
0.09452784873117352 0.04489077179095414
0.09045203322334876 0.04333601075514155
0.08723301763328072 0.042309051610827236
0.08374354754789967 0.04187341777098487
0.07599917825651573 0.041444225871272
0.07447526235733057 0.0415806778758332
0.07294469617323551 0.041853214853595076
0.072528198740121 0.04256053286303806
0.07225182170885874 0.04225123607526198
0.0712251115600854 0.04301800506883263
0.07108088799468544 0.043039309080304046
0.07063742075962896 0.043883589159948985
0.07077178141148366 0.04389992205549307
0.07040807929276896 0.04480877266699322
0.07053944755580532 0.0450925041012516
