0.17447475425555947 0.09014634278874412
0.17081533069601604 0.0875065935401292
0.165159022528927 0.08314465264001818
0.15958825758412895 0.07910693044738876
0.14774040619045165 0.07005884588408329
0.13487870742291863 0.06102710964371626
0.1304709581239932 0.057855970807210035
0.11751217671990413 0.049448186700994316
0.1142170360660508 0.04725720848367838
0.1088910544235227 0.04477581368303183
0.10414007709364687 0.041979992692788605
0.09124432602300409 0.035551357501809586
0.08639648667712753 0.03416924923398859
0.08187506983120187 0.033274733949645974
0.0784443482538823 0.03381588416662585
0.07626953796453864 0.034018861670313046
0.07476187943850189 0.03458905726598556
0.07356675390962646 0.0355455059076759
0.07316941149332568 0.03578347870797822
0.0711534384116425 0.03674943286838618
0.07105692171477192 0.03779450578998498
0.07110747259854333 0.038041540323255456
0.07101714286942087 0.0379977623206404
0.0709448944336398 0.038371209357516436
