0.16334471460068595 0.08509127106706435
0.15846584471460068 0.08127480387963384
0.15333951838865753 0.07779900863530732
0.14877049776457618 0.07452833972734778
0.14572260840274376 0.0722810276630743
0.14305512386697697 0.07058278769069116
0.1385421897966683 0.06764664486238825
0.13427627197146008 0.0647685239798996
0.13009342655254777 0.062080202779615505
0.12598075391964722 0.05949837549410136
0.12130828752756002 0.05697598717768747
0.11676545849154826 0.054780268876965285
0.11415377342601665 0.05357308447986624
0.11100054354483097 0.052025298719367105
0.10768873828699167 0.05079519220612436
0.10422975486893679 0.049544194100527045
0.10125131101482117 0.04873633338047333
0.09793869235362568 0.04824692828441892
0.09605900332251348 0.04776563442510508
0.09314545948677119 0.0475752701052693
0.09199273295872122 0.04849141637873043
0.09079572857974032 0.04922363194382672
0.08940453132655561 0.0491374921298201
0.08844919386942675 0.049655281125258514
0.08789071112506125 0.04996575581350905
0.08764808725808428 0.04992589999763721
0.08205194872305242 0.04828411835916652
0.0819476417044341 0.048871819265922434
0.08210045627143557 0.04904857799052938
0.08186245444941205 0.048538009841720776
