0.19912499892746474 0.11624693065560368
0.19414291945934417 0.11233708781363244
0.18297654426690071 0.10350644329274018
0.1780230210498833 0.09976818293085447
0.17315487929994705 0.09616994630200967
0.17038863851149266 0.09404633933207751
0.1662531915584734 0.09058100548822255
0.16230057356120928 0.08765615160144512
0.15745917815913726 0.08425505734046314
0.1544818107214301 0.08207588539710205
0.14947887427312753 0.07854239544894599
0.14660539911181825 0.07653140195671568
0.1433171209415266 0.0742856383597617
0.1389957231890702 0.071611253031366
0.13481023097506326 0.0684874927236858
0.13137810859021062 0.0665053768336657
0.1271336939707584 0.06404456600022648
0.12316354193735414 0.061653928873036175
0.11919570734619232 0.059687516831331756
0.11619633378338956 0.058332454363786014
0.11210651745964816 0.056162485706315185
0.10992289314239345 0.055231972003712215
0.10645610488598031 0.054148713965413424
0.09802259739845849 0.049969095085458284
0.09638721096707133 0.05015467670205332
0.09005829535537077 0.04758948463843192
0.08924305364882622 0.04815057218759667
0.08882019704924102 0.048154785415193566
0.08689709346010904 0.04864726370881762
0.0858400716637412 0.04926900339354174
0.08565374739220714 0.04916455203281057
0.08548660426452274 0.049562839604486146
0.08486198654673066 0.050191516818902465
0.08449071697755889 0.05026039041266628
0.08463359399515091 0.050738146685660464
0.08460656036105826 0.05032556866596418
