0.19077773081437607 0.11042417328933189
0.18696370020651618 0.10724984557318878
0.1812678529990276 0.10270541572105756
0.17583243396884332 0.09848239304752808
0.16481109432092764 0.08960927168029977
0.15341875722868045 0.0809354765495744
0.14929162768397375 0.07793172200520833
0.1375238615518918 0.06947951149085141
0.13460731536323275 0.06764601731042919
0.1302774643047452 0.06457758165742827
0.12575511701560782 0.06180638147538151
0.11379398176285263 0.053771892934259075
0.10924557247158867 0.05146063549183919
0.10439772353351406 0.048846663020289095
0.09981006296779231 0.04667791660884165
0.09615308541875393 0.04545639500473485
0.09307694423878772 0.044215195355868764
0.0890222261972291 0.04296688716281212
0.08609497511553611 0.042283233887058895
0.078271093972539 0.0397934921939628
0.07198271271044515 0.03841965375400013
0.0714063942666588 0.03887339412273326
0.07152034478350179 0.03903553536527043
0.0715464643388167 0.03909501062789805
0.0709702657975061 0.03955049956563207
0.06506839736010431 0.03982959031145235
0.06088822775622987 0.0401219149077657
0.06106480573420065 0.04150233306937914
0.06084476550682412 0.04158830792178928
0.06094281695538416 0.042027055241429655
0.05866609435776167 0.042798144939426595
