0.16910056197782855 0.08952979711081127
0.165410772574722 0.08668071119022892
0.15405561202538784 0.07785909193152565
0.14951053321549745 0.0746245415404173
0.14464921930158955 0.0711102835466568
0.14151238885470396 0.06873462198900422
0.1369893161699092 0.06556439210063307
0.1323183581109406 0.062353912671800425
0.1265386188534537 0.058526235859955034
0.12282051260443429 0.056168959295452535
0.11704768736884426 0.05254367385332884
0.11344977210158073 0.050494281188198806
0.10992047993807488 0.04860777481507977
0.1046693281884328 0.04633367308167702
0.09982834456328817 0.04441567269740476
0.0967361105152582 0.04325673300743271
0.09206528652319618 0.04229526745676678
0.08907523061040126 0.04218783554770362
0.08650427742380709 0.04361986629276367
0.08594148370236718 0.04322192397917541
0.08429197236475024 0.0444336692752066
0.0842740169754751 0.044686640954721475
0.08359871239078527 0.04499456261669724
0.07793309758753113 0.04764350134512551
0.07786516875882543 0.04801117423483903
0.07756084166897517 0.047931538299134366
0.07749130882549422 0.048502670700777246
0.07786362220129586 0.04866425148564555
