0.18162009361087686 0.10025228871586088
0.17803462741351075 0.09738085272878182
0.17176910629621095 0.09244232420493968
0.1677059597106729 0.08913047915953133
0.16471709124762204 0.08666338894462888
0.16319497219988624 0.08560238386898975
0.16036915782386887 0.08368192891550291
0.15798871371153583 0.08165389369986853
0.1555357872837769 0.0798630453955691
0.15388733890520503 0.07884117856092286
0.14951798350502069 0.07545960217119001
0.14803394903496342 0.07424158558568202
0.14508379717929357 0.07222047711042459
0.1421351200595962 0.07014921989798314
0.13956905073888487 0.06816922410840552
0.13717004793619703 0.06657087876642047
0.13482031472168016 0.06503973467433877
0.13162760710337035 0.0630770395517307
0.12776423936106318 0.06097282637592253
0.12505381828678735 0.05926373410777024
0.1219173134309606 0.0572381426720352
0.11955663461114162 0.05601129503201233
0.11538571738512228 0.053803272459729094
0.11091218242231167 0.051464402467007134
0.10869373901417463 0.05078092632054313
0.10393266884156387 0.048671987424664685
0.10053945458824452 0.048037834632769685
0.0988113800433672 0.04764486079884435
0.09616605802844731 0.04719713658478986
0.09443495740196414 0.04721534355423866
0.09266105112744906 0.04760806923391374
0.09195965137701269 0.04805483319891285
0.09125466054872129 0.04822106957330243
0.09017976954894683 0.04859980690578321
0.08944731415722018 0.049297832443833414
0.08939934693328463 0.04869741784065925
0.08638002613002314 0.04903818757284946
0.08615009180901763 0.04926325808318234
0.08577048136301457 0.04923165078421922
