0.18615873951428655 0.10746992372311084
0.18205565257172693 0.10380308612058388
0.1771617131731448 0.09983539075281328
0.171882794574394 0.09568647904829546
0.16718170865037654 0.09190491176047931
0.1615992804324698 0.0873999634436765
0.15816670882503628 0.085154891983966
0.152120407674243 0.08028093141677906
0.1475849516682764 0.07741626244279493
0.14507695638837956 0.07566591687197394
0.14083881455975938 0.07213429254316635
0.1331791705684225 0.06755686093017664
0.12475866503875607 0.06203732458491776
0.11737742332743371 0.05807974416964207
0.11509519301128118 0.05669211194335592
0.11160481323969937 0.05475167111537462
0.10864208019150062 0.053280798335525736
0.10519413009945187 0.051699190035193555
0.09901355926542399 0.04940143338268538
0.09535912955708739 0.04787343864859226
0.0930891081873137 0.04698883909448786
0.08974082140029319 0.04678519066458757
0.0882372728963612 0.046806991247899714
0.08525584819064755 0.04617736514145129
0.0837086922029436 0.04611589278608065
0.08176429061482683 0.04662442553115051
0.08104204764963131 0.04656774077602693
0.08030644666075071 0.04750777825813307
0.07913763395177184 0.04734603617357457
0.07833804850822187 0.047774140473005836
0.07833003848183294 0.048450406549843034
0.07791943964555714 0.04790281195247557
0.0776216658372882 0.04817385381719524
0.07719588960492577 0.04937217882424224
0.07652429222200297 0.04924848925573985
