0.12966199204107218 0.057944893648518465
0.07391151986880067 0.03523085805416191
0.05169303639046033 0.027216077918812028
0.04475228511753479 0.02402071648776458
0.041024513207944084 0.022636865200067517
0.03935384874832566 0.02235542188812261
0.03820694889392553 0.02139188417039017
0.037505168576770505 0.02125598365385671
0.03697380227780381 0.020726143444817786
0.03677167820022251 0.021491913265279865
0.03618534636086197 0.021436662136220606
0.03581354854979712 0.021346639837214423
0.035571408370520384 0.021951763528984335
0.03489752169355215 0.022141664827642637
0.03418387765517364 0.02175898629836326
0.03384368449079299 0.023072449620319086
0.03321119625945111 0.02314273707585659
0.03247373134463378 0.022720856886849803
0.03174433768926756 0.02288906004272654
