0.13062607177853994 0.06173412334535114
0.07462319328760411 0.03564182207521182
0.05116189406234689 0.028371778677163482
0.04614749682294218 0.025122883607857253
0.04340436099032337 0.02456346344553349
0.041322727829495344 0.023446213878827723
0.04012470669631921 0.023500975585242563
0.0391744171247244 0.02269264388139552
0.03862887467081088 0.022308174517417248
0.03829216395914992 0.02224861203383517
0.03798061133482362 0.02232700165343272
0.037596603610362565 0.021728994752605323
0.03739483890785767 0.02192314458771376
0.03709241793238609 0.021871313296312794
0.03695840255236404 0.02273422482810693
0.036243236790329494 0.021858070100717455
0.03614906382058427 0.022587376967631845
0.03574264683365997 0.022107824526781544
0.035344741873622 0.02162514621942965
0.03512885983816144 0.021981128529072063
0.03474222051460681 0.022002632264627762
0.034514886238363546 0.02266593896458315
0.03358972126102401 0.021724419287569772
0.03316510557018618 0.022320994234789185
0.03278815770838437 0.02272219098859189
0.03237372630603871 0.023467572383069627
0.03184237295596521 0.022939079704074286
0.031198841713620775 0.02289835250031967
0.030563241153999266 0.022969067934420034
