0.1497491334425008 0.07180770480004477
0.08755577429731624 0.03735158871035716
0.0557829058203983 0.028282691785544527
0.044808461069873705 0.02308601889460172
0.04101351357044978 0.021588999178454273
0.038961850403617236 0.021375641959439667
0.037805799634470845 0.02121695891934568
0.03682177770762448 0.02064560848704319
0.03629492576271155 0.021181908773793997
0.03574452730866484 0.02110896803778644
0.034973951279275425 0.020609397874689794
0.03447600341643665 0.020883764611734364
0.03388327343321011 0.021123873289288417
0.03308169625566265 0.02101910202841393
0.03224760019034849 0.02054328770025231
0.03173011322548145 0.022227019777895075
0.030903455041814156 0.02222389731257047
0.02982324816270199 0.0217078997973296
0.029223798471144983 0.023434857913956105
0.028540765375113988 0.02459409677986547
0.02776244983128481 0.024775253743892597
0.027379196640986578 0.025967768320651032
0.027283172080761444 0.02780202913503576
0.026679226624243754 0.02763405291486807
0.026181118369364313 0.02714164256206198
