0.13117240207446704 0.061777455743092076
0.07502768098572732 0.03633739949537078
0.04872957145934662 0.025903848449480456
0.04259656111489733 0.022350556061886132
0.03977712449315048 0.02063941112651154
0.039533134693420395 0.021284875166759656
0.038069442482385904 0.020125173481399566
0.03838873479068402 0.02119705553545386
0.03699796779467753 0.01907824576480536
0.03638425737735713 0.019354395590760756
0.03664091649975975 0.020193732836357333
0.03694230848197651 0.021055818004449688
0.035945147559400065 0.019771073550244028
0.035386900142524616 0.019616334539895263
0.035697365581455066 0.020609217227843406
0.03496248740920223 0.02007037724668069
0.03431048652573962 0.01961506140069825
0.03349517299763797 0.019049237342148
0.033089634969521615 0.019496836130412955
0.03259405425526829 0.019581374461224755
0.03213582793286297 0.019807215058932102
0.03159652464869874 0.020230268155051263
0.031110900796311458 0.020302618605647593
0.030623038505394547 0.02114993185252715
0.029879252066009335 0.020774029412622772
0.02928488079996421 0.020955083562814874
0.02901876996064715 0.021926437520888114
0.028511879745202397 0.02183557260535896
