0.13271223275368832 0.0633105600557025
0.07658691981781883 0.03865632708585042
0.05071540435642337 0.029339093108992676
0.04455872876977988 0.026206135791338764
0.04084574237627446 0.023656618549449233
0.03899437381133482 0.022787765773984458
0.03805292355233012 0.022794512911816167
0.037319398574553325 0.0217389592058108
0.03788790657107005 0.023582894309644123
0.03698971952336138 0.022878090789699254
0.036280105497296385 0.0225894599789653
0.03574656585880407 0.02221066093909869
0.0354556464819194 0.02318454478020371
0.03435654844781353 0.022132287578522973
0.03368490034166642 0.02191760157176901
0.03315375395658986 0.02203979412465509
0.03266824724987845 0.02276637104902065
0.032155537069471454 0.02392945909118121
