0.19069300844650952 0.10881129589311984
0.1856613532017251 0.10498257008332601
0.18089804038157714 0.10106965156634244
0.17606994666040274 0.09729078953868786
0.1714088266699213 0.09371710770079483
0.16680993850950876 0.08999099342805858
0.16231276403008654 0.08632591431157233
0.1579942257601368 0.08316905766950641
0.15328873660223638 0.07980070611661251
0.1487353388171452 0.07688132158256301
0.14429505845153867 0.07367863228759551
0.13977424277643122 0.07055310266582865
0.13517270971532588 0.06762599894813258
0.13066940213284792 0.06448351392506423
0.12588663587644497 0.06114436661696656
0.12164940913685161 0.058358690136873136
0.11679229817184464 0.05563152399671197
0.11207342159993033 0.05296919899918211
0.10764913521713639 0.050430654327751734
0.10291073812815242 0.04771919994263789
0.09875978689920123 0.04530439271295341
0.09453989575871391 0.04345720010714227
0.09046576164553609 0.0414941044949321
0.08659153794305537 0.039262268720392644
0.08288421130747944 0.03797044189496009
0.07927524431216022 0.03641788087995949
0.07575773242467322 0.034959778014289754
0.0727143046119095 0.03353981006005182
0.06944073210697849 0.03223668588771984
0.06661180957358988 0.031759297263532243
0.06418052294363187 0.03069943190667953
0.06165320533598365 0.02944832109471061
0.05912029127179705 0.029403927747926457
0.056911133176652993 0.028592046526264438
0.05534754167596854 0.027593693414095434
0.053341504287652344 0.02677399383871915
0.05203531145583921 0.026152151949728558
0.050541186930234724 0.02582757635902232
0.0490791557829642 0.02534626649675314
0.048049441320309895 0.02473956814512477
0.04702217051590436 0.02438709628240685
0.04605501849590554 0.02443880409175056
0.04518720357946294 0.023891645304540663
0.04456002191971032 0.023511571999742006
0.044043892548647774 0.023248251347597927
0.04360056023596501 0.0225514100847189
0.04300300913035052 0.02300017876342795
0.042686354144689714 0.022755024995574333
0.04227868965946559 0.023083645116878732
0.04214896015537603 0.022256216976903515
0.04186729260605362 0.022441094105511292
0.04158941512276019 0.0222277109429892
0.0413179917721356 0.022278849194511764
0.04101388089881852 0.022621019431415226
0.04063961307632769 0.022206465766192444
0.040585359071718057 0.02173117177465061
0.04080692700258081 0.02217111699760808
0.04027310267090505 0.02222110407226391
0.04046380863553176 0.021972532957483422
0.040004230786981385 0.02178099669284442
0.04005133349759828 0.022000632930174666
0.03980843865915648 0.022063156977575944
0.03987277395191402 0.02224873633747379
0.03968214704681888 0.02219020857577288
0.03936819445969202 0.02171069449581037
0.03941984429124634 0.021761362359579473
0.03928854317949875 0.02160959597235297
0.039121310708520596 0.021743287944676438
0.03921547779786028 0.022221796922601633
0.03905804152156767 0.02173254541410161
0.039196944327063665 0.022281237316952425
0.038934888333059386 0.021561195618780053
0.038957990486483865 0.021545577673256218
0.038798146488093196 0.02213570122222123
0.03851991203903597 0.022303487595786493
0.03880389866795135 0.022369691656780395
0.038715193873520695 0.022144081092940342
0.03864207099404108 0.02236503066359935
0.03861732296491374 0.022195720555345518
0.0384944189337171 0.0224582089830027
0.03846316406556655 0.02215855322214164
0.038479093363307855 0.02183304623688082
0.03814247704379526 0.021803734781200595
