0.193609846475719 0.11343939717079198
0.18833135580578148 0.10875622979525862
0.18316484445598577 0.10461677702741314
0.17828548514728704 0.10076441909327652
0.17327889492353254 0.09671428684406022
0.16849634007764616 0.09319253069147836
0.16367687445362838 0.08990130927744579
0.1589947499214207 0.08615733604736753
0.15429378631222498 0.08271262854161224
0.14955386878671126 0.07905924075241913
0.1449634936289388 0.07570166938274175
0.14007033114723302 0.07246205467083279
0.13531155536033515 0.06934666276517873
0.13041617708087774 0.06628645442164098
0.12558456773411716 0.0627512093081951
0.12085947015460474 0.06000122580533242
0.11591158418297187 0.05698293528462154
0.11122907596284182 0.054235906810222376
0.10643001294409575 0.05172464283697699
0.101703888999391 0.04889190259273772
0.09740217185781078 0.04633919381381161
0.09296748766673542 0.04414456167191173
0.08860776650349186 0.04215906422879795
0.08477597114482653 0.04059173254466813
0.08086457972666686 0.039062454824205145
0.07750884995377327 0.037051175289227134
0.07388645707483694 0.03621982639569183
0.07083273765783386 0.034855371234060704
0.06776023671703107 0.03354548577521579
0.06504999952422698 0.03244989834276901
0.06264196932737359 0.031887717464583874
0.06024423635513663 0.030987563178083367
0.057850604047569934 0.029803362095326923
0.05571893946509606 0.029609797101367935
0.053830283628251215 0.028764103564266043
0.05219486661626542 0.027741065800958125
0.05052716226561272 0.027530291486558743
0.04913812565687372 0.02710340945656729
0.048030476178198174 0.02647818442796091
0.0467504788808959 0.02595697002351097
0.04591483056648299 0.02599471838621261
0.04520697910681135 0.025349629294868132
0.04457267102965877 0.02499780817672958
0.043732274577206603 0.02492050973433146
0.04328559469018888 0.024611448834723854
0.04272553022601367 0.02423844292619759
0.04250369625760009 0.0243219968874834
0.04226999674018741 0.024313756291021747
0.04200953019409084 0.024681707825323546
0.041574998825914956 0.024160299430695698
0.04099277158812421 0.024661086403671685
0.041046526266047365 0.024012749969896975
0.040560652657760196 0.023721419241070456
0.04050825047976338 0.02396329310412857
0.040104450116119315 0.023760876311777528
0.040130879019821625 0.023534340959772835
0.03997285475094663 0.023380246323519406
0.03971659438369897 0.02323812327290279
0.03986535258924888 0.02357168539772047
0.039298751042096396 0.024163089700377973
0.03931762369177766 0.023910812117504517
0.03924346161248379 0.024117387740382
0.03947571510603906 0.023860122218276516
0.03923656482207931 0.023683107509632966
0.03929054731470636 0.02407186914096515
0.03897671937080706 0.023724257343947286
0.039103456287662805 0.02417225772933402
0.038830037876136946 0.02384287037944096
