0.18521636206414732 0.10270530611624513
0.18210203699232233 0.10026922182097299
0.17892991333199326 0.09753733183918464
0.1757145843649494 0.09494070370879576
0.17257158981433363 0.09212432094880284
0.1693411121781358 0.08957298340880074
0.16618197309136729 0.08719641756665635
0.1629232090021474 0.08461200942156548
0.15967542817684638 0.08198774598873584
0.15633711921110174 0.07953029291175219
0.1529363961963396 0.07699169351896887
0.14950509814958718 0.07420149952605457
0.14583114370268865 0.07180093091243478
0.1422231271418801 0.06917545843512336
0.13844817837540693 0.06612936801863172
0.13469241919994804 0.06367470006197216
0.13094798801159985 0.06095269833683841
0.12688326109978035 0.05838027268616521
0.12301919181256374 0.05573597365906604
0.11895976980764139 0.05325255311332409
0.11509145851003588 0.05064230164243511
0.11109564750965838 0.04827857650038966
0.10700327571297949 0.045935291766614345
0.10315818535260433 0.04299224000707464
0.09928647470130118 0.04086409502329656
0.09535965621751942 0.03936499051504604
0.09141839766225585 0.03741214618608645
0.08776943564676812 0.035352493032449375
0.08438444541545732 0.03370404724185864
0.08104505440191599 0.032353358341266965
0.07766532598710336 0.030723566379823743
0.07476517934951807 0.02974070227521445
0.07186702923375235 0.028896821612050098
0.06936277803074502 0.02798656494658787
0.06667549796414143 0.027426307767281735
0.06427124521371 0.02688220806411943
0.06199589978575071 0.026093158107955927
0.060189770500151986 0.02564739312305862
0.058659156437835834 0.025021631640935897
0.05705674898298998 0.024430821799624712
0.05560862430779583 0.024579620631204127
0.05433705536070609 0.024322741858985343
0.053399437005743546 0.02402014879105915
0.05214960477103026 0.023357093144441437
0.051723474239831736 0.023622243616072416
0.05095821748080581 0.02296424004818215
0.05003720808074061 0.022661522837295774
0.04964475509025926 0.022723551137227238
0.049047680158468485 0.02183445275019621
0.04835132494741822 0.021482318544876967
0.04808917732346495 0.021972287869259456
0.04767262243648514 0.021677366026644575
0.04731235797404495 0.021399613695175013
0.046895941933906296 0.02065378033233524
0.04657989300864596 0.020843531497595037
0.046262996638872275 0.021064284668400553
0.045763095344612884 0.020734716144854583
0.045704478038528104 0.020585948349015216
0.04539733446239116 0.020184900468003846
0.04514825280497431 0.02010380003112426
0.04499336675973682 0.019831910755763342
0.04468174178210552 0.019830904118281856
0.044669571138303554 0.019595462946154687
0.04425833073386511 0.01914307925234762
0.04402465628799616 0.01953972140765249
0.04388538333065726 0.01938440102252346
0.04380226195101682 0.019486167214133522
0.04370430789848163 0.019452681000004145
0.043365349244428045 0.019452906346464478
0.043231084349015535 0.019011999129574332
0.043211372885391335 0.01912239595567712
0.043048419359899594 0.01894709665023863
0.04285951583857517 0.019093292527794205
0.042887605990890726 0.018860197927490493
0.042430148739630726 0.019024771011293167
0.04237735342523092 0.01870085908871554
0.04235039798675527 0.01841969147646094
0.04238341002019925 0.019061725132027658
0.042302682551613485 0.018450518062606395
0.04226359955973486 0.018847300553431475
0.04215684549016267 0.018768333486335033
0.04210316921649474 0.018821415396853305
0.04201903760638924 0.018746349387342615
0.04198610217809901 0.019010244935571748
0.04196446600998686 0.01934038019871855
0.041848428353344645 0.018847863244892304
0.041631544799613174 0.018861971012813106
