0.19178167871141596 0.10907494939109477
0.18670510396251838 0.10454725052745842
0.18152255711048507 0.10078201877585172
0.17639478579740323 0.09630614713171033
0.17128188541156297 0.09290151251653954
0.16649932248285154 0.08888877403097759
0.1616188449289564 0.08514785427276063
0.1567585110699412 0.08179908620783112
0.15189419631920628 0.07816600680796622
0.14712186313388045 0.07475137702088151
0.14206222631369428 0.07119566383490761
0.13701480968275356 0.06770045917200843
0.13213551874081333 0.06468850288330034
0.12718760526396375 0.061181348533610014
0.12225997902376286 0.05807562439366605
0.11717637072819696 0.05496241880510863
0.11226556758329251 0.05200851703746275
0.10716988264024987 0.049234132032083926
0.10244802831026457 0.04637023567453522
0.09774709280071044 0.044456887766891176
0.09311914349583537 0.04188214559780705
0.0890242317644537 0.03937421526227679
0.0844295841499265 0.03746814792255048
0.08076889583843704 0.035791396755401064
0.07693764641260412 0.03439048464411498
0.07325459429354483 0.03336114209861735
0.07029257640249878 0.03163190949240988
0.06671775477707007 0.030325354301426848
0.06383900068134493 0.02944040697169376
0.06087873399987751 0.028531701427786146
0.05868912872060265 0.028046175500842267
0.05651848052425282 0.027085653595855665
0.054063954556589904 0.026628223820272193
0.05229226156755267 0.025810946138955758
0.050571434996631554 0.025051809846029397
0.04935173666401274 0.02509041151485501
0.04808527242313817 0.024807359756173836
0.04692051709486771 0.02431135274320072
0.04598292140035522 0.02376083648198441
0.04517114006614405 0.023724105175312166
0.04445127809590887 0.023156706791843645
0.04353273039410828 0.02313908901190847
0.04330867126255512 0.023051925792195282
0.04263793407030867 0.023004716114097802
0.04230755355064919 0.022823193259477573
0.04163067755542626 0.023162966668658823
0.04147231270670015 0.02337932332175797
0.041367292763963746 0.023262779942994184
0.040750747374142575 0.02319149987126262
0.04056370766474767 0.023067097713929906
0.040483324274252816 0.023124918779048435
0.0403910125627756 0.022924089660807407
0.04013176655897844 0.023073102417969445
0.0401570442644537 0.02311262162294576
0.03990075761345541 0.022916220023822497
