0.19222051493336798 0.11367153189977572
0.18707062200303007 0.10930532260225163
0.18187267566288806 0.10497887193134613
0.1767416670139638 0.10086583391566864
0.1716753552236757 0.09705631012669591
0.16678043839725235 0.09329745296203819
0.16197140100070603 0.08945314981542503
0.15708403022588205 0.08612402568167757
0.15220823708606268 0.08279172409459519
0.1475185192363794 0.07911685635433699
0.14250357422372964 0.07508795341881463
0.13754865288040066 0.07165459371064058
0.13254075595655435 0.0689457742826918
0.12771851296970915 0.06513218831653537
0.12273057286252917 0.06261589342953144
0.11770789985033536 0.0592789038849821
0.11283965276211536 0.0559718115329321
0.10782824137007492 0.053501592416613265
0.10320048158365039 0.050226382491064724
0.0986357428195297 0.04773813982365598
0.09403722877115653 0.044912930657675224
0.08996035948010846 0.04302275861470717
0.0855542888999343 0.040667677675853754
0.08193650300187295 0.039436600624261145
0.07815476285326246 0.03689338100110345
0.0746522457662437 0.03574115496253259
0.07164319065754378 0.03439624793794607
0.06810926360955304 0.03264567075273859
0.06522194604013856 0.03166046331391142
0.06231767379514454 0.03046050534476782
0.06011396817052452 0.029035298841590066
0.057670828626946495 0.027703654582748698
0.05554176954067299 0.027445145287192583
0.05329233273659515 0.026792386321185312
0.05160750913340377 0.025628375653055674
0.04999688677490488 0.024906360072593964
0.04839154090680098 0.024663406272269147
0.04732327185459119 0.02442640817395069
0.046295754353880246 0.023927262083515168
0.045195103355625724 0.023307691051152057
0.0444100937365167 0.023107986220922364
0.04357701634329218 0.02321018800942831
0.042904689959170114 0.021794838894376573
0.042628349336070036 0.022971954534516142
0.04203860337830218 0.022032338695853176
0.0414949046148434 0.022096939720786333
0.04133442173955412 0.0223349493174075
0.04094138545047706 0.022255490056739713
0.04090971693189953 0.021638385731570814
0.04038362402613799 0.021611829180799232
0.04016502554089485 0.021477918943499895
0.039751053267922984 0.021656568425060353
0.039740323127292164 0.021068637059606047
0.03952994581628513 0.021526515367955353
0.03940158393538312 0.021067192640029774
0.03926476147505467 0.021578687101744796
0.039440128171027086 0.021561313606897427
0.039138731400706527 0.021065887132887075
0.0391062872093123 0.02144414568950457
0.039263377713054534 0.021583271212052682
0.039030431674754604 0.021670783347874454
0.03926020559428259 0.02154609662643144
0.03900679998841662 0.021395325386758108
0.03882730115885902 0.0216343882902785
0.0389902858183873 0.02159854753375243
0.038956666147508534 0.021356905983892328
0.0389093548937945 0.021557424058757404
0.038840128488957175 0.022182632508327624
