0.18673076934862332 0.10800323108501725
0.18191808886688107 0.10360689706333459
0.1772244336427773 0.09970765304430491
0.17253803675699128 0.09564509086487442
0.16795534409809382 0.09204453480804518
0.1635186034083778 0.08823690829363061
0.1590293977639875 0.08506249183894975
0.15457331427294968 0.081582295080778
0.150172798245313 0.07824477096897661
0.14579596278582915 0.07509828128281693
0.1411278266535682 0.07188352376359657
0.13652307171039085 0.06847643101641261
0.13213359640053832 0.06536369202286268
0.12756507569508452 0.062459918016420896
0.12304915400332406 0.059657120814288006
0.11846376101275691 0.05649390421362365
0.11391602903090191 0.05390413093364488
0.10934011592811127 0.05114224693317231
0.10492263185891905 0.04849928649103511
0.10065918160262885 0.04594010635446144
0.09631139864770454 0.043978110530328365
0.09241721395942011 0.04191191018492162
0.08823431402229762 0.039564526034700266
0.08472071331348545 0.038121086150291826
0.08095874912057284 0.036670273253552516
0.0775818263695163 0.035379396970929046
0.07466538677329287 0.03347171908939606
0.07115893428288997 0.03263044272963555
0.06835314125561362 0.03158557731269483
0.06547604319366274 0.03085028125829059
0.06315886656393405 0.03012624982814296
0.06066499535925979 0.02915757310487459
0.05874899034407358 0.02842845451211946
0.05632778870337504 0.027658266189623772
0.05464742114112263 0.02733559704602798
0.052932389746798515 0.026498339139913393
0.051556149432754154 0.026192496764942407
0.0501971165513708 0.02559098094269544
0.048824720858480254 0.025305411652874348
0.048225979764595424 0.02534800888077716
0.04700708164853065 0.024970986710701217
0.04602838377986988 0.02459293631306376
0.04565462723472555 0.024297338431067884
0.04464671407555352 0.023811861192712017
0.04427756341527838 0.023423264040979008
0.043820647187916735 0.023766006561484403
0.04289000947758962 0.02381930167404299
0.04282889771618587 0.023558496206018416
0.04248681261429489 0.023227930490650976
0.041950791990042556 0.023099040411620923
0.04161439482081748 0.023608817285052618
0.04130841468545311 0.02278889351444359
0.04116078219071129 0.022775861202384375
0.041081285192407634 0.02274610197582049
0.04076567674678136 0.02341760204249066
0.04069931274452365 0.02281937600868854
0.040586636139002194 0.023104168055628482
0.04037992191943099 0.02295397936264702
0.0404669262228021 0.022614021962465734
0.040509624020373294 0.023505219984779856
0.040293918270880726 0.02359737184387574
0.04022628549576404 0.02273141262511883
0.04013506312111459 0.023507608387383378
0.04012915255472059 0.02327954697448709
0.04013745703216926 0.02307706710766852
0.04006699465418595 0.023171321300807502
0.03996724038053763 0.023261036179619794
0.04006123251027735 0.023322384392030254
0.04008360600299434 0.02323073450229511
