0.18653441118827463 0.10784332415726146
0.1815328415486743 0.10329770552719866
0.17665623406612802 0.09925908674652348
0.17179741813054009 0.09507210093586951
0.16705019675267688 0.09136228827903918
0.16244913800816796 0.0874388309852538
0.15779208089626803 0.0841968483751133
0.15315367713930617 0.08061758553471547
0.14856568914915574 0.07720253144551976
0.14400143918102348 0.0739648506588256
0.1391139729179332 0.07065622486914684
0.13426918530112567 0.06721070177950621
0.12967308674032202 0.06399564739668542
0.12487367810146689 0.06104538455041508
0.12014803065002844 0.05824057407331922
0.11534373843262179 0.05504815688941181
0.11062350122016688 0.052480648379465866
0.10583042208214033 0.049766732139304035
0.10131181920999863 0.047188439384382184
0.09696692809962837 0.04472850074943486
0.09258601341570737 0.042948015426889426
0.08870176824612194 0.04105790917174235
0.08451913642703758 0.0388784418689686
0.08115247397876138 0.03757749381401027
0.0775156203653882 0.03629295152111613
0.07418314775479487 0.03520644153855401
0.07139433234471829 0.03333286518843131
0.06800144699474918 0.032553849221962604
0.06529637059336514 0.031503637561454
0.06276015588995577 0.03082151247664817
0.06012140518825257 0.029598372371364576
0.05811191315855919 0.029376650345717632
0.055492945737811814 0.028781973181320746
0.053869984162650514 0.02770334897549025
0.05221007017644925 0.026655962916705817
0.05083976676182048 0.02696213184163728
0.04935559936178714 0.025787674668065474
0.04813761571974525 0.025152103193328286
0.047206705103557914 0.024875715085040735
0.04633290841731301 0.02483329327653818
0.04552339303070825 0.02463376855192397
0.04455131672002471 0.02439691727769472
0.04425109154683578 0.02412390801693215
0.04365666428067148 0.023950445217676367
0.042955425491069676 0.023209851497384318
0.04260082502218485 0.023225283007087073
0.04207224946131256 0.023440074617043796
0.041817910775219645 0.02331212100773512
0.04154469849437167 0.02329167250318497
0.04112298712298008 0.02294054493534721
0.040654958360502626 0.023316414734901453
0.040596096875490276 0.023573439240160452
0.04063763123228889 0.023047529179424965
0.04054199927347672 0.0230708140807393
0.04035086462704934 0.022713050262051754
0.04036432798282084 0.023515826111595497
0.04036849338805597 0.023026155000193445
0.040033039419786434 0.02286468009287534
0.04024904201424979 0.023390376951570514
0.04020224584095299 0.022968970974469125
0.0400338389860787 0.02305575230115709
0.03995724819579542 0.02268321547020776
0.040038317993662 0.02308807265096475
0.040108035865307305 0.023543439823956215
0.039679535362164654 0.02333456659468822
0.03984735092100844 0.023396848578060056
0.03964888133110954 0.02324353741975399
0.03970412801042933 0.02348562428839096
0.0396354467022707 0.022992790230264248
0.039718984622434644 0.023139699929840878
0.03961887844386129 0.023344576295542978
0.039634089354702695 0.023392141940613117
