0.18859601611376964 0.11072783986860858
0.18348751155273688 0.10647428181138965
0.17848396222714702 0.10234086277924474
0.17357330211540725 0.09844223003579636
0.16869148554099903 0.0948219939931998
0.16396497590166506 0.0912114467556788
0.15928857855677206 0.087486284622481
0.1545163042212536 0.08428071972673513
0.14975152805629646 0.08102483346476158
0.14517897510676323 0.07742320359627729
0.14028772596785583 0.07346316885986112
0.13546149927864343 0.07011837324574366
0.1305865201164712 0.06748431837767369
0.12591871262980742 0.06375378856014949
0.12107972085584635 0.06130561740950095
0.1162052971137157 0.05807189779566522
0.1114931900906323 0.05483761713743758
0.10665366204904489 0.05244443912651085
0.1021744962761576 0.049237827667187775
0.09775059479740729 0.04683714568751934
0.09328137870423032 0.04408544412619321
0.08933117391128478 0.04221268873533344
0.08504357059549608 0.03992656231010805
0.0815059662837818 0.0387013627379864
0.07781694297728432 0.03625363934391987
0.07441293633798467 0.03511388575375365
0.07149293038388181 0.033821689928718014
0.06804407836432858 0.032205024329474266
0.06524135222486713 0.03124427357094225
0.062450467066119654 0.030194384187317704
0.060307651757609486 0.028818919124674075
0.05800510530610769 0.027844492909089403
0.05590715453026633 0.027177807634450404
0.053979339446988565 0.026542977813024792
0.05233220779696356 0.025945390010440605
0.05053629060924905 0.02523440380747166
0.049142191092993094 0.02464345143375326
0.0479235612169414 0.0241416053171817
0.046833712180874794 0.024272355633783365
0.0456087237029678 0.023765624654741913
0.044769278131680364 0.022984613098608473
0.04414868720918973 0.022925665674855267
0.04360223049793828 0.023185515542828574
0.043034107616961505 0.022031703474919073
0.04266631899925719 0.022656011016667678
0.04206245292336337 0.022037827759975887
0.04174393389383004 0.021992816085505237
0.04153345842669497 0.02203733684613297
0.04125337829452186 0.021556877849673937
0.04080794099738424 0.021876829598129945
0.040618662465801446 0.02127976912332757
0.040473932452036225 0.021640620468487602
0.040291400358717075 0.021447760110106257
0.040147848218488304 0.021609745494295646
0.039998059573051296 0.02152329475735952
0.03999588577392305 0.02162126713429573
0.03964582511056306 0.021454740797059366
0.039412565451463794 0.021562910425551307
0.039440214356895605 0.021141870885386743
0.03935867773717125 0.021796793109097413
0.03929991094509968 0.020884773641461216
0.039393477675638375 0.021860663157923812
0.03933319305466007 0.021510045478258407
0.03958865275705912 0.021690414506933473
0.039224625194894974 0.021394470333526216
0.03914232966071726 0.021669480538060563
0.039192901613123665 0.02131553165731823
0.03924516855427764 0.021678856452994492
0.03921670088309488 0.021841835802849346
0.0389105758602652 0.02156230217790528
0.038974844183610684 0.02172989935467811
