0.1729529520334846 0.09037819559754331
0.17280941438172834 0.08999455211802834
0.17279496853145135 0.08995616863679902
0.1728019708360345 0.08995099202218848
0.17280335211255501 0.08995033298706352
0.17280248881472968 0.0899494401007652
0.17280254636791803 0.08994925939758577
0.17280243126154132 0.08994927002718456
0.17280241207714522 0.08994925939758577
0.17280241207714522 0.08994927002718456
0.17280241207714522 0.08994927002718456
0.17280241207714522 0.08994927002718456
0.17280241207714522 0.08994925939758577
0.17280241207714522 0.08994925939758577
0.17280241207714522 0.08994927002718456
0.17280241207714522 0.08994927002718456
0.17280241207714522 0.08994927002718456
