0.18792961094439 0.10599315719998109
0.18269158041401273 0.10136755885782668
0.1774966889698677 0.09766903035561399
0.17240120498530132 0.09324317257549813
0.16728239067858894 0.08991988921288471
0.16248401901641352 0.08598166117780978
0.15754400990629594 0.08225717020297767
0.15260857499387556 0.07895318767477706
0.1476471590213131 0.07532807292303693
0.14278365767393433 0.0719532066552882
0.13761055587028417 0.06839161906626656
0.13244787519904458 0.06492900593894547
0.12746943517270945 0.06195974494188923
0.12243318609137678 0.058498597700726074
0.11745362643924546 0.05551088825491183
0.11231992206638902 0.052496852579542674
0.10740816197635963 0.04968497346376868
0.1023095105034297 0.04710121338020926
0.09768618324350808 0.04440689290509362
0.0931344546178344 0.042756845297454577
0.08868398992528173 0.040449347747981895
0.08482932883696717 0.03818624211765867
0.08045199389086233 0.03650111639718105
0.07711344680150661 0.03515764259185004
0.0735816015816389 0.03394576192983761
0.0701410967739466 0.03320221289305728
0.06746267435540176 0.031550715686884286
0.06411212717417933 0.030324843955875567
0.06124052624326311 0.029782702247987458
0.058988461155683486 0.028476407658988057
0.05677460210221705 0.02803654951507183
0.05478274474828516 0.02733967537940174
0.05289598867742528 0.026732643777589063
0.05121556432967908 0.026377174528101927
0.04973360083139392 0.02557921668342627
0.048802909495957864 0.02484895834781122
0.047585948026396374 0.02452081701675358
0.046580423582190104 0.02453256310824503
0.04559724380665115 0.024221632366523138
0.04487208514514943 0.02452268466430295
0.044026978196962274 0.023749541014756327
0.0436308555472195 0.023394104340517145
0.04294958238914748 0.024046358530302105
0.04248677501837335 0.02295462081195239
0.042042379271803036 0.023052626160026297
0.04174433871264086 0.023349335091412227
0.04127569876133023 0.0236136506533118
0.041057649245161684 0.023193063483164418
0.040784489259247915 0.02327328817506338
0.04021273847072514 0.023493008222513788
0.04020981500336845 0.02357695192188751
0.040232188380389514 0.02334668020870397
0.040175431965029394 0.023435331031407058
0.03991045864465948 0.023575086988942135
