0.17006533211366356 0.08510168394848937
0.16991865512089574 0.08478020139178596
0.16990884215600652 0.08475717249390699
0.16991719850891998 0.0847528143714732
0.16991829096790179 0.08475259458916103
0.1699157610628913 0.08475268571841242
0.16991578022883835 0.08475268571841242
0.16991579939478538 0.08475264819460303
0.16991579939478538 0.08475262675242623
0.16991579939478538 0.08475262139188203
0.16991579939478538 0.08475262139188203
0.16991579939478538 0.08475262139188203
0.16991579939478538 0.08475262139188203
0.16991578022883835 0.08475262139188203
0.16991579939478538 0.08475262139188203
