0.18710412736369791 0.10593057160383365
0.1820132301765843 0.10212394195722818
0.17728414773786627 0.09830215269162787
0.17249603418223658 0.09464175869077156
0.16785779833253195 0.09110600806363077
0.16325457866808626 0.0874437753961142
0.15873010229709242 0.08380520417069208
0.1543678273359763 0.08067028287548854
0.14957203781855338 0.07731070117290423
0.14494117127548917 0.07441358970000164
0.1404115871796067 0.07122600641858697
0.1358135710697849 0.06810068585804387
0.13112160348752772 0.06522539716057549
0.12653561400947932 0.06212798895367667
0.12166630391917552 0.05879707008092449
0.11738463134837497 0.05607202135572194
0.11247257161317784 0.05338266849434064
0.10774100718431692 0.050882462435021626
0.10332363970840774 0.04847727202163018
0.09860607600386631 0.045929426806014514
0.09454777296295115 0.04369103776619176
0.09045540245115596 0.042019904193781016
0.08651285214744471 0.04029259479843668
0.08278663747105175 0.03822584502332223
0.07928748176935117 0.03717831427867145
0.07586078293047024 0.035839376310545845
0.07255907481527094 0.03452835069606452
0.06967919961165192 0.0332145965645859
0.06659709491774282 0.032054218323729525
0.06402911196194287 0.031675136719607686
0.06153450583442094 0.03079086670908215
0.05927839116900624 0.02998890517446041
0.057322271489779794 0.029536287625016467
0.0553608188857869 0.028435920676468086
0.053712255158859634 0.02780854670586411
0.051894221336636216 0.026792557403280345
0.05050346355495506 0.026852003158175337
0.049134722654946714 0.02589051450846297
0.04807802733033384 0.02596823435853241
0.04711281586247375 0.02487275354602143
0.04645594615074186 0.02476332607701481
0.045519656096979076 0.024348323466215363
0.04494487413645909 0.024150063739014745
0.044331228426810004 0.023940948909811115
0.04378276610307538 0.023733050924140665
0.04376029882164691 0.024352611901574575
0.043230940155633626 0.023440566231281837
0.04264118000749465 0.023174198109760617
0.04233340364680441 0.023020916028661843
0.042094025759646145 0.022707672628392322
0.041945724452865873 0.022570008492817387
0.04146142013687859 0.02260192785325043
0.04131071350374364 0.022760364097596554
0.04103898349796626 0.022575897050620006
0.04097179727058515 0.02241510752737051
0.040942516494980666 0.022725978886831966
0.04063431848345534 0.022447550880999007
0.040605205409887546 0.02223494499738577
0.04036619646720998 0.021840427706242865
0.04026716601880655 0.02223686407220902
0.040081402472775154 0.022324786378025235
0.040094751554894954 0.02215588099085843
0.03996766455575481 0.022427493064742336
0.039653055534941514 0.022184001065590417
0.03984368004429327 0.022495987418245267
0.03971293714075349 0.022365032003735397
0.03925501714662287 0.02255433694185156
0.039202993579101085 0.021947377263693488
0.039394892623931616 0.022361784854086846
