0.18814270348481138 0.1061519181000934
0.18311125826800587 0.10168202944315959
0.17811617696594806 0.09811957861006716
0.17320276136085253 0.09382839776340954
0.1682668192675159 0.09061789533842121
0.1636487934835865 0.08677944528782967
0.15889616379838314 0.08316131792677571
0.1541585677210926 0.07994041313927404
0.14940421553466438 0.07640951143382517
0.14475369189429202 0.07310559405612047
0.1398150320768006 0.06962674216769425
0.13489265946533563 0.06624892241079768
0.130152489205659 0.06333098371689312
0.1253626247856443 0.05990547379699175
0.12059064567001469 0.056905624642106606
0.11567553627204802 0.05388917296918086
0.11092870567430181 0.05105047356592466
0.10602731886942675 0.04840008624188312
0.10147696824473297 0.045646451669451055
0.09697818739282214 0.04381331759528998
0.09252188533500735 0.04132021442678683
0.08861077405377266 0.038900962059999614
0.08420259676629104 0.03711484492705229
0.08068535452902989 0.03549601797997326
0.07700489094653357 0.03414542376836028
0.07351843841866731 0.03320206901904549
0.0707015364710926 0.03163625285880376
0.06723222283041401 0.030360041511289973
0.06450871394230769 0.02956151359977512
0.06172475004593336 0.02871428840717288
0.05946952225471583 0.028339450458173033
0.05712092532765801 0.027130023798173145
0.055339701165176385 0.02703046841121742
0.05351473982575943 0.026531388466520638
0.05178407585895394 0.02615819013833448
0.05040503659358158 0.02541820537660114
0.04912016551322881 0.024503161232362458
0.04813190435907643 0.02435754173019564
0.047052408056712396 0.024529984234448663
0.046134070882839294 0.024170253056687532
0.04574741720510779 0.023804139844931394
0.044996995192307696 0.023515365701026286
0.04418855838130818 0.023343664283664217
0.04337340860025723 0.023427526544918052
0.04288832833170015 0.023658930247968
0.04241827688633023 0.02337548758631138
0.04217313146894904 0.02317193300565819
0.041745630588559526 0.022990350429750044
0.04148730803680794 0.02309330450090898
0.04121955000612445 0.023375778048938967
0.04095758627817246 0.02328674175246842
0.040866384623040174 0.022863953038480142
0.04074287171576433 0.022663536540046533
0.04046663036654826 0.023101043836902074
0.04039421354421852 0.02328361452866483
0.0404269554216683 0.02313200389547845
0.04046095089723175 0.023087899724352594
0.04027662891199167 0.023308263132950098
0.04004595011253675 0.022962091402149862
0.03986168554400416 0.023133377485100515
0.03984638159909358 0.02384896067151224
0.039997107633359875 0.02324733384625595
0.03991247301414748 0.02356781727944038
