0.18983660189400636 0.11039087075632402
0.18442023296916746 0.10565593723468522
0.179258306690044 0.10156727268985653
0.17440684149330113 0.0977864094371789
0.16941531102049937 0.09383111446836359
0.1646256003948609 0.09036381375038097
0.15976136798250137 0.08713005063260569
0.15501270237235776 0.08338933537455645
0.1502385886607634 0.07995176564438838
0.14540748770049997 0.07634420737037673
0.14073834141226624 0.07298617361315199
0.1357609690237997 0.06976763208084345
0.13091163329502592 0.06672076919858608
0.12592935929335122 0.06369497949592912
0.12104041737879145 0.060225515654592804
0.11626521015661834 0.057553016612107065
0.1112788594707685 0.0546599533947367
0.10662973209988409 0.05205194412810758
0.10187101386617456 0.04974147327599813
0.09723438512936115 0.04713623301985371
0.09306899230659674 0.04478118694521998
0.08877316477462478 0.042793228749986395
0.08458094257388908 0.04103918284831749
0.08098018489767504 0.03973291411046075
0.07729305427403789 0.038442648233581775
0.0741206074255584 0.036560778749068
0.07073217305338235 0.03588245355970807
0.06783024537456536 0.03460021302991526
0.06542247896315859 0.03353730098414778
0.062399277124280506 0.03201426018077461
0.06008989309226682 0.03166150897274197
0.05784867601576006 0.03071634365016681
0.055755912592514834 0.030026963678065677
0.05402861671142003 0.0290859146676218
0.05253376856589119 0.028382817198282666
0.05076066034686616 0.027912898580191733
0.049531046069869265 0.02818617759287378
0.048240521335197135 0.027547638991783405
0.04741928050226898 0.02685962492312674
0.04640459860718215 0.02639273839809055
0.045537579009016976 0.02581388499420389
0.044763258412894864 0.026020766218046575
0.044206364170178175 0.02537733002931388
0.043598674442639575 0.025497083089277745
0.04346073383845081 0.024958996854148978
0.042866765750235736 0.024901642196479886
0.04241057519884243 0.024743572090279137
0.04220995437643653 0.024710692083823146
0.041772276767297264 0.024832990932697124
0.041633420108193854 0.024301266512443943
0.04139522664599049 0.02391342965620646
0.040863929183794494 0.023959102384805763
0.04063144787553532 0.024075257325579337
0.040255491264807285 0.023958578877065373
0.04034169634876434 0.024175980746310083
0.04008064228053665 0.024280538794804185
0.03987720854604992 0.023890124260860218
0.03982451140796278 0.024141960715383905
0.03958441629249421 0.024536106238503025
0.03959108047209576 0.02409587077503211
0.039350887036597074 0.0246318868957966
0.03967351822026511 0.024392348887072503
0.03917869269313929 0.024018319879662738
0.039133865953559645 0.02429093454242043
0.0390827419359542 0.024074348494882825
0.038865740037312885 0.02404522870899866
0.03905824346211128 0.024008623028166906
