0.1702688771951973 0.0868023662209553
0.16933867996450425 0.08596006703115328
0.16925477816985998 0.08588037264823577
0.1692503350709425 0.08586727286717645
0.16924640905681285 0.08586634989125508
0.1692452216769297 0.0858656805987741
0.16924527913079504 0.08586505448645318
0.1692453748872372 0.08586498971621308
0.1692454131898141 0.08586497892117306
0.1692454131898141 0.08586496812613305
0.1692454131898141 0.08586496812613305
0.1692454131898141 0.08586496812613305
0.1692454131898141 0.08586496812613305
0.1692454131898141 0.08586496812613305
0.1692454131898141 0.08586496812613305
0.1692454131898141 0.08586496812613305
0.1692454131898141 0.08586496812613305
0.1692454131898141 0.08586496812613305
0.1692454131898141 0.08586496812613305
0.1692454131898141 0.08586496812613305
