0.18728054990628618 0.10606596822921241
0.18235716309638295 0.10238070130327266
0.17779309946175886 0.09867051856789588
0.17316067089401016 0.09510781512452245
0.1686700128365847 0.09168154825210237
0.16421676670779933 0.08809319996528082
0.15984232137030696 0.08454585448103757
0.15562686714656154 0.08148220162095995
0.15101103628895748 0.07820092674803487
0.1465502675259553 0.07537192098918079
0.14221199791351835 0.07223735885043858
0.13779459210571507 0.069184427078759
0.1333028799212019 0.06632609914313631
0.12892083528570447 0.06324894843276557
0.12425263347778835 0.05996845619929354
0.12015208868957666 0.05726340766449752
0.11542507617313995 0.05460770829959764
0.1108564606260917 0.05203398237658912
0.1065683866289767 0.04958490518784033
0.10197670486465468 0.04692315376853976
0.09795922529095441 0.044580193912754695
0.09386807181679685 0.04280846436790521
0.08991471191894981 0.040913353857499064
0.08615710342129021 0.03876271960648631
0.08254956428902616 0.03750852380133086
0.07902671947677271 0.036010393752127064
0.07562201835361755 0.03462008032839809
0.07266145451292122 0.03325165400663369
0.06945076068877201 0.03202069616058097
0.06672570800541676 0.031597979726679146
0.0643615021901311 0.030607635267543475
0.06189339777589151 0.030044646793313885
0.05957902342293388 0.029356039326324544
0.05764288903499303 0.028392749533761308
0.05593512169763066 0.02808767024230689
0.05424542305684896 0.02717301130671713
0.052622268584222226 0.026946501511587697
0.051053008754697954 0.026583860696524242
0.04976499482366102 0.025879238603740338
0.04876633398671325 0.02558631970680139
0.047769484331761626 0.02511439079688049
0.04712540309819834 0.024448096595119553
0.04629681129239201 0.025162775068820812
0.04528217084709193 0.024259105248839036
0.04487928826565658 0.024547175533549973
0.04424856090569986 0.023568758285257115
0.04378127115920554 0.02381368422998227
0.043620114293441994 0.023319101660276325
0.04335477613100554 0.023448714258464343
0.042679056710350716 0.023497803441966836
0.042711859228725495 0.023685963903896507
0.04259720374199017 0.022689398533217876
0.0419409665065109 0.02294146472281612
0.04182904695871686 0.022813272668840846
0.04154215668882352 0.022565055349977495
0.0413191608949056 0.022792267376397002
0.04146108952429199 0.022240294820496387
0.04123290934169725 0.022649730506145157
0.04094502723404412 0.022534840642599738
0.040840913018185876 0.022636972410951497
0.040454431695937924 0.022459318615651896
0.040650810780891215 0.02236546754795157
0.04080674013459708 0.022635953907553685
0.04070285111861666 0.02233462431676648
0.040350882875517635 0.02233527964329481
0.04025155535493494 0.02233248411949502
0.040012570369691185 0.022786092029479735
