0.19003684862068795 0.11054641367541253
0.18481111504007544 0.10595358725999217
0.17983698481455287 0.10200487201282762
0.1751580257077047 0.09834344293215017
0.17033677593484794 0.09449301958499325
0.1657085979245246 0.0911219061064579
0.16101283328667687 0.0879600575392938
0.156448366655862 0.08431329730494601
0.1518534064274173 0.08096478235343739
0.147228000562333 0.07740707689774905
0.14275351834151048 0.07413899080548209
0.1379943684588883 0.07098644313725891
0.1333612025055742 0.06795909088357988
0.12861231627487527 0.06501030730935432
0.12392722775346732 0.06155438026207658
0.11935276605227486 0.05891114450505867
0.11457825906056007 0.05597874114256792
0.11004799820802393 0.053324774805571885
0.10539493803593529 0.05088786487585989
0.10082886950804455 0.04813813116856877
0.09667280989399163 0.04568451682435889
0.09239045940029271 0.043532339300024765
0.08816327363763161 0.04160940501798698
0.08444767816625412 0.04007218432982846
0.08063759954399458 0.03858688923175723
0.07738413219460898 0.03666845127000746
0.07385661095057608 0.03589433213635547
0.07090046816832911 0.034587109392007355
0.06789811976803149 0.03335291730614333
0.06514787351712292 0.03242220823792206
0.0629606701078869 0.03164650263665072
0.06051298576425723 0.030700316872591758
0.05845554081426558 0.029409099646621115
0.05638988014663632 0.029333121931872607
0.05462151526955151 0.028474542663637997
0.05277620177963667 0.02817119783077951
0.05167981833758153 0.027642829706344154
0.049892480092735836 0.027076165794869492
0.04873958901191459 0.027250028827471916
0.047790637654027676 0.026991920909662355
0.04669987524003517 0.025680154011831678
0.046209147979530095 0.02599611352105375
0.04536366766210661 0.025629211659632424
0.04495966346425379 0.025405490493907282
0.04433651590954296 0.025542707984682493
0.04387835895754754 0.024738876465013823
0.04317526522811321 0.02466716387677965
0.04279593216366837 0.024680759133631575
0.04252550411988743 0.024851156917028584
0.04229262473540881 0.024041040647075552
0.041933804586513336 0.02405139653369634
0.041734047061932754 0.024078366483225304
0.04133176466363154 0.02404366615797659
0.04138727471379951 0.024087088069032186
0.04117428954809543 0.02448614712419181
0.04080669733407492 0.024204008340918615
0.04056411544125953 0.024020424540223084
0.040273639703535084 0.024117897961123902
0.0405099099300276 0.024285122809282206
0.04026017705355915 0.024533528560796544
0.040210734068663566 0.023944024298922686
0.039865333404852765 0.024259872197357465
0.039781408865984254 0.02399037997924422
0.039935917594270585 0.02402475078693046
0.039634830487443276 0.024058629975672676
0.03986514635699061 0.024097648575429675
0.03969102637977246 0.024106311698443215
0.03961784750077965 0.024145954787129102
0.039423149860675244 0.024394437603234665
0.03931239834188497 0.023497068271617034
0.03931752297369804 0.023954438648336816
0.03913636472115403 0.02483349318123993
0.039240583953066066 0.02425844517371996
0.03922324125897523 0.024312199054799068
0.03932404566837822 0.02417312669903507
0.03902217919545861 0.02416543618431078
0.03901738549447858 0.024444976030679914
0.03912535047973268 0.02472487994080759
0.03894080618127382 0.02409443577919551
0.03903561306884037 0.024445077011868415
