0.1709936344010289 0.08774966647289462
0.17077003460313572 0.08753557108492428
0.17074404397354237 0.08752445749616394
0.17074722103135717 0.08752325764119763
0.1707484076433121 0.08752311648178983
0.17074722103135717 0.08752262242386252
0.1707470105034297 0.08752288302584615
0.1707470105034297 0.08752291560109411
0.1707469913645272 0.0875229210303021
0.1707469913645272 0.0875229210303021
0.1707469913645272 0.0875229210303021
0.1707469913645272 0.0875229210303021
0.1707469913645272 0.0875229210303021
0.1707469913645272 0.0875229210303021
0.1707469913645272 0.0875229210303021
0.1707469913645272 0.0875229210303021
