0.18839030002181842 0.11056863273309064
0.18308414253564495 0.10616696974572433
0.17788564077546137 0.10189072175857897
0.17279730370766244 0.0978788659411183
0.16774311539621292 0.09415348802161592
0.16285114804173448 0.09043374751932064
0.15799535002341192 0.0866085522499779
0.15303193458392986 0.08330516063305142
0.14806815524855851 0.07997176932513092
0.14328855511421582 0.07629047115299628
0.13816529361725077 0.07223285245499216
0.1331053691574408 0.06881761879640269
0.12800058016496205 0.06615138479566246
0.12309613501196337 0.06229329290418674
0.11805508525735943 0.05987916743774306
0.11296715039028025 0.05660177807051828
0.10810538639461452 0.053377412792986016
0.10307194014885564 0.051067307114664354
0.09851691165925494 0.04794268366176584
0.09405534695596109 0.04560547522358914
0.08959090939038322 0.04294704459508822
0.0856805703497323 0.04126065844083519
0.0814105393749142 0.03911692670067229
0.07803073181225362 0.03807274486480384
0.07447685273570034 0.035742409220427956
0.07111772499338093 0.03468116677985378
0.06830317223751692 0.03348811397245669
0.06496615595857685 0.03175503975387932
0.062240240580382536 0.030945191055467784
0.05978236325328747 0.029451655818945276
0.057309499161277436 0.028554165512929226
0.055309359769999414 0.02749117790061677
0.05334154486752045 0.026839095964140115
0.05180408952329179 0.026279459577873653
0.04998710467882778 0.025376027056495273
0.04851861239372708 0.024889175390763102
0.0473987084300658 0.024785446914152267
0.04628049945515209 0.02461684767972755
0.04498772100354979 0.0240801979295563
0.04430878224807066 0.023668712328026947
0.04359120828297525 0.023867249214883108
0.04305588870117819 0.023173024213122295
0.04273229906971356 0.02316939360854776
0.04200350178929524 0.022251871590144814
0.04156457631333474 0.02192215686007104
0.04124746019821677 0.022303185573373557
0.040873437469356136 0.022236538624540118
0.04077477380231521 0.022094335449822953
0.040615238971579655 0.021922721950456154
0.040333454274451355 0.02173927526961204
0.04000022140192002 0.021975255126305767
0.03969368699621487 0.021836992748975964
0.03954513368155999 0.02126875592980765
0.03902296702091995 0.022009091767528063
0.03923168764800986 0.021564438462320604
0.03907891122579748 0.021117016349092525
0.039442483918099985 0.02190509895269412
0.03920567388002805 0.022171875561044392
0.03924954009305316 0.021535060505616658
0.038980285863587 0.02217941054906739
0.038959491128754485 0.02209051468356751
0.03920356472030119 0.02177207209057915
0.03907982096552075 0.02216389146777499
0.03884094007255241 0.02219200572593275
0.03897599093447238 0.022001556779505067
0.03894208158331331 0.02183780059895373
