0.18741766376693994 0.10972768113620293
0.18116920745160722 0.10456736744851511
0.17502566806688696 0.09954863115526118
0.1690115990091 0.09484481339490897
0.16298538732005924 0.09042491107014816
0.15710445627672145 0.08597677310743326
0.15119400178531153 0.08140182292817527
0.14510828354216104 0.0774167515857704
0.13900134442293927 0.07333706334346551
0.13309296796858147 0.06889089982543752
0.12681254627223518 0.06411692454280925
0.12068809226928848 0.06009713857865532
0.11452255633568025 0.05697331892974136
0.10871194338484771 0.052597248198098044
0.10289871612933672 0.04990260593036006
0.09722014950528546 0.04643875022269146
0.09193874651579262 0.04311595402232577
0.08654683409044107 0.04093706529848943
0.08193934713553414 0.037979438866704136
0.07754235958828129 0.03562864668065422
0.07322696611799849 0.0331834641703241
0.06959306825062758 0.03174175271217491
0.06565522634171096 0.029901767168994165
0.06273803100454264 0.029017321145089876
0.05976661039176342 0.027075953801360592
0.05691014736327933 0.026439939852588606
0.05446317254855214 0.02462926348422723
0.05206417453396811 0.024284485521429477
0.04997003508875689 0.02366769813239543
0.04829224042195376 0.023107174324951386
0.046806961044906746 0.023164152698675312
0.04541295729072692 0.022427233027889258
0.04443401510313499 0.021968840878402174
0.043536097208160096 0.022080058488446283
0.042461306758565576 0.021393185056349573
0.041991617715647 0.021506452636287178
0.04119613651351272 0.02108421817946101
0.040943913569287005 0.02110966612809282
0.04064714689534753 0.021165460374470375
0.04039525433028447 0.021569228918282245
0.04008273000671714 0.02132729605691096
0.039849283611569405 0.021471151345522556
0.03943262521236198 0.021213023721992665
0.039273530887176646 0.02081327959276118
0.039219207455437693 0.021487684622446473
0.03903134620258168 0.021731252065074935
0.03884393742553541 0.02122235647966568
0.03875339677660255 0.021106991726580454
0.03836699679940159 0.02109448556156573
0.03859419950718537 0.0213414880524302
0.038506502991913695 0.02140442752281811
0.03828097133235845 0.021472752210169647
0.03823732058400464 0.021996259225727666
0.03789832044043814 0.021699964399575472
