0.18898209052211024 0.10965359115467715
0.18272970398323315 0.10422921122594479
0.17672792321084788 0.09947094573496278
0.1710327666416195 0.09503248235316528
0.1651787632725326 0.09045657825901798
0.1594964218799112 0.08632888182743383
0.153669315034182 0.08244621359234859
0.14792758834337674 0.07799169951637877
0.14213074488252397 0.07393164453669235
0.13626080887246092 0.06969735448844588
0.13057045799446015 0.06574985633034276
0.12460242257484677 0.061963561352683626
0.1187835842038445 0.05851574468928237
0.11294323053259567 0.05511138182573309
0.10729760807414447 0.05140261382684605
0.10185437140254204 0.04853080449225553
0.09639133643414564 0.04566961412685584
0.09142919645619696 0.042980051920913066
0.08650689287678767 0.04089564340366216
0.08183758352118695 0.03861402394006743
0.07776344607465768 0.03656212605071458
0.07371064167661186 0.034953248579715525
0.06978303944373232 0.03346481243520197
0.06667148386853194 0.032115023462500815
0.0635280534191812 0.031301505720935104
0.06045523113974344 0.030396233282617393
0.058053570162401286 0.028758034063357172
0.05533352494708176 0.02856618309220301
0.05304452913204267 0.02799154166683674
0.051252768883891735 0.02667469913558402
0.04922592784180762 0.026095083057984206
0.04765059156236494 0.02572080956980228
0.04600443608465199 0.02490492408510618
0.04506434791777169 0.024705457006419258
0.044076620099230905 0.023925531454428443
0.043121275541337614 0.02388749874995918
0.04232114234023849 0.024091563130122617
0.04193903713055457 0.023433245503084454
0.041358766701167886 0.023852769193313795
0.04087996254285027 0.023997020821088035
0.04070994083225287 0.023037997159090908
0.040236062267638595 0.02333853312046924
0.040167195081673344 0.023239786805113363
0.039978063314492725 0.023667205629843695
0.03968227110099403 0.02350997260454763
0.039167913460570386 0.023534534949950746
0.039402373159679246 0.02369293723111367
0.03918308831789987 0.024037902258032914
0.03890121917988395 0.023380830951452835
0.03878791373836044 0.02321207012626943
0.03885544041464693 0.024000411663101923
