0.18716598787359137 0.10532674363575209
0.18115694665605095 0.10004817444835772
0.1751608241976972 0.09569709857912849
0.16925274069083782 0.09060620625361368
0.16327233127143556 0.08663602732950376
0.15756875650722685 0.08204301509371942
0.15166890272844194 0.07759864914355764
0.14572603426629102 0.07360552095726405
0.1397128973236159 0.06926176908961651
0.13377950261820187 0.06522242205568404
0.12752207672403235 0.06095736112867761
0.12132473741425771 0.0568878168398917
0.1153132368477462 0.053378604820372266
0.10933831072390984 0.04953427493752502
0.10351617045872122 0.04618675016122576
0.09762202007288094 0.042903751521915584
0.09214211209272416 0.03994632076907467
0.08650325552731504 0.03737023758561644
0.08163226129960803 0.03471645157737169
0.07692504344530868 0.033281131860434084
0.07246976531877757 0.031379711922749236
0.06879345487812347 0.029559542797273894
0.06472979218979667 0.028184590444003236
0.06181695649344684 0.02744188836366972
0.0588898575300098 0.026788320305550613
0.055906030859566386 0.026191604198923402
0.05353738593214111 0.02563966819981709
0.05131627323462763 0.02481937187885691
0.04943162722776825 0.02419928303182263
0.04754407689245468 0.023791036451441858
0.04661806023395394 0.023494392670551836
0.045171565906724644 0.02351085674378864
0.044187606220908865 0.02321616204856787
0.04340272939888535 0.022962273280617607
0.042591158592601666 0.02269930144769614
0.04197671369732974 0.022966630220031467
0.041485494625796177 0.022914143351765424
0.04116581753735914 0.02303816546453867
0.04089864802792749 0.023026574105475005
0.04052483176904704 0.0230964127224846
0.04046982177853993 0.02304852982259607
0.04033390686244488 0.022942266649165797
0.0401726424699902 0.023314571872637208
0.04011986694634983 0.023187897591759696
0.03980928083659971 0.023419154706193848
