0.1858522039915575 0.10720786333168443
0.18018054992082091 0.1020658295357822
0.1746279785615881 0.09746292162835493
0.16909271996710268 0.09271420511543266
0.1636440060450659 0.08845263097578872
0.1583117223810843 0.08395894188572249
0.1528659290305342 0.0801525891860298
0.14740414435413887 0.0759968442211819
0.1419479039757462 0.07197381887580971
0.1365253028354938 0.0681448667598437
0.1307270012943207 0.06428175913726732
0.1250110024152073 0.06035271001275369
0.11952037589842525 0.05665424834050009
0.11391035067388022 0.05328284399560875
0.10845455077512159 0.05016396802180978
0.10297315517936637 0.04674552429004908
0.09772891956397572 0.04406190163093192
0.09247535727111605 0.04138805927806918
0.08772051368045478 0.03881298884259208
0.08323990696457287 0.03660554079609707
0.07883616873265659 0.03496936626724443
0.07503093699134178 0.03338124585902265
0.07101754032035662 0.031504233987414886
0.06795155310054764 0.030373904238668144
0.06471882997578052 0.029284951878302417
0.061703780395392906 0.028635079674304145
0.05901057779284005 0.027405759408611438
0.056565815279541395 0.026278595305349366
0.05424997445218122 0.025961779772202202
0.052091020979700246 0.02507984659298174
0.050001256324521494 0.02441748182892504
0.04812548337852016 0.02391358825230202
0.0469640439155897 0.023575959882004168
0.045769635509614257 0.023033741214564633
0.044707102875818756 0.02289456616115941
0.04379906847366989 0.022619991619594534
0.042896473037437245 0.022284284766419516
0.042116192092632176 0.022820898109330783
0.04201717993141081 0.022455828747312466
0.04142950349442069 0.022699858723152305
0.0411753802603227 0.022584809234802657
0.040492009622832996 0.022611128891741467
0.040447894629917436 0.023292117798585626
0.04021593422436363 0.02307398242498397
0.039922653787144304 0.02246623381650781
0.03977127003377981 0.022772884470099983
0.03970785772385252 0.022765565432969193
