0.18641934724157558 0.10531060322504061
0.18069375055197928 0.10093130664165423
0.17534198565957843 0.0965658188201245
0.16995765782314093 0.09242224680734565
0.16471749624040782 0.08837885800510221
0.1594823848847222 0.08422426471345018
0.15427684658533355 0.08005091487764579
0.1491880768183424 0.07637938166594392
0.14358922453658274 0.07246576091767028
0.138175611133054 0.0690198905351144
0.13281015217148648 0.0652591578679409
0.12737307006579593 0.061624730343184615
0.12186263988074794 0.05826213065421625
0.11646199224039801 0.054743978693680834
0.11081981533533354 0.05096857421703463
0.10581755107034914 0.04790296475832437
0.10027569831511393 0.04490142988442495
0.09510435206526112 0.042337982804918045
0.09026914777773144 0.03996760912609921
0.08532900993010716 0.03745129999200636
0.08113064214815614 0.03536363337342734
0.07706435649029497 0.03389804718805578
0.07320467974162463 0.03247093898894476
0.06968749846672423 0.03069474679104959
0.0664058043917311 0.029879954793887505
0.06328134774632996 0.028537173315571207
0.06040955578087895 0.02794259515437681
0.05792762313584333 0.02715422527957168
0.05539783791251251 0.026355994683712455
0.05330215180687349 0.02589813452204187
0.05127056621114066 0.024976246892599738
0.04958763314966734 0.024801820144907945
0.04804200014136802 0.0237933543661075
0.04678484338508037 0.024111036296973806
0.045914172742527425 0.02367187907401359
0.044616465633770336 0.023732394257476287
0.04412398704136655 0.023016892940240483
0.04315210582393333 0.022801449988609914
0.042754704703354074 0.022681446165898636
0.042148557670488 0.02242005128925805
0.041677142453891335 0.021856538821833006
0.041307311548142406 0.022572999676480437
0.04083616465480443 0.021846148747039263
0.040715975000858634 0.02209961671894555
0.04052240851863482 0.022243359711642176
0.04036751412606961 0.02226937443264
0.040158804149933516 0.022402669724692743
0.04000751055967019 0.02230475268421746
0.039899352328984554 0.022107776807352507
0.039865816713135147 0.022362349051363792
0.03966265767441318 0.021509783979503337
0.039621597028603565 0.021872199651710434
0.039326784035348755 0.022362366473132438
0.03916614225441215 0.022262211405454067
0.03888493468781892 0.022065472732669917
0.038992843761192914 0.02180011909413836
0.03884671060217259 0.022358888820083325
0.039076215630857114 0.022056874419774695
0.038703627224476476 0.022264218929256598
0.038584163480775174 0.02253913175823105
0.03842129126275072 0.022664828478881686
