0.18864951778587818 0.10969230940622789
0.18563721162755922 0.10682525472840025
0.18268268490645592 0.10435171164427286
0.17964264768247962 0.10162334084552971
0.17670083741689874 0.09926339396748983
0.1738595139617489 0.096708844903083
0.17098503962631392 0.0946361000646666
0.16815501543134218 0.09229901708138044
0.16542976793541145 0.09002851790491245
0.16271771567721408 0.08799359348919183
0.15983501586339524 0.0859377105032803
0.15701195316177047 0.08353553882621817
0.15441162952031692 0.08155579865505892
0.15163164764203207 0.07963254353078296
0.14890389132731605 0.07770709701338378
0.14608509936301284 0.07548386391962549
0.14331589966011826 0.07371361229501515
0.14048643085251117 0.07161316738391792
0.13764488715754433 0.06971861087352428
0.13497104171977958 0.06760505538632772
0.13202584167614528 0.06611769858037451
0.1293869090372019 0.0641480193865101
0.12637280265776984 0.06193423195276574
0.12383022015095504 0.060643042613981804
0.12077716005084131 0.05905956137420686
0.11808031391566325 0.05719921974314368
0.11548404077171419 0.0551700166986315
0.11238187676804695 0.053831491109377766
0.10964552152482251 0.05221193284586963
0.10684266343249922 0.050750743216915015
0.10413244969799185 0.049388139290905776
0.10159665632292811 0.0475974526555453
0.09904728468436225 0.046358943112039044
0.09628383994364312 0.04554821401676357
0.09396332620190422 0.044349457208115936
0.09146196684345094 0.04289060740408478
0.08869941263764414 0.04175690690409307
0.08652662235926714 0.04087310888170985
0.08448879121050851 0.0399782972197504
0.08218910449494529 0.03905154843190385
0.08037096735149632 0.03844723129677275
0.07782370235465857 0.03739646908922334
0.0761494536290619 0.03642136661838549
0.07431247640561264 0.03584204809717125
0.07230818873855213 0.034926410104261084
0.0706316035557661 0.03482325270186898
0.06882687710204542 0.03394215074072974
0.06724410929349212 0.03387909691199676
0.06573336948075188 0.03291465994069464
0.0639820990608821 0.03240324491994053
0.062495901624274396 0.031993913195096944
0.06125530988623215 0.03138584208480031
0.05996454656030603 0.03145165404625735
0.05856248073380383 0.030792187750444927
0.057647580594750156 0.029837469013917137
0.05616004256795184 0.029528112853420975
0.05541539259528455 0.029031532916408736
0.054449435121256766 0.02910426179975598
0.05311031000420409 0.02864522971067911
0.052591774506295104 0.028501895868107755
0.05175497332148916 0.02791041403555558
0.05094609471522494 0.027549395512303235
0.05041828041806803 0.027865819725249822
0.04981868709184774 0.027283586543231285
0.04895977574454081 0.027186501350848127
0.0484983206618195 0.02650969012449013
0.04810568573409799 0.026202225794756753
0.04731416777080228 0.026719891143680084
0.04689868056815285 0.026118521054473327
0.046541992608828346 0.026275448551184726
0.046264298926486015 0.026101788742448652
0.045977110992900846 0.02585258794244119
0.04571691680036819 0.026050755190773402
0.0448963750594456 0.02539343171040414
0.04465730952588151 0.02582631551380245
0.04432700246637953 0.025315885540449792
0.044062393901862056 0.025266204067536532
0.043831003247139254 0.02538773732679574
0.043570651056477 0.025140269130710834
0.043460468906274516 0.025349978975580063
0.0430009050132864 0.024625620995471956
0.04298298898295321 0.0252732343373469
0.042827456581730955 0.0248790156685256
0.0426529739805999 0.0252655023899355
0.04231351260522484 0.024953698454115724
0.04226073165429136 0.024892995245346217
0.04212028568053567 0.02451132581054342
0.041923434374509724 0.024134376506987586
0.041889924407566385 0.02473502062975327
0.041802393443763235 0.025230054177283228
0.04170850425219887 0.024613870594414628
0.04148628227681548 0.024873550679517544
0.041254048965401434 0.02456715775750575
0.041212342247006886 0.024939009103414064
0.040944454024344504 0.02488364674069243
0.04072654108885953 0.024736491453955442
0.040775060878115686 0.024853539374088036
0.04084969344915624 0.02467708364998784
