0.18910537805673858 0.10759884800618633
0.1858805158062332 0.10530448148356535
0.18294496352643613 0.10288918108381455
0.17985499121126333 0.10047071796298634
0.17687535725325298 0.09821267448785789
0.17392152065997096 0.0957189707686523
0.17104235459639275 0.09324728816501625
0.16833186803279493 0.09122101317887647
0.1652883156413754 0.08896603593502986
0.16242206742610837 0.08713397346522045
0.15971367953371243 0.08506899534996377
0.15695600640847937 0.08299504368371795
0.154131654953462 0.08102741305111541
0.15143791942758522 0.07890408541225244
0.1484884910021245 0.07669591107980744
0.14599759827684336 0.07474631867843459
0.14298925373015328 0.07309022143250209
0.13997447900822818 0.07103813542604405
0.13728003434231056 0.06921355091539226
0.13425225552531253 0.0670820109228164
0.1314782817621141 0.06527013090191627
0.12856191459531333 0.06362306617295911
0.12577131437304967 0.06188882291369335
0.12285176565903873 0.05994066713816584
0.12009744657453929 0.058548378353899526
0.11723641149686967 0.056775823285243394
0.11419196788891232 0.05508560081493995
0.11153607552548427 0.05357341273857424
0.10848937991874866 0.051491098623377946
0.10569071083277727 0.050384333865328035
0.10319489245910447 0.04881018325856589
0.10041109614804329 0.04784801918028445
0.09769898047894629 0.04605458479197315
0.09518282703545425 0.04538102705282254
0.09249865531715502 0.043493078229466284
0.09009332896247522 0.042619440858359496
0.08762756279377563 0.041604105542168014
0.08526704642329697 0.040918768007140074
0.08334312074362647 0.03935165311463914
0.08125174218458678 0.039022494258642744
0.07897448268809 0.03827797631565766
0.07691386547406433 0.03742538444107621
0.07507819418906884 0.036727924035342197
0.07308035024311621 0.03574344401156025
0.07103642656897043 0.03533259850278714
0.06951664363175378 0.03479690323934684
0.06780762571634644 0.0341671572279348
0.06618392022274204 0.03370465215471577
0.06458294075085128 0.03354123060426456
0.06325810424404599 0.032718475518694834
0.06190091561862157 0.03215364569753288
0.06058182410444429 0.0319202744058287
0.05942631873981905 0.031147857510559842
0.05801016607829765 0.030669163593859784
0.05699230096240653 0.030831443348396607
0.05555657507746109 0.030385357622059163
0.054824632351137326 0.02986149039939399
0.05383145776653239 0.029393750754764622
0.052931453642020586 0.02897333131405207
0.052265101577986084 0.02895196686514689
0.051513767704735244 0.028772758512029577
0.05081298401682678 0.028757220974668728
0.05023923222596069 0.027617676488841836
0.04934561994478981 0.027491784108327935
0.04870154829420005 0.02795503429719063
0.04820626668204031 0.027121174844312642
0.04748294384040194 0.027242505401713177
0.04737967771770062 0.02706321396016078
0.0468276696937619 0.027233585456166016
0.0466298675372402 0.026796197212791476
0.046061055769226054 0.026839633702436107
0.04572060146881685 0.026694834682532278
0.04534336292453339 0.026899781688621168
0.045366548928976215 0.02661928317259134
0.04486643270667331 0.026356978343572972
0.04479574390246894 0.026361231935394892
0.04452428221995025 0.025722142495443967
0.04431162645446539 0.025545855638915115
0.0441146628081271 0.02517405365381554
0.04365951948057523 0.025941873882433745
0.04359056519457883 0.0255121431764475
0.04347182736112201 0.025899147664895487
0.04319047125843915 0.025587984155775186
0.04311958600327753 0.025805343501956898
0.043290297093645125 0.025242904483507706
0.04276989850787736 0.02553704558452403
0.04295788769950984 0.025611466019638974
0.04257071640316812 0.025629222822298216
0.04244890722669666 0.0253808178843879
