0.19071863998852695 0.1125184238346849
0.18760018628405145 0.10987930338311494
0.1845190989416835 0.10727143957776317
0.18143607720537763 0.10475992435740565
0.1783710778918002 0.10246610515042204
0.17540325793308362 0.10019153408180684
0.1725130052560356 0.09770715398925005
0.16954719630091786 0.09567429594970833
0.1666603910586107 0.09368933168046778
0.16392611565116985 0.09128921613984886
0.16099970321417365 0.0887022512380955
0.15810609886446098 0.08655971980925181
0.15525327000676617 0.08497039433479815
0.15249153961209772 0.08253300710472092
0.14960735825067661 0.08098461089758817
0.14666968419352702 0.07875702190213729
0.14382016870366648 0.07659517220437621
0.14087493901870993 0.07484024692513147
0.13804237341632508 0.07238786794154366
0.13521109102576045 0.07070160046975815
0.13217667811930023 0.06853479308164939
0.1294481771650503 0.06694521945294546
0.12629740375987958 0.06477548276575205
0.12370769078257075 0.06343123658672331
0.1206230410909706 0.061043555731905716
0.11780259896742434 0.059605793163130305
0.1151308753481143 0.05785460098695477
0.11194046601963169 0.05619109897030228
0.10915869262242836 0.05445285936705906
0.1062245330334729 0.05306493803998365
0.10357699891459432 0.0511243664082525
0.10093712576180647 0.04927961468506938
0.09831538994623841 0.048423763043850536
0.095540702942669 0.047039774422176064
0.09321146281244484 0.04521215073691886
0.09059377773269725 0.04464623227186036
0.08784675639292298 0.04308110183680755
0.08564229424790151 0.04192289042561345
0.08356373050437349 0.04127017731419591
0.08126622592618016 0.04042666864959895
0.07938914080273442 0.03953788262364383
0.0768445126108695 0.038418315842270914
0.07513633263730903 0.03717518982289641
0.07340257940131695 0.036286735568384576
0.07118956570289671 0.035947306408611567
0.06960067654757644 0.03451901685860714
0.06779712712239405 0.034450493917588275
0.06628038511523318 0.0338909627271453
0.06470798618942321 0.033027064954094486
0.0631345003640491 0.032190267243569916
0.06151363146340387 0.03156895373679733
0.060164161862730194 0.03154358266203652
0.05899451907672488 0.03025475849800993
0.057550072648941436 0.03049203442119553
0.05653212177963629 0.0294002905864692
0.05563998312595609 0.02892454921809401
0.05462483329737786 0.02907825919750282
0.05334447039894634 0.02871843283728953
0.05263471061926347 0.027726937925012705
0.05148084463530124 0.027829792467089998
0.050535505360224754 0.027418002067405425
0.04997089215933829 0.0273300583589745
0.049177895983079686 0.02665393782816781
0.04840928083140481 0.02629071822831503
0.047772032095770654 0.025915894719933545
0.04709115894635363 0.02606720947136153
0.04663498193237757 0.025701195438864458
0.0460470075730182 0.025589914441593378
0.04571074383077723 0.025112222904490566
0.04524037487711811 0.025407494094360418
0.044654631774132654 0.025317637979805165
0.04455221423370727 0.02498999075226213
0.044223721583944574 0.025143654877081215
0.04384047217904842 0.02494154672688428
0.04351106500145865 0.02402201924451316
0.04342608573509728 0.02441795474546883
0.043246134429729945 0.024085614165801218
0.042709091130562475 0.024391669276242377
0.04242874765267999 0.02425706447677518
0.042650197453740026 0.024761165560229583
0.042187853362060934 0.024422556388413966
0.042040614381901 0.023454487776827935
0.04204167734094608 0.02415172299753762
0.04188394283724185 0.02419337245165006
0.04177266730477407 0.02359275824614416
0.041471610489823785 0.023606754685324874
0.04145281239427867 0.024203892033998253
0.04145342048346212 0.024249649519884103
0.041446961331426876 0.02374295900077476
0.041077626156193 0.024092014927060777
0.04082754349436888 0.023380715833950193
0.040966321895102374 0.023709290942602913
0.04067937562207045 0.023815743721309054
0.04074777847305301 0.02305646724070427
0.04077997368304929 0.023394329252440286
0.040536723645357334 0.024041442709254023
0.040268762203918985 0.02349135756429396
0.04026238923775226 0.02351138792801645
0.0403081299934177 0.023553379942887406
0.040273449757545744 0.0236495936614413
0.040044315049875955 0.02345930250874884
0.040103828786141375 0.023492892344385275
0.039882347862406596 0.02335460569109621
0.03988916612222734 0.023420347686114826
