0.1902407291156296 0.10788001328722648
0.187163786899804 0.10500362975129536
0.18406462441817736 0.10293573129433709
0.18095371065041646 0.10006539589610945
0.177827964233219 0.09818237282970668
0.17497929170749632 0.09556035854663317
0.17201270440347868 0.09325289085780444
0.1690766053711416 0.09123365982128959
0.16620758819206272 0.08896616196170054
0.16343179660705537 0.08677321798626245
0.16046199396741792 0.08461652483258929
0.157523483433366 0.08239173855227606
0.15478006530193533 0.08063838668956258
0.15194678045382165 0.07826954723358832
0.14911584969071534 0.07627267910479396
0.14615682225318471 0.0742460697746175
0.14329001561734445 0.07233941879503203
0.1403108157765801 0.07024296813324198
0.13738953025477707 0.06836055856734233
0.13455656119855464 0.06687397083933297
0.1315555047311367 0.06473259348140623
0.1288607759676629 0.06262549071353518
0.12562289472072513 0.06087324640925214
0.12301811879899559 0.05896516211875667
0.1199264874755022 0.05735247017670899
0.11706680051139147 0.05577143051725671
0.11442146925526703 0.05417071540804016
0.11119058327719256 0.052321396864853896
0.1084188395700637 0.05079670152594623
0.10552530545688388 0.04920209970492906
0.10282084456148946 0.047508094514779955
0.10018602056283685 0.0462169582744952
0.09752044034786869 0.04497303714151591
0.09484446770884371 0.04357159568245057
0.0923968604544341 0.04258244556372031
0.08983070683794708 0.041679511267908566
0.08704200606320431 0.04056281005121003
0.0849516168544831 0.03960889549235012
0.08282277759064184 0.038676632614963694
0.0805305399467173 0.03797924270453434
0.07870185609076433 0.03721424829618423
0.07622058350685938 0.03607629987400763
0.07447386200085743 0.03543394855960071
0.07276379149314062 0.03456497124517713
0.0706433494227707 0.03424680065459743
0.06906987804691328 0.03332466053551275
0.0672843811244488 0.03311677073227767
0.065765594377756 0.032652206977392254
0.06414762983831455 0.031700697557672956
0.06264391019261391 0.03180870350686878
0.0610723000750245 0.030112171020399228
0.0600656655744733 0.030425303305962017
0.05855224728993141 0.030088374801768757
0.05723898843244733 0.029382618481823185
0.056167779274865264 0.029085244472458194
0.0549464828438878 0.028907864103536126
0.05421617103288829 0.028353916582868652
0.05330276212640862 0.028600342904433432
0.05215303083659971 0.02781884370378658
0.05135384290023273 0.027710973484790572
0.051027964807386084 0.027855561437438846
0.050275337036073 0.027208334694254804
0.049719552876959824 0.02729110297009818
0.04900089665758207 0.026746642990397338
0.04811948799608035 0.026955189727799492
0.04778878211507839 0.026489928319687054
0.04734417105585497 0.026197948228462463
0.04709131266076678 0.02635592460801987
0.046569423497978935 0.025845356459211273
0.04633260828791034 0.02592291540998599
0.046132113930058796 0.026441475352959327
0.04540515142699657 0.026012717224783457
0.04518345594990201 0.02548222116803894
0.04481512777131308 0.025897723884901486
0.044463335604483095 0.025348874390538827
0.044565078010166584 0.025192499627339163
0.04383610592234199 0.025827592090660302
0.04357163021343704 0.025744348759117595
0.04342992099461049 0.02547700912836628
0.04322063709578638 0.02578992424560938
0.042885500558855955 0.02501334933661159
0.042752954089600684 0.025501997058151073
0.04253488064980402 0.02590812624741483
0.04238240101359628 0.025431892409949853
0.042292438602400784 0.025461245422960493
0.042061245444941206 0.02537315923788861
0.041879727308917196 0.025359027009484524
0.04174985550128613 0.025113026880747142
0.04148294915176384 0.02514509449775396
0.041596519399191574 0.025026927785800457
0.041300454931712395 0.025147152167583058
