0.1920776079421558 0.11226411432142001
0.18875757553433914 0.10923382829847506
0.18560582864927117 0.10674625770093173
0.1826895702265539 0.10447023737849943
0.17957003394256837 0.10186903636989507
0.1766275120815653 0.09975907163975423
0.17365347025774006 0.09777789512854841
0.17078939339246424 0.09533039811844196
0.16795142649030528 0.09315669831395855
0.16512355058050449 0.09076205166903409
0.16249549934067067 0.08865767810785659
0.15956363441171126 0.08660419375088438
0.1568537137614431 0.08462937373975477
0.15399319560164723 0.08274107866277267
0.15111639948174505 0.08019535353025133
0.14846046372215346 0.07876606578820261
0.1455023257627102 0.07656511169242261
0.14273594543466622 0.07478110892396486
0.13978264194304474 0.0728697210436123
0.13683098830948942 0.07066509973624989
0.13414286113321153 0.06876170531418713
0.13116942361786402 0.0669489069626083
0.12815982351583372 0.06502991360432177
0.12538259441178493 0.0634504562053727
0.12234962771528268 0.061690747384948626
0.11973337487906156 0.059889976424400256
0.11659462542236367 0.05852501369942692
0.11389902592379773 0.056695303656173805
0.11089992927864215 0.05502866760275166
0.10829320149509371 0.053674254754577023
0.10560573618048189 0.05271118121544105
0.10283973954036028 0.05084538899909657
0.1002322731575613 0.049352855144249606
0.0975156091920576 0.04779386503776994
0.09501595911544279 0.04652484507147172
0.09249439086626296 0.04551880669402811
0.09033934050492103 0.0445273973019187
0.08796402449954817 0.04367286259602354
0.08545722823537934 0.042173392927966354
0.08309572499521158 0.041597491895143515
0.08107062014097616 0.04013473951870537
0.07930109940402523 0.039966922070414544
0.07713083581656156 0.039069515535201146
0.07523489950138987 0.038488525581957776
0.0732758225424942 0.03822583364967019
0.07119828193756876 0.03758389357696714
0.0695848502435344 0.036409742779866285
0.06806234299490217 0.03577705843030929
0.06636225058750295 0.03528976307559702
0.06494559324445279 0.034837760646266
0.063460816906886 0.03429312392088313
0.06201564195900617 0.03376651499504746
0.060748258402151596 0.033612149304024896
0.059217856774516735 0.032903545702512735
0.05831543716941449 0.032462106436978895
0.0570252433655754 0.03210495457504735
0.05596994330780734 0.03145807173890712
0.05509178716769556 0.03159252553399703
0.05419938661346604 0.031350633069141036
0.05288402288191989 0.03088282442640984
0.052502761785665174 0.030075083871786288
0.051476065662509334 0.030132661751029965
0.05066194224054102 0.029972734122440732
0.05019358398590975 0.029814010295914423
0.04964460810269085 0.029318973935883622
0.04902091858878968 0.028923103760360884
0.048317321268957256 0.0286994251130309
0.04825954746004735 0.02921345125129936
0.04757787310887897 0.028503976022686454
0.046994183060884216 0.028532014246893778
0.04667881556919643 0.027845166776704275
0.046264792320470885 0.028235041858509665
0.04635516521448462 0.027666228110679803
0.04573261717215248 0.02728094501555153
0.045212643299765244 0.027936238521734044
0.044953850592229984 0.0279689537694088
0.04484170340862211 0.02802143741343255
0.044655053622689275 0.02826125444912487
0.04444668230425163 0.027506297824690874
0.04421393721054583 0.026834626764173253
0.04391530810447116 0.028005862393806057
0.04366781021015048 0.027631325823054085
0.04333849566248477 0.02744720522761968
0.04327044381335455 0.026994259421396074
0.043302524919763184 0.027356011242203826
0.04294352251910459 0.02740391352914925
0.04294906680958274 0.02663041622702646
0.042690859226129085 0.027112157616371146
0.04223255839116278 0.02716850777695462
0.042298874052444306 0.026678188301386713
0.042070819543589405 0.026896368788742762
0.042048642381676785 0.02660474308854983
0.042156453891761946 0.027150099969250698
0.04172701118465641 0.02702195218364273
0.04166713668437156 0.026799538458568715
0.04171925109642661 0.02700111285521568
0.04148336935395548 0.026852625332323778
0.04144603172301047 0.026870023328142686
0.04134718891811056 0.027016140450504506
0.04125145878148083 0.027251333610723343
0.04131484882235433 0.026809423985443063
0.04112153725486946 0.02755404598245385
