0.11442312477033317 0.05727024482166485
0.0891280124632533 0.056377324699995
0.08448775684407153 0.060923835769324856
0.07560369361679324 0.06354690874795688
0.06620893269996325 0.0607177756091832
0.06471135664196473 0.06432318776511908
0.061406824167074964 0.06289994260675646
0.057040135235485054 0.057955362007427506
0.05414144797280745 0.054316744815410406
0.05333177670259676 0.05381838152616861
0.05399834161409848 0.05557099501659513
0.05215480596980647 0.05331705931857098
0.050219872496631554 0.05123727089610946
0.050270925519047036 0.05221260639510318
0.047727059154519844 0.048438220998821384
0.04691580892485301 0.04807481696185343
0.04496999977033317 0.04589484336430907
0.045083005420137184 0.04806558187905844
0.04317199557508574 0.045067879975934276
0.04289558676047281 0.046080674295471226
0.04212506411532337 0.046153099930089175
0.040745350203637926 0.045438887618695516
0.03947844337564307 0.0450516113541852
0.037033604085007346 0.041879827325994316
0.03798654439459823 0.044796202407997074
0.037069113926231016 0.04515097671886119
0.036052804710466686 0.04523397573604424
0.03580399419325698 0.04587240444767668
0.03450380959854238 0.0453609051896974
0.03229768505404826 0.04245787510093983
0.03281683256905316 0.045047973784830324
0.03187486602768251 0.044642048190866285
0.03175501343550956 0.04513458865453628
0.03159432321012984 0.04586490128223125
