0.08428149599362117 0.047803943857237165
0.07977588552340946 0.05871673740429446
0.06761218661286013 0.05507843465334707
0.06464413203705702 0.056083410815002434
0.0607342287138525 0.05322473858783918
0.061189510352416696 0.05578882474664962
0.06222953438027074 0.058833024643831756
0.058007408384038714 0.053569646022419676
0.05848959916599659 0.055160525158266305
0.05268517723338612 0.04692873618449764
0.0537342938703691 0.04910785418128259
0.056355009819826336 0.05385253107840673
0.05833959266183637 0.05747709363641009
0.057675094827438274 0.05687749902119332
0.056353937284573635 0.055229468882579104
0.056712355583128225 0.05609179950759292
0.0558172770337107 0.05503126916182385
0.048269841672346 0.04338191334004745
0.049990451563388674 0.04629164869886037
0.052567595768204904 0.05088396967563693
0.05291419223846074 0.051855401856245584
0.05052599618606464 0.04852551707577448
0.05111924224771519 0.049813939337808796
0.049861780849791135 0.04824473593625707
0.04793251975916374 0.045902105867177835
0.044848607435549824 0.04096596447933009
0.04707892055302369 0.04527518731114383
0.046842919704495084 0.04543762045191522
0.042914735400956576 0.03973348481675772
0.04637365680281531 0.046543282503286855
0.045407020042006606 0.04597408678372757
0.04367055673925994 0.04416249871822935
0.042436485228431624 0.04285842115979787
0.04055523924277785 0.04061366636381778
0.04126351471028065 0.042586525021371474
0.04158456185862392 0.04429914269827481
0.041119368845179846 0.04447822375244443
0.04063482231614907 0.04471952948486803
0.037755900686759644 0.04066181907768445
