0.1972669655901906 0.11363581308932283
0.19070538944834484 0.10816878381870136
0.18354156273900807 0.1023510021078827
0.1768008262938304 0.09711667071984435
0.17001899118366606 0.09190006478751216
0.1634274624267042 0.08704944309683962
0.1568312703310078 0.08217961163245877
0.15016709116135865 0.07744549541115803
0.14359868758518493 0.07306148932517355
0.1369356383415536 0.06900187419166741
0.1302276218726712 0.06458808459027901
0.12360521166310402 0.06054104028087139
0.11716321616626138 0.057121635790549276
0.11064085228749118 0.0544849958443414
0.10452995384079855 0.051832060785229485
0.09889800039099271 0.050199170647301686
0.09412002204389905 0.0485207092479467
0.08977479578598113 0.04909088167150745
0.08648160725579503 0.04926550223880494
0.08435430128745686 0.05016084285772517
0.0840510406350506 0.050061819955659156
0.08408623112755433 0.049892872181890036
0.08367287929356566 0.050393000988307506
0.08362633208701856 0.05072602257527856
0.08347568805216996 0.051356819943568714
0.08338872205137571 0.05178681877252277
0.08311436069322149 0.05163934233334531
