0.17287078526491043 0.09031346134091453
0.17274798594535792 0.08994725040341453
0.1727384704848833 0.08991271483694706
0.17274470541362172 0.08990589063452412
0.172744916441979 0.08990517845140522
0.17274654711564907 0.08990431745390326
0.1727467965127986 0.08990455130507663
0.17274681569719472 0.089904583193873
0.1727467965127986 0.08990459382347178
0.1727467965127986 0.08990459382347178
0.1727467965127986 0.08990459382347178
0.1727467965127986 0.08990459382347178
0.1727467965127986 0.08990459382347178
0.1727467965127986 0.08990459382347178
0.1727467965127986 0.08990459382347178
0.1727467965127986 0.08990459382347178
