0.18907668663400584 0.10397959082151326
0.18283985747281808 0.09936658523213815
0.1768771013544345 0.09485282475806363
0.17084851020793673 0.09053384501800457
0.16463929917644693 0.08612244413541026
0.15814421846174415 0.08145533993397867
0.15134625828582224 0.07674410237215659
0.1441612897241085 0.0722008106600897
0.13652272069358035 0.06763004079845863
0.12927876892982257 0.06341148013287974
0.12192082769598944 0.05960719840463343
0.11490674271816674 0.05660514891849091
0.10835965520614586 0.05409520275036229
0.10259948314807274 0.05351217388164467
0.09834523704749966 0.05383786982608851
0.09483711168258002 0.0561414457636434
0.09354998417659412 0.05773723152679277
0.09287614781023688 0.058319949483946844
0.09261954452816812 0.05935820112658912
0.09224295283459757 0.05896517138646144
0.09256491199610425 0.05999454596791015
0.09253949795031696 0.06015240863402699
0.09305486068349754 0.06064514985680056
0.09237824525481816 0.06103422887585357
