0.18676932390504675 0.10805432549838362
0.17904850613409556 0.10134115986440373
0.17135132353916196 0.09589096064021138
0.16384542855792275 0.08967337879059996
0.15636568190859265 0.0841509992758267
0.14922186362749 0.0786676569626083
0.14162174448471632 0.0732398383586675
0.13417995416310605 0.06823050705907403
0.12684927986381228 0.06336706700286812
0.11934033456359029 0.05903309789197198
0.11202180398703933 0.05421362185635994
0.10496892933573491 0.05036642990723507
0.09826276468327637 0.046797074411273294
0.09172205585513908 0.044206324955678826
0.08585579365693266 0.04211035409234451
0.08058800788002908 0.04083872455954344
0.07625680911771422 0.04024227119746087
0.07299940417102536 0.040920266869258315
0.0710868349844192 0.04088427239035696
0.06944822377047973 0.0414107139000117
0.06904638261328923 0.04167541216907083
0.06836015676414181 0.041998963869228384
0.0682809875574611 0.04256425921985888
0.06833980691595945 0.0434421843578906
0.06812173308918504 0.04273646137765043
0.06762828164443119 0.04347105169080351
0.06752907913210406 0.04395468514873275
