0.18447465525827725 0.1042829761810008
0.17688258281529057 0.09813534327724288
0.16941819391154594 0.09240224125639492
0.16228698583130532 0.08675034075907365
0.15508316756066864 0.08168640619167727
0.14796874885004319 0.07624973154394651
0.140798988467313 0.07136958859495762
0.13378403143889958 0.0665604621355173
0.1266341078113654 0.062023538749958834
0.11941878038952564 0.05752993928261681
0.11264253523161051 0.05347051709267412
0.10580828433495083 0.049573401459989244
0.09919774795522344 0.0464455775253052
0.09301496676471455 0.043956178323091406
0.08737237779178851 0.04198528847961586
0.08235026718863463 0.04075946603490581
0.07807628974557436 0.040165903696837126
0.07427437916131042 0.04040491964158287
0.0717243690723559 0.04075448876961702
0.070463810360467 0.040936082564902894
0.06951261878287343 0.0415088031071258
0.06786814698564118 0.04228149070987671
0.06813392117337301 0.04191327760911838
0.0680327920537677 0.043277206434299796
0.067749557688274 0.04303818780928196
0.06748442076828155 0.043725565031377624
0.06736503608411183 0.044192629247437915
