0.18415865384615385 0.10288665125408623
0.1753028539931406 0.09591993499196651
0.16672772614527193 0.0892140976030872
0.15818186167932385 0.0826957579122237
0.1497006197176629 0.0766788218670777
0.14108604659174423 0.07085888463393412
0.1327180590856198 0.06557729680689602
0.12397769552302793 0.060074034417530245
0.11553476964416952 0.055109349461005604
0.10722604574963253 0.05072601323788583
0.09962098274436551 0.04720980839847225
0.0923031181099951 0.04433805869156261
0.08636935976543361 0.043214709409677435
0.08110635296729544 0.04325574879289161
0.07786304584149926 0.043484714781553
0.07645533650018374 0.043883129066259616
0.07515175714263841 0.04409495233068515
0.07466944723021803 0.04392546874478796
0.07381372776059529 0.044731581259868126
0.0735233953944145 0.04494056776311766
0.07341133233555855 0.04491581600388054
0.07309222941419648 0.045824964028239525
0.07285242375061245 0.045820273192534136
