0.17171590088671085 0.08904707235815416
0.17149252626792053 0.08864344947009789
0.17149509269156094 0.08861008890741007
0.17149984249053718 0.08860513661172
0.17150204501828825 0.08860350203046281
0.17150227484727099 0.0886034642678595
0.17150252382866893 0.0886033887426529
0.17150248552383848 0.08860336716402245
0.17150246637142325 0.08860337795333768
0.17150246637142325 0.08860337795333768
0.17150248552383848 0.08860337795333768
0.17150248552383848 0.08860337795333768
0.17150248552383848 0.08860337795333768
0.17150246637142325 0.08860337795333768
0.17150248552383848 0.08860337795333768
0.17150246637142325 0.08860337795333768
0.17150248552383848 0.08860337795333768
0.17150248552383848 0.08860337795333768
