0.18379444053160215 0.10254953001300925
0.17441008160828025 0.09511692255464997
0.1651671400355218 0.08785145326433519
0.15585419792687408 0.08071617095246898
0.1465129398119794 0.07401373767700087
0.13695212020761882 0.06751905847456803
0.12760662282582066 0.061572723850154554
0.11788431873162665 0.0554642079245936
0.10853654382043117 0.05007900366302148
0.09954100127082313 0.04543088768071879
0.09157771542748652 0.04207026222553399
0.0842140609688878 0.03960981845770881
0.07863631491915728 0.03913014521698069
0.07475922782183979 0.03920274458625439
0.07216294478809407 0.03958504498163972
0.07133533558151642 0.03911482127742228
0.07059259305334395 0.04040371796941019
0.07052529588743263 0.040015423728401306
0.07008921599399805 0.04062516450500217
0.06984177869304263 0.04089188520604235
0.06950203446533562 0.04078798645269275
0.06900350911777316 0.04125171953875534
0.06890240786532337 0.04246519638791752
0.06881348852431406 0.0430919550169704
0.06871827726910829 0.04302241772100438
0.06848156253827781 0.042913057184414474
