0.18392954869146141 0.09814014846375353
0.18013380162574522 0.09478353872120401
0.176515203978075 0.09214513378595353
0.17313289492714543 0.08943487166683708
0.169784349597731 0.08673160473365095
0.16673121289246354 0.08420813998696995
0.16364069287216623 0.08178114511539121
0.16059756271510728 0.07953468649303867
0.15748287376880196 0.07717124741955364
0.15453859298701267 0.07487519638336797
0.15145595372190737 0.07258964352359779
0.14848838497337818 0.07037158665152712
0.14529466823533593 0.06797884444191889
0.14211562138423675 0.06566464694346646
0.13891569005309656 0.0633559171327821
0.13556748944687402 0.06098163983912109
0.13224753699109665 0.058849587050857244
0.12896987058018905 0.05665532784450168
0.12549781859164183 0.054265797159298176
0.12203074593808833 0.0519112100186262
0.11845897319064755 0.04982150077482479
0.11502093389036515 0.047921174315542645
0.11146994986652319 0.0457594783473951
0.10814826421914221 0.043756663778201824
0.10468576872352525 0.04221131601728312
0.10135038990491156 0.040399066289490845
0.0980938952433715 0.03910627388726455
0.09496973598493391 0.037759198626318206
0.09226079581110762 0.03686949031952628
0.08942036289087013 0.03617734743758567
0.08668325117175243 0.03570250061488548
0.08432005878373078 0.035884445616833766
0.0823060135352114 0.03580272986267327
0.08060673886344917 0.03588913336296068
0.07959449751309029 0.035938512574753494
0.07856319584291409 0.03657570060673306
0.07786529416532251 0.03666552073718551
0.07716623862260256 0.03708687004032681
0.07654864787307322 0.03748865873095927
0.07612108578306401 0.03731848572014835
0.07577464855087562 0.03791581306686914
