0.17559424378368446 0.09205487096379648
0.1719028088253307 0.0891786828793531
0.16833064750734933 0.08620390037776864
0.16482562545933366 0.08364456087175881
0.1614420971643802 0.08096454635970302
0.15808614802792748 0.0784196051132889
0.154749854544341 0.0761256778691931
0.15153195431161195 0.0737447312793959
0.14822619694696226 0.0715555606035125
0.1449671385044096 0.06921951356381205
0.1416182994702352 0.06703743886277463
0.1382039766811612 0.06484129165462106
0.13482007517760902 0.06242745492280622
0.13130507219194024 0.06068459771914195
0.12794429048260655 0.05874324324206936
0.12452654182998531 0.05674287870332792
0.12116098496447819 0.05508877819192259
0.11780984926200391 0.05393370876234211
0.11472819887616365 0.05264468448396638
0.11165383084272415 0.051630557293867306
0.10881512011575208 0.05088255359192926
0.10614499441144047 0.05048874056099615
0.10365499448799607 0.05059937153225627
0.10154974392148457 0.05096487124350927
0.09985183618630573 0.051317992360539716
0.09849090710742284 0.051647626723795255
0.09735508979973052 0.05151789579881805
0.09671420451065654 0.05163572589987602
0.09587646603993141 0.05248191682835572
0.0951993221000735 0.052207644098998175
0.09479566350747183 0.052037139821998424
0.09376936856932876 0.05260136483339541
