0.1919943249095393 0.11341692563900367
0.18794908583223832 0.11003662238846783
0.1847747262277158 0.10721831298957597
0.18128722463423483 0.10429506671076763
0.17811704025623173 0.10226642729348043
0.17497127520764283 0.09938337121389981
0.17181225668771696 0.09704915681069913
0.16577999283546452 0.09243924925009943
0.15999334913228833 0.08805346274009247
0.15652239522556335 0.0851895199324399
0.1532212370560317 0.08300118786044944
0.14741721253603718 0.07876751451119741
0.14137947109302987 0.07463673346662597
0.13503058908845536 0.06992164626651715
0.1286744578947175 0.06588997587163857
0.12519078678428192 0.06361362456601058
0.11915572667940634 0.06014480577333668
0.11547762024958814 0.057677165303357564
0.10954783139500676 0.053906472259893715
0.10659492159154425 0.05198255933087602
0.10374315569289455 0.05075635365510927
0.10080768416349604 0.04880833200121255
0.09770008987845417 0.04760975236708945
0.09491707157426112 0.04583636656948802
0.08957480220917748 0.04271096089123542
0.08666948615755359 0.040992562838698184
0.08156415132124085 0.038643197539587296
0.07707417879806183 0.03634224389790856
0.07260704074193698 0.034042334122478236
0.07060812710523348 0.03391982684271146
0.06695063825040695 0.03244411555494713
0.06340042686136961 0.03042153703548977
0.060126761983896035 0.029276089384211487
0.057348637121793423 0.02801456218771406
0.05463405039720577 0.02708404039312467
0.052247463147688716 0.025766567899836487
0.051233237423145186 0.025098442251614426
0.05013298862561043 0.024474029514042338
0.04916950722521034 0.02540548458439903
0.048638832104105786 0.024681130419861454
0.047240083339053524 0.02436220095902339
0.04569324331136373 0.02375361075223451
0.04430228479120497 0.023146134542243017
0.043536892033392005 0.022705528578910807
0.04305918770470101 0.02257226974651842
0.04280181754888309 0.02274947076250939
0.04219806159937683 0.02191790856719965
0.04146495981363627 0.02195448299716129
0.04158310627506668 0.02224306885758242
0.04074917181126076 0.021688144704742188
0.040421756484854576 0.021408465424042532
0.040627261900238285 0.021918626056662376
0.040186119532215285 0.021661430360235382
0.04020161862423758 0.02129710890156485
0.039961559857732795 0.021525669755374288
0.03970598763489429 0.021470834409387705
0.039796995123948305 0.021496808337136925
0.039699241196630645 0.021816805940182656
0.03955476495236718 0.021348271834380386
0.03956577040896689 0.021713634461970513
0.03949548104508448 0.021023637523115028
0.03925431862065225 0.021639915117004513
0.0391217839072827 0.021733498939971358
0.03916622708681652 0.02200483403400585
0.039387217229911106 0.02205237445423328
0.03913323465753643 0.02145253977675267
0.03909966526174763 0.02131063735419751
0.03892084394887868 0.02147563430600017
0.03910474065178274 0.02167118929585994
0.03902565554120742 0.021564166032111073
0.039089804161957724 0.021746316646463315
