0.19142552287481626 0.1087080109397238
0.18769274788706516 0.10546137713554639
0.18427618584639882 0.10296882774625846
0.1808403700698187 0.10013602989208993
0.17718962441817737 0.0970861397271393
0.17381643113057324 0.09451265170510141
0.17059569834027438 0.09178718929294165
0.16776474843826555 0.08957174667958326
0.16191823478074474 0.0851039374093105
0.1585483333843704 0.08253453215168287
0.15520460443716316 0.08013240079229952
0.14923868316695246 0.07624358940837095
0.14554698026396373 0.07368843039251523
0.1425888810632043 0.07104860830722681
0.13660183044463498 0.06726232208702577
0.1328797923811857 0.06498929186449252
0.12970666761085253 0.06294632433063511
0.1235906494977952 0.05872347006656122
0.1200695603411318 0.056452144615337575
0.11403997351175894 0.05307871708770681
0.11100355792197453 0.051366029992856034
0.10530878705291524 0.048128348952658
0.09901382977094561 0.044613601855590365
0.09350140479544342 0.04132055918149434
0.08770186757410584 0.03872215109477156
0.085054679844439 0.03763450971385207
0.08012225452443655 0.035597107118186824
0.07524057121968397 0.033291927840526876
0.0706770434606198 0.03187606369042986
0.06870390873805733 0.030925602107853084
0.06628322035001225 0.030739499716291308
0.06458318341193042 0.030030130258426827
0.06321385235485057 0.02992353590330902
0.060212872443042624 0.028610536242439068
0.05729169696992896 0.027190008402676626
0.05604850084976727 0.027483809993182652
0.05349486886024008 0.02637651487933086
0.05135614913798383 0.025326799230841933
0.05049799424301813 0.02587268980684876
0.04874697126867957 0.024970876642487434
0.04794317564153601 0.024613672761046743
0.04647932232974032 0.02411293962251629
0.04535528980126163 0.023617822999653922
0.044312090427486524 0.023540625091210694
0.043601400776273884 0.0230688757795474
0.04281302631981872 0.022884494446919198
0.04260045052976482 0.02301676895584082
0.04175865939643557 0.022913231244822706
0.041397202083843704 0.02258791038731709
0.04085487735791279 0.02277367345337935
0.04084148012616365 0.023084205148313802
0.04093006453637923 0.022739614674341338
0.04067937840672464 0.02282639649219306
0.04049913779244243 0.023314411711001435
0.04030674397507349 0.022766535402171405
0.040620641114955905 0.02310149446116544
0.04021040352462028 0.0227234600659601
0.039995999969377756 0.022782058865123533
0.040071617773150416 0.023136501994300115
