0.19130233223509902 0.10963245621679035
0.1873521347185151 0.10623195211979075
0.1813900110763841 0.10159200443527139
0.17563231142548033 0.09681620983966055
0.17179588297058074 0.0938530082173283
0.16852212838915276 0.09131351472957469
0.16290961078714697 0.0869838728671038
0.1575195714984888 0.08262558961697754
0.15209413270563069 0.07876732184810294
0.1464651419721361 0.07490174765748507
0.14103296634889015 0.07095230775287359
0.1353948430416266 0.06754184912529641
0.13182257883490667 0.06512028224937698
0.12858063972558043 0.0627948728152995
0.12548124734743293 0.060731862019763855
0.12275314727849684 0.059306300337654244
0.11764189585561693 0.05595571898878008
0.11167384035287421 0.05279252082292673
0.10859621090760112 0.05080832610874923
0.10319333043441996 0.047658036133327114
0.0980979005008292 0.04516364090391983
0.0930453927056552 0.04235086955317248
0.08761471202627912 0.03960560621579544
0.08495184325812513 0.03839663732204709
0.0826162138698899 0.037527971855684884
0.07838258553685504 0.03588982707227489
0.07584856463922635 0.03468945649142176
0.07353072604133956 0.034491054709799865
0.06983647537313799 0.03216018020091148
0.06667856935864915 0.03148309790395003
0.06480014363727357 0.0306510878388207
0.06321261386872461 0.03066243075034582
0.06014396846113085 0.029572747366386078
0.057347819697196434 0.028464141261403807
0.055077574937319684 0.027301404381099872
0.05268584682207132 0.026881145756713288
0.05112308424859675 0.025508889326118698
0.049756010785981686 0.025438237353575664
0.049044297716768395 0.02533576251039517
0.048471302980810746 0.025438824333165456
0.047111349667524484 0.024412518663270683
0.04616161470190666 0.024155930854640566
0.04556721639458177 0.024027883535358664
0.04477315683387141 0.023436596748302466
0.04377081613509018 0.02321973861300336
0.043772632108573094 0.023206029021214374
0.04299556315992189 0.023284770054953725
0.042657547726274704 0.022703633458338365
0.0424258026775288 0.022623252098074115
0.0425430168181952 0.02305009347073709
0.04244247705146164 0.022757544451347873
0.04239946866628314 0.02285256009727544
0.04249671189012423 0.02301423143004567
0.04232802759865709 0.023327622245280663
0.04235607696216366 0.023294373469886265
0.041912188837016466 0.023773984039644355
0.041498089385070554 0.023181568858034265
0.04147796514066885 0.02268993726790988
0.041394727432634 0.022489964846837674
0.041164577948979944 0.022864712450974607
0.0411780084863747 0.0232789190209605
0.040987839168265365 0.022635819893948708
0.040453420692231075 0.022008850644431758
0.04080830215928159 0.0225699254043823
0.04069810754672198 0.02240578822128052
0.040660834571197964 0.023302936939244193
0.040427043557604556 0.022346674820125867
0.040334711607694834 0.022462430411559427
0.04017586903003748 0.022017855018550057
0.0399166999068075 0.02187140093062478
0.03971880431629394 0.0221091718889803
0.03970832293900138 0.022285161235306106
0.039797765622393434 0.021851931434093953
0.03965550398467706 0.021982504909829642
0.03965683122651022 0.021841682073585434
0.039636405118442485 0.02208474924960958
0.03942823418456715 0.022749208805118402
0.03960431892733868 0.02186257077419295
0.03939903007275087 0.022271163514266425
0.03929264708791067 0.0220339634538681
0.03942863187796842 0.021898028093797345
0.03943694750324441 0.022144433548721427
0.03943736436259273 0.02234694418747187
0.03927140403134997 0.022534468084777905
0.0392893002344072 0.022479210255038396
