0.19399105961098342 0.11370534973250827
0.18721254100856513 0.10825433202920912
0.18088949833878476 0.10294371006672327
0.1748205338111936 0.09819339551563588
0.1713781816937274 0.09565360169923916
0.16843725213760216 0.09310858874983673
0.1628044448557579 0.08863837475645463
0.15934221770391324 0.08645199384061521
0.1534759363213107 0.08169460529153333
0.14784378130893447 0.07784361326084117
0.14189397106563334 0.07372645607645692
0.13607159317354728 0.06963387452447427
0.1323512783407247 0.0675381534567115
0.12906587376790135 0.0652132954426403
0.12316885898271747 0.0614800209037438
0.11964722734829286 0.05907283133224758
0.11617199317588009 0.05701510045055893
0.11022916605276599 0.053386421163752286
0.10454945292241277 0.050400274549781215
0.09874916586245679 0.04754237936000631
0.09632426778531648 0.04607005768725782
0.09289286036583569 0.04424555880481131
0.0902912548160508 0.04326326429366401
0.08543239403460436 0.04064095555926316
0.0828885335171352 0.039971370557508
0.07828690671103941 0.03771812946528186
0.07406941866061606 0.03558960811305403
0.07198930734661077 0.035222002040712894
0.0682414772936557 0.03345258308179451
0.06648990835537237 0.03324739196415937
0.06313102274931734 0.03162528330006694
0.06014422330207351 0.031140307855290515
0.05848963628226662 0.030357793995994427
0.055837216063263695 0.029048567572274468
0.05433295317533986 0.028167923914352307
0.05232135893207066 0.027559684984611744
0.05159688898926165 0.027609936412889672
0.049512878446745345 0.02727274162268564
0.048688817507587814 0.027150615504791992
0.047462944187833964 0.026539267417405466
0.04629064329424014 0.025574628669847724
0.04549173309839354 0.02551021595858232
0.04468583978235993 0.02579482080877471
0.04388620537555988 0.025001701267286278
0.04387619112078619 0.025370938983041623
0.04309313682833127 0.024656162242032393
0.04259681252025872 0.024519268954020266
0.04171797053798572 0.023680713192505604
0.041392027647937785 0.02335984280864273
0.041249180634441794 0.023788348509849302
0.041292969018581545 0.02387967005045063
0.0410163060460622 0.023535951343989465
0.04045628474677825 0.023942849728256433
0.040438783781419435 0.02391099547808364
0.0400001373602762 0.024188494441485166
0.0399876699008489 0.023048640044879016
0.03975215026385451 0.023014962818513802
0.039983868992367985 0.0237396038271998
0.04013315237076163 0.024129842972763736
0.03994909247830475 0.024493260983181765
0.03987717976945574 0.02353377227623759
0.039453199819144864 0.023489404330889717
0.03953122515620703 0.023812400634510515
0.03913404820532276 0.02406576243646051
0.03960846153497883 0.02374059503728693
0.03928461693825633 0.02321010365049335
0.03916439791998173 0.023864113632622017
