0.19077094430866606 0.11131166256397572
0.18706913431273534 0.10818938075505173
0.18352346477143475 0.10460664730928877
0.17747259603834914 0.09994306048193204
0.17138394181317657 0.09485182814434472
0.1683855394902632 0.0921362278779404
0.1627121043497019 0.08770341741604396
0.15945395310171204 0.08574101407915027
0.1561391906451012 0.08252023832512104
0.15279274238177068 0.08015578451787451
0.14710484801843918 0.07617702423408759
0.14143384509150944 0.07196873441196222
0.1379516429200904 0.06949223348687046
0.13271957794850173 0.0660412535045018
0.12913925415077365 0.0637109390113056
0.1262693569732752 0.061198571565760966
0.12056909087761315 0.05825377100973868
0.11743671571643591 0.05607743156980954
0.11197553430562637 0.05291438229226543
0.10894080198854722 0.05089938012289419
0.10324339901050655 0.047866594593222164
0.10043653829889983 0.04615872210734381
0.09738005969380001 0.04517514553009346
0.09476777607271729 0.04360566275845917
0.08950649581061736 0.040977302607943494
0.08784667279303617 0.0403314920377512
0.08282970551753216 0.03781973451196747
0.07841637727793085 0.03580590090567795
0.07429948225640787 0.034054106100734824
0.07052526123889531 0.03266986081825367
0.06864994313599437 0.03246270669910821
0.06686254381048742 0.03122781619276729
0.06322569498493637 0.030063859894370965
0.060237959929682595 0.029311005707380836
0.05865091659598565 0.028265608634719337
0.05606996927060862 0.027775861958037176
0.05469805714775112 0.027414446717064247
0.05366582185226359 0.027664233147992573
0.05172971277204022 0.026331507193987386
0.04940257747232409 0.025622202897181475
0.04807897447454993 0.025097080874367152
0.04736367385141297 0.025143224272915193
0.046118658165741684 0.024593068552303955
0.04511891303108821 0.023430917724350294
0.044658678843004784 0.024437587590954688
0.04389522709291408 0.023962047186933476
0.043168325576806166 0.02338953223968927
0.0431794524753883 0.023261308754380195
0.0424479546500554 0.023986284750529215
0.04230005403727546 0.023325674180475105
0.04163356047272121 0.022972938151674976
0.041559502440333775 0.02353124412749823
0.04149042374294007 0.02343190547051175
0.04149220481276475 0.023687129902848093
0.04134565436581964 0.02351644412763641
0.0408665705220917 0.02321674952795449
0.040561710737100916 0.02296829088694812
0.04055168982542605 0.023213314006469424
0.04061923641974476 0.022890647561633632
0.04038810430741587 0.02303116120000083
0.04027069733365038 0.02305445149883517
0.040270788302270454 0.022869464994362397
0.040218624980389084 0.022778657117748496
0.04023815929459523 0.0229270430390473
0.04015594520724452 0.02232723013436284
0.040057622492406894 0.02313643443023606
0.039947916730504296 0.022678171487760326
0.03971972194703949 0.02317110270124718
0.04001909967571506 0.023414914077526695
0.0397368815014794 0.022644806717831128
0.039998557524954896 0.023200081986169914
0.03976697056952561 0.022689905696257628
0.039875587101898334 0.023154362292942498
0.03977209593309367 0.023030602556680005
0.03953912050925268 0.022804047051865936
