0.1913838809941262 0.11157746349880812
0.1847238260377377 0.10626592739082637
0.17859911165502712 0.10115326044659961
0.1727328878256129 0.09658407425888736
0.16938087502946722 0.09414205149215757
0.1664494801182127 0.09161891425706417
0.16082957434275794 0.08720379878900808
0.157430933871847 0.08508590969296957
0.15160447929558582 0.08036683553272488
0.14606999204384724 0.07660698699685432
0.14023954711319347 0.07257371329131836
0.13454281742348342 0.06857880180781413
0.13090054471406962 0.06652700224225008
0.12762299615145667 0.06422231389188218
0.12178575994457705 0.06053903035609326
0.11833828559334728 0.058177866947356105
0.11487549250181714 0.05614753917134709
0.10901595443445014 0.05256492856569466
0.10348522732435074 0.04966255381978459
0.09785546076929122 0.04688375347460325
0.09549951141179966 0.04546629647600738
0.09210630971718824 0.04368401038775416
0.08952399407770018 0.04273130867963716
0.0847326240017975 0.04018120149501481
0.08225701197351878 0.039577498746557714
0.07772879905526825 0.03732773353313577
0.07363489208853921 0.03525693355973528
0.07162685655074993 0.03495202883325442
0.06794364434001994 0.03326375888889569
0.06607906971640244 0.03317497782240508
0.06325548151913406 0.031603638779531575
0.05998117032336604 0.030428209773176267
0.058211136403818954 0.030285642936810183
0.055940830986698 0.028906115004095373
0.05467158174732094 0.028905780171733498
0.05237314241329267 0.0283949694870989
0.05151189252226004 0.027805632641405977
0.0498375743510456 0.02700786265044709
0.049038055050622247 0.02685330828404601
0.04755502449310221 0.02647968320139025
0.046601579190424625 0.02617538967683979
0.04590470120533258 0.02610724597639923
0.04474443852030292 0.025759360467212535
0.044146235476644764 0.025620466157228263
0.043938478058882895 0.02533382042406827
0.04327911036430094 0.024974348652200887
0.04277904509898534 0.024443918385600345
0.04216244901554888 0.024541697407466367
0.04182186363516374 0.02420176283817431
0.0413972410075829 0.02471471007216562
0.04148985367984343 0.02410794599925712
0.04134175014181106 0.02418761749958502
0.04070683296008172 0.023851549446852686
0.040679802145951204 0.024047726664714223
0.04047032292863773 0.02377925754548448
0.040385086656684645 0.024003595227939416
0.0402189377960536 0.023962347069836295
0.040409206238704226 0.02408857621286273
0.04039281796832027 0.02398577204816892
0.04004877939663386 0.024139319260084682
0.03985099786485345 0.024411750562263256
0.039948540926916354 0.02371544540655069
0.03972460626712783 0.02397576428090849
0.03957371139946026 0.02374378391692382
0.0396168331258349 0.024176265088077707
0.039541608710606 0.023920684357380376
0.03953486779341997 0.023925690898410287
0.03947959754820348 0.024383420024089223
0.03935877661950068 0.024680235625891184
0.03928447065723593 0.023934646335390542
0.039223104570152885 0.02472724502653828
0.03951135012182859 0.025020781397113646
