0.1697400909701522 0.08633764514579004
0.16944353326869901 0.08603971283639072
0.16949154554881157 0.08608664427285992
0.16938313010496744 0.08598598052471149
0.1693064483460641 0.08592057877477505
0.16929346377250354 0.08591196973036236
0.16925313115905435 0.08588000021935521
0.16924918599363625 0.08587325871686527
0.16924838163952188 0.08587111590142212
0.16924912853977095 0.08586900007357899
0.16924897532946345 0.08586659817717546
0.16924719425963877 0.0858661609780548
0.16924499186146846 0.08586620415821487
0.16924598772846722 0.08586604763013464
0.16924589197202503 0.0858654754930138
0.16924602603104408 0.08586528118229352
0.16924539403852565 0.08586494653605302
0.1692453748872372 0.085864935741013
0.1692453557359488 0.085864941138533
0.1692453557359488 0.08586492494597299
0.1692453557359488 0.08586491954845298
0.1692453748872372 0.08586494653605302
0.1692453748872372 0.08586495193357302
0.1692453748872372 0.08586494653605302
0.1692453748872372 0.08586494653605302
0.1692453748872372 0.08586494653605302
0.1692453748872372 0.08586494653605302
0.1692453748872372 0.08586494653605302
0.1692453748872372 0.08586494653605302
0.1692453748872372 0.08586494653605302
0.1692453748872372 0.08586494653605302
