0.19130656787776992 0.11151429179320141
0.1843183638257799 0.1059559045125283
0.1779151111958294 0.10064446407093565
0.17179891468499528 0.09590623537367207
0.16838714249494147 0.09344660999134666
0.16541712939430103 0.09089386932362417
0.159541840937721 0.08634332213738952
0.15608147467229982 0.08421555282927606
0.14993168628386278 0.07932609151523315
0.1441310443125786 0.07545934110433537
0.13799332290929986 0.07135974401715157
0.13199615598418102 0.06724277816554554
0.12821114177544987 0.06520178358715115
0.12486696580511845 0.06291647299537673
0.11870992571494873 0.059182438440166754
0.11516589629805614 0.05684427748321034
0.1116579910990541 0.054905677829956354
0.10551800593703344 0.051312628958292514
0.09984848931321703 0.04856619574142557
0.0940641540786333 0.04589499350999216
0.09181217455590425 0.04458774950644647
0.08845889558961477 0.04302135322701013
0.08598747535188787 0.04227137922700877
0.08124169699336005 0.039813045340936305
0.07891457219103606 0.039348988946577845
0.07447211352343382 0.037217249483316464
0.07050292911196812 0.03527530150644375
0.06859440303684386 0.034943498580225746
0.06499894025395843 0.03342164829191702
0.06352420694775951 0.033300298134735014
0.06019246726221171 0.03225573809127781
0.057619499219732244 0.030530671133309116
0.05598703180864961 0.030869930723078032
0.053368040399882626 0.028911201267116205
0.052352207441028704 0.028735039583775525
0.050292364441522276 0.028018314968788097
0.049682027267319365 0.027849524912208018
0.04792185892347605 0.026824095489172434
0.04739678200172138 0.02679762778818628
0.04584733506484019 0.02666596160537895
0.04515313809910567 0.02608231956723757
0.04478504709078609 0.02594218425159461
0.043850728631038324 0.025367720872008066
0.04331032817288425 0.024862349884554054
0.043180061327142756 0.02518603445469648
0.042461289149980846 0.024775248294672206
0.04208836367383948 0.02486269003171532
0.04132714122416706 0.024184101759785352
0.0410374904154757 0.02382475754310345
0.04096686785726564 0.02402082580757739
0.04078799734395873 0.02464860991209237
0.04031512116404163 0.024228095011775894
0.03985158538698457 0.023845182317177704
0.040033074570361614 0.02469448726046837
0.039922073654421804 0.023715320508764914
0.039635178204622916 0.023967765507819302
0.039465590540987694 0.02460463526189971
0.03947569592164295 0.023764944790714254
0.039494012223836784 0.024134158589872324
0.03960121942544422 0.024122184346835815
0.039277480342900364 0.02436630902743763
0.03902663716950657 0.02462445149144326
0.03918445760417281 0.02389906375344229
0.03917166161196198 0.02424120662188289
0.03893542016206364 0.024382683924373042
