0.18827897865719131 0.10918868840436527
0.1846608406404436 0.10618670652137867
0.18118704588464857 0.10268678182757782
0.17523032488552126 0.09815889944826119
0.1693233589337543 0.09324099227316944
0.16641431652268984 0.09060618208624426
0.16079423687171518 0.08627004120769036
0.15760575801106055 0.08439679950380814
0.154316533797581 0.08119132571900148
0.15097805247024043 0.07886218788516702
0.1452958747665075 0.07492020090519433
0.13974686554692403 0.0708079707466506
0.13633172161196855 0.06838712904788093
0.13114141602481763 0.06498089990389824
0.12763205732639435 0.06270656309070459
0.12478905813350624 0.060213572741988526
0.119152403042389 0.057299807926012004
0.11610062607860057 0.0551734765089566
0.11070972989635629 0.05207175385374292
0.10775979948447796 0.05012386984567065
0.10214806021961778 0.04712574718948974
0.09941748866550146 0.04546616091760258
0.09640423451840485 0.044496909358453365
0.09382323452698463 0.0429404022249182
0.0886158747174802 0.04034425717257003
0.08702654759263707 0.03973224047514757
0.08207064420031573 0.03727327609256168
0.0777967325527166 0.0353297964608159
0.07381077489024014 0.03363897204188268
0.07014647269271405 0.03229090633601488
0.06834127703242665 0.032120201669483164
0.0665852570930244 0.030927981257565164
0.06301049674458739 0.02981293998424097
0.06013152185636963 0.029138873396807017
0.05861158463735733 0.028158905061681994
0.05608134992376255 0.027706107108214317
0.05481622059740989 0.027089704925785395
0.05380874791787192 0.027510052988965222
0.05186176569363822 0.026445667440915723
0.04990583502988214 0.025571760373947094
0.04830653008376314 0.02513326854726051
0.04764412053146817 0.024712712679560378
0.0464698736443952 0.024518528800994043
0.04532504313636208 0.023965587960058696
0.04498238828364008 0.024018308236736438
0.04420813520687068 0.0234914832963596
0.04361301370650053 0.02407798321794443
0.04323134289140944 0.023579770531129786
0.04263558939852085 0.023498761852090336
0.042268669863348665 0.023024246976870635
0.041788609303910415 0.02357408964132141
0.041731715613785005 0.023166660542280632
0.04184552214532427 0.023512271844670255
0.04171343570897151 0.02373786928968291
0.04156840300163506 0.023593237343549643
0.041034455504356075 0.023422063092777237
0.04077748830392513 0.02345537118874635
0.04073279877235645 0.023271008097834497
0.040596364993528394 0.02273424632312301
0.04076834835151837 0.02314386681528702
0.040450733808428285 0.02314401524708724
0.04063501229359508 0.022797265067975934
0.04030730023367636 0.02311965623929132
0.040379084050561856 0.02321866025003731
0.04024960697725869 0.022829777029743877
0.04024110859301459 0.022957571412212316
0.040102276115309754 0.023279865428167557
0.04012656473687049 0.022873901755808942
0.040221861548135 0.023294967689149827
