0.18735189437305105 0.10968279758485062
0.18327920988473004 0.10639889686588519
0.18009090732192237 0.10357407072059506
0.1766076575646218 0.10072162392831889
0.1734236259904097 0.09875578911497923
0.1702720960648375 0.09588112712264672
0.16710499522568592 0.09360023351530736
0.160751813503893 0.08889574681741096
0.15479361204132264 0.08448195124506971
0.1513160409751368 0.08165643458360494
0.1479369228994244 0.0795251186479417
0.14181681649473415 0.07517731592219816
0.1355621356444527 0.071037310013106
0.1289793930737512 0.06633849310036238
0.12243355720719175 0.062258502757231084
0.11890208166835003 0.060117336176763854
0.11262424554805939 0.05671207724010352
0.10899500650569241 0.0544080297622829
0.10291217070103356 0.05064947469845159
0.10008571471910609 0.04887477799904985
0.09729765932970837 0.04781651340947885
0.09444783740120419 0.045996248037207775
0.09145273482699699 0.0450750212376881
0.08880422393494185 0.04349975963563533
0.08364808731724 0.04063263937464784
0.08094901404898605 0.0389982927850727
0.07614409920981731 0.03698563504096832
0.0719844196634323 0.034925658057598716
0.0678123820211222 0.032760674063763644
0.06598391530372973 0.032788494313081416
0.06260084225427298 0.03138345843472413
0.05950894337350948 0.029195992205280793
0.056329494014640415 0.028085806733499426
0.05391775964393055 0.027323897659978787
0.051675672579196 0.026478142120485406
0.0494140452628263 0.025102118710778682
0.04857347448714429 0.025066106673873354
0.04789492835617731 0.025103664280185223
0.047088300448381026 0.024349353581914552
0.04675928110719959 0.024818847936772196
0.04519220176471886 0.0241089244813533
0.04417051617444449 0.023588037920731504
0.04309790910018582 0.02225336995629723
0.04238612874069652 0.022252999073586237
0.042252679499499894 0.022433202216539657
0.04188855856931152 0.02203286737229939
0.04118399388225892 0.022346855326762612
0.04082744773229275 0.021570618042617968
0.04077107738617643 0.021897104070109488
0.040416312410826355 0.021880983484493077
0.04015674212130925 0.021689224984929485
0.03977416305094604 0.021619171309812512
0.03944719541224578 0.02153229574358925
0.03967885584467361 0.021900781877938147
0.0396869261936398 0.0215211234076697
0.03937342988499971 0.021836952289043855
0.03924393801159932 0.021783882344761606
0.039367959476400545 0.021999860159685317
0.039331016861479925 0.02234150922106668
0.03907820258643408 0.021894483615173266
0.03928437594229883 0.0219003165887189
0.03926181200310974 0.02187287801142735
0.03910587064428112 0.022009223936639618
0.03922848440656318 0.021837480965490073
0.038991964048771546 0.021812362090972745
