0.18658204081945126 0.10483464022332548
0.1828251508145517 0.10161833397499333
0.1794450483831455 0.09914206135126645
0.17603361556834884 0.09643574232648773
0.1724032719867712 0.09342965501161937
0.16902223174914258 0.09090801049670043
0.16577577627388534 0.08822980934011408
0.1629374578944145 0.08603064349231676
0.1568216407398334 0.08150458424949408
0.15343482055365018 0.07897669071617595
0.14998937790911318 0.07659577127241872
0.14370519582925037 0.07267885287871376
0.1399416167779275 0.07012906334956247
0.13690968926077904 0.06748433326024895
0.13059493278417442 0.06368188971706269
0.12682968864833416 0.061527623419362104
0.12358452504899559 0.05949037827072863
0.11720220824657031 0.05525760484365271
0.1136842578699167 0.05314056119594767
0.1074562484688878 0.049927143286267454
0.10449409182079863 0.04837134944397961
0.09874519613547281 0.045349180815037915
0.09257463215029398 0.04211414108452816
0.08729533814612934 0.039215959278507774
0.08176989871692798 0.03704438195112358
0.07943412006981872 0.03625207319736396
0.07474600284021313 0.034527468990969964
0.07025743737751103 0.03249421431021087
0.066031242344439 0.031333210756294756
0.06430876504317737 0.030497218595028686
0.06215054756400049 0.030417938585320395
0.06099728514668055 0.0296708198442851
0.05957224552915238 0.02934789055290012
0.056720051445369915 0.028558595009576256
0.054037117030561 0.027114743292278677
0.053041315148824104 0.027559466006556052
0.0506730529994488 0.02601425640524929
0.048989370253552184 0.02526331007257939
0.048794507517760904 0.02501428858959427
0.047255132096705045 0.024291313536500957
0.046901579150845175 0.024148503649470177
0.045393328369977955 0.023916969645428415
0.044585910705536504 0.023548402431659735
0.04338946135472808 0.023117475334890922
0.04270138910154336 0.023539164634260753
0.04177388917809897 0.023020778425943172
0.04163985465917443 0.023006317730455545
0.04130928753521558 0.023099963424511597
0.04090247102370162 0.022793370619975595
0.04051050151580108 0.022873815194798246
0.04029773912144782 0.02280115338963263
0.0403026769582925 0.023511546253203668
0.04007284027054753 0.023170203802912626
0.0399115280308366 0.022826562083036826
0.03984041026151396 0.023053774437516678
0.03986201569007227 0.023049376779042875
0.039793735263045076 0.02300894003791585
0.039730062526794466 0.023030477706021506
0.03935240174087457 0.022908130503913895
