0.18688700009186673 0.10506178742730941
0.18319858908010778 0.10189785131927148
0.17987927180303773 0.09947132109917052
0.1765357820921117 0.09680663324127713
0.17296652988731015 0.09384059176456036
0.16964558580352768 0.09136051869523884
0.16646314995712885 0.08871287312123344
0.1636670711354728 0.08654590247683075
0.15785635679507595 0.08219507092196117
0.15453931704740323 0.07969712489992883
0.15117543483586476 0.07734839523035826
0.14522831753735913 0.0735749762330991
0.14156853832373836 0.07105662181822352
0.1386287263443165 0.06845455444531388
0.13265174278846154 0.0647510636469962
0.12897827925955413 0.06257719247923524
0.12582290582128858 0.06057942853112213
0.11975341438020579 0.05641749540993039
0.11633604850563449 0.0542727465138404
0.11039227094561489 0.051034739721162826
0.10747472707925036 0.04943576195850383
0.10190842609321411 0.04633146570026185
0.09590041837640863 0.043045779602995465
0.09067031135166585 0.03996836063891962
0.08514881453637922 0.03757528519846752
0.08268521672893189 0.036632926708819326
0.07794033829924057 0.03470299257075865
0.07335031272966683 0.03258746367208348
0.06906735171178344 0.03131932555685432
0.06725253399069084 0.03049424881825687
0.06491970273456639 0.030338240526596692
0.06329773337977707 0.02962132446962284
0.06199003437346889 0.029545312843125945
0.059221080161379225 0.028615479536316102
0.05649151381063204 0.02749868602308169
0.05537042867313817 0.026981944864785792
0.05289153409786869 0.026162069307445017
0.05100432347807447 0.025370357766564558
0.05030468175832925 0.02600618045836067
0.04854391229789319 0.02474673450512726
0.04844659097868692 0.024860232098207338
0.04679697547923812 0.023728003346650674
0.045668426169769724 0.02366388440026102
0.044586867650661444 0.023617366946182564
0.04387411099797893 0.023033499060269247
0.04301699438847379 0.02306131017821006
0.04299706600624694 0.023499311532992905
0.042209155668177366 0.023007547446065812
0.04156694501010534 0.022746565417873545
0.04111901335129838 0.02264423299102973
0.04105080230279275 0.02290383871499594
0.04117531043299853 0.02270533465507764
0.04065092842816022 0.02271892260538049
0.04095417955352768 0.02329821095435226
0.040803714286807936 0.02277118008960886
0.040736201808243507 0.022979937208820717
0.04042387884309162 0.02275770343806985
0.040289475900293976 0.023028333168864525
0.039944202922127636 0.022878329581243886
0.04014744610485056 0.02302967961244663
