0.18820220114184577 0.10912277389002807
0.18450870280509687 0.10605946538471105
0.18096705503436814 0.10250144178554453
0.17474323101540437 0.09777199441905067
0.16854564426159985 0.09263987046988305
0.1655972459527965 0.08997558982371441
0.1597171205317746 0.08548829679485763
0.15645181627755333 0.08360007697295332
0.15309467201963053 0.08034822229871827
0.14968491917237017 0.07798992706180083
0.14369021159262726 0.07390974197954435
0.1378422603361802 0.0696818699548301
0.13432653383435147 0.06723224867937798
0.12883607010352113 0.06374965002480268
0.12522827378252963 0.061457841439343276
0.12229123218776965 0.0589114696177485
0.11633376428839327 0.056017627048121355
0.11321476630218956 0.053870795850075724
0.10755209418573011 0.05084674350777658
0.10455799132707091 0.04887548284054983
0.09872595479131531 0.04600908666016316
0.0960225397642032 0.04442163824318237
0.09303362690471054 0.04358803445811317
0.09049385006165182 0.04214563359630626
0.08527775726461995 0.03972692931545974
0.08376075498056068 0.03927406659175197
0.07882576000739086 0.03692877128177369
0.07465952647903103 0.03511991659406642
0.07077577924294497 0.03356019523736652
0.06718551113869578 0.03228546833460686
0.06529443631323296 0.03165129211879173
0.06332710584503451 0.031321093434784834
0.06075611240182283 0.02927816449689241
0.05735111864973917 0.028475515489068855
0.05588640417093613 0.027880206814831037
0.05337238581082572 0.027182922795082852
0.05272389924522474 0.02721621469849194
0.05169458452122392 0.02713924876193845
0.0497566608564211 0.026464164741982998
0.047795296014570915 0.025375700857177993
0.04647124774934058 0.025208723178211774
0.04619116015594358 0.025103398671536468
0.044983590026989526 0.02468949254848614
0.04417744047932764 0.024373578401180304
0.04385778632401897 0.024562769573739276
0.04307664835905632 0.023966886063620612
0.04246963390856654 0.023971309331267135
0.04232432350754775 0.023377714369631843
0.041373179555126295 0.023163416632755847
0.04136390554370048 0.023453533333183643
0.04092561873216632 0.023225366668647197
0.040979974876573774 0.02313366010495197
0.041017583219242724 0.023281287674689656
0.04074048801466407 0.02340403267719065
0.04062513022876137 0.023811173008911002
0.0403556045709376 0.023181657551622745
0.0401350463637372 0.02296750284902696
0.0401195553653024 0.023088075349724752
0.04023862371333984 0.023244471190715366
0.039884736629949305 0.023161368273912828
0.03981080068702566 0.02244831000194138
0.03999727199471854 0.022857139757424223
0.039655004955587395 0.0235091142954656
0.03983564230204002 0.02271584077989587
0.03958849971257746 0.023141729397363867
0.039686944516878875 0.023079517581752133
0.03966042716412624 0.022949928523881048
0.039445319892397336 0.022912464337505805
0.0396164749571624 0.022856983229343993
0.03953151265992092 0.023234790738581094
0.03934684157334116 0.023355627717759276
