0.18868700459860066 0.10753282754383124
0.18482127141066276 0.10422265933767345
0.178911777459129 0.09969177728542727
0.17334610143171159 0.09508846355996399
0.1696296518053402 0.0922349922773856
0.166337517080692 0.08972019481675687
0.16076392551714325 0.08545472938943659
0.1554884794258925 0.08120609607090122
0.15016585635598 0.0774334469139733
0.14463675853850608 0.07366985707674172
0.13931550583380764 0.06980155436912656
0.13379358566350363 0.06646840550998759
0.13030697407414676 0.06410493621209709
0.12708049230111573 0.06179541007048129
0.12397811961820207 0.05972948849944559
0.12124002450787981 0.05831861470844129
0.11617386097543324 0.054998127454700396
0.11034364696386867 0.05192023698923019
0.10736794202500344 0.050006479825827774
0.1019584205511697 0.04686826715648604
0.09699839803348184 0.044473135804284046
0.09209570086341824 0.041745551541675356
0.08681782069689223 0.03907445133329171
0.08422678589827881 0.037925850208040575
0.08190159236821189 0.03706274630628486
0.07767858676132906 0.03542275749567039
0.07522796169079839 0.03430742122744626
0.0729634283831423 0.034120193500207216
0.069328055504276 0.0317916963926711
0.06628697072853905 0.031197528313107927
0.06458837429683974 0.030550566914000748
0.06277933409526917 0.030266798466009517
0.059854773486104844 0.029395911054076827
0.05723490352015583 0.027872774066184623
0.05520963789546249 0.027077818762831
0.05287596343382627 0.02661192314540609
0.051109040400896415 0.02552839634645892
0.05002683999224776 0.025663471339185732
0.04906479569713756 0.025403948632606654
0.04858841650025514 0.025507827938367294
0.04712270549115116 0.02442077658160927
0.04604394536999784 0.024827156757064598
0.045878931357390636 0.024067653412771166
0.044702856140094796 0.023339002680615173
0.043836612831310226 0.0232603822591203
0.04356514635730477 0.023408212666768673
0.04320811830418474 0.022730165471851395
0.043034043590110004 0.022847293362599903
0.04268375715886454 0.022673756465245148
0.04249137896535778 0.02286958786592361
0.042514560178313836 0.023583365768199433
0.042454848670281924 0.02292082930792201
0.04240507949728181 0.023437055074831483
0.04249090460816831 0.023465222054325212
0.04214435074511069 0.023909348501757917
0.04176692054135674 0.023064934137352066
0.04162724391074863 0.0227568449003299
0.041527350994727985 0.023116950177987223
0.04132154705531323 0.023059209076147516
