0.17274495481077126 0.09002617517442746
0.17267391499194562 0.0898864597279367
0.17288135586717154 0.09000941229713623
0.17267124836088518 0.08982395768705373
0.17278610534044475 0.08993149733800831
0.1727918414748841 0.08994361508062848
0.17279535221937373 0.08994328556306601
0.172796368992368 0.0899448374844893
0.17279776945328462 0.0899453370756324
0.17279918909859737 0.08994878106564023
0.17280051282192951 0.08994873854724508
0.17280126101337812 0.08994883421363419
0.1728019516516384 0.08994909995360392
0.17280214349559955 0.08994913184240029
