0.18860744675239927 0.10747152436037129
0.18465820753316783 0.1040943493517258
0.17850572770494377 0.09939485674224377
0.1726995382080054 0.09462656690851155
0.1689135928576335 0.0917233176125011
0.16555546977729477 0.0891799966961894
0.15975405260117168 0.0847810966026672
0.1542637849924195 0.08042726796477033
0.14867510024556946 0.07651008245460433
0.14287772708427374 0.07264296978780135
0.13728509415233156 0.06868553195124495
0.1314933078646007 0.06528808872498298
0.12786377580809766 0.06291544753596796
0.1245513826774184 0.06060733121747651
0.12136579145241694 0.05856218711575619
0.11855732856750338 0.05718454333824159
0.113260426198531 0.053817564084662636
0.10714718864689027 0.05073894994572556
0.1041379145517683 0.048896316482755685
0.09855414587033638 0.045801127541155257
0.09349769947304379 0.04359280311347269
0.08854523792146685 0.04093524632000785
0.08328643745522835 0.03847543196122843
0.08080399691259592 0.0374755725361395
0.07856310959211185 0.036780736116790905
0.07445015964467254 0.03529768259814685
0.0721613526650786 0.034259157567750415
0.0699867411894908 0.03418604242514793
0.06642625924871941 0.03181907537216758
0.06342071293029851 0.03118510257165461
0.062033261274483345 0.030460600900708654
0.05990290876211901 0.03051371317263251
0.05750006439758209 0.029440296360044683
0.0549129394521667 0.027913460596655157
0.052882724221647893 0.026896862872304805
0.05100912831892872 0.026387889921696602
0.049034432045524795 0.025803121556386407
0.04842259751787186 0.026090272507767215
0.04777212444096766 0.025541599366821096
0.04742361085982425 0.025934470970894904
0.0463446255387931 0.024868004103861103
0.04515179449228946 0.023704562311994994
0.04515990647937806 0.02388920893720221
0.04399678265080074 0.02362219218983291
0.04360151374183071 0.02349476133313389
0.04333211239861981 0.022757713308490142
0.04278702807305262 0.022695517594421056
0.042549308040314114 0.023193447823979283
0.042366369075729104 0.022924351185460764
0.042277324085738324 0.022991173049173603
0.04216333461566296 0.022972365579851352
0.04203941239352933 0.02280948544436424
0.042020548310146115 0.02343357876191842
0.04198150727600681 0.02346616819037634
0.04179122775370194 0.022904560056277994
0.041488880147513396 0.022916712409977166
0.040915717709519066 0.022053235950399614
0.04087076877220183 0.022139830181390523
0.04084363937415363 0.022721071308617766
0.040735222403182836 0.022423025051152456
0.04104003762505397 0.02301904251846429
0.04043785315174033 0.02249423720056429
0.0402983442231689 0.022476479057769
0.04021224599753694 0.022776668192777863
0.04020498689509205 0.02271073617940206
0.04048360705883363 0.022856492056445417
0.039926620680148864 0.02202802397089559
0.03990678152920952 0.022671001145526854
0.03977210721078126 0.022466247119029125
0.03969792301698379 0.02232016960933383
0.039314055450764676 0.021921137399839304
0.03936582986097482 0.02167380725104089
0.039475741775815455 0.02236894252072858
0.03924887685633697 0.02252567411201942
0.03910972249778595 0.02276185432888388
0.0391530039977099 0.022316050031116887
0.03915256797241453 0.02245788064967051
0.03889746202995898 0.022585039458751427
0.03897163184929617 0.0229405025051324
0.03903104149366205 0.02209298170536322
0.03872819078136346 0.02274980382552449
0.03889001605953035 0.022472472050980234
