0.18764530937432583 0.10990854242738532
0.1836481811640746 0.10667541622588718
0.1805188488877503 0.1039026916838375
0.17709546958044872 0.10108815854527577
0.17397100201759202 0.099161909729511
0.1708735776650356 0.09633351232088011
0.16775765207937007 0.09407656020403372
0.1616886538947126 0.08954169772550877
0.1560193570396311 0.08529091252230367
0.1526198320654945 0.08250351990620028
0.14932097218579007 0.0803746099878331
0.14351031135391948 0.07618216800672839
0.1375771133694277 0.07215752145606384
0.13134842234660907 0.06756237907335491
0.12515227127726078 0.0636405708807948
0.12173984715146895 0.06144674165269522
0.11576315403199709 0.0580727501515683
0.11220267216029438 0.05569986144792956
0.10637293552285787 0.05202123363131408
0.10352150479147464 0.05017993988366184
0.1007325109337308 0.04900830116966535
0.09785938051589559 0.04713923032995625
0.09483298289520779 0.04603043937716822
0.09215296628010453 0.0443324924716474
0.08697905622107219 0.04137150786549711
0.08422891303761595 0.03973147260946753
0.07932430987719165 0.037532019450804865
0.0750683176227348 0.035343598366963776
0.07084668480119487 0.033175701258016894
0.06897594870339681 0.03311544023513457
0.06546994587680677 0.03174337110945924
0.062129587501409615 0.029828599427769244
0.05905301055282757 0.028769531034213695
0.056612466161512776 0.027480625950322884
0.05406201563541892 0.026256232879514594
0.05194150810254418 0.025449531963821097
0.050638114424802406 0.025043400559974092
0.049685885068348076 0.024697147158318788
0.049369008358420445 0.025061558977504363
0.048350511645281334 0.02470288977134938
0.04677160089829424 0.02404724736084718
0.04568030585487801 0.02340299846722672
0.044330726127816786 0.02307261345094435
0.043420263400868325 0.022985940184381628
0.04327643355061876 0.02279811978487659
0.042886782450933046 0.022865434322589823
0.042260938978566455 0.02253374379916475
0.04170402504860117 0.0221291984246564
0.04183020116011542 0.022555174076538193
0.0410504823957128 0.02177625429889476
0.04073063706142501 0.022101816491269802
0.040641674092696464 0.021789981005194754
0.04025178837592422 0.021826541948512353
0.0402872059797824 0.02165790360281993
0.04000118620483707 0.021442914358904067
0.03982116307791264 0.021772763955418203
0.03954558615736973 0.021513645063551655
0.03989222332650792 0.021566009656350815
0.039581635790930395 0.021264277015323244
0.039518609980522756 0.021962842019134895
0.03945624732249235 0.02162109585391647
0.03920341150097938 0.021939676010673998
0.03918157774762081 0.021616031619080895
0.03896818393121556 0.021827337660510485
0.03913724230042264 0.021745988921013235
0.039030108477747655 0.021681707529543733
0.03899533008574766 0.021103870917150488
0.038840135671112885 0.021516354530338518
0.038975548034870265 0.021660189588984056
0.03900733625604297 0.02163772353734864
0.038680543383131656 0.021591375336454006
0.03901704413651106 0.021342062583466142
0.03878362646998618 0.021523474129725204
0.03890640542184957 0.021492069130422623
0.038876513289784316 0.021393421072620204
0.03875212792909378 0.02177799272731102
0.038534623525570466 0.0220848030898182
