0.17171718409853107 0.08872356013567262
0.17177130882396202 0.08878395872232411
0.17184180886441194 0.08884639648955388
0.17183217519955285 0.08885377638117045
0.17171513479010178 0.088773843739297
0.17170465841897273 0.08877109785857124
0.17170052149728374 0.08876885368100362
0.17169238172081233 0.0887694416986836
0.17169037071721352 0.0887691072299115
0.17160790041724686 0.08869081456395285
0.17157315793602543 0.08866312378641782
0.1715641371484536 0.08865645059494874
0.1715612834385848 0.088653634583674
0.17156040242748435 0.08865149829925867
0.17156076632337366 0.0886507268632198
0.17155766363210692 0.08864868228798391
0.1715582190521485 0.08864757098851533
0.1715575678700308 0.0886471502052214
0.17155760617486124 0.08864699376015059
0.17155758702244603 0.08864712323193333
0.17155710821206535 0.08864717178385187
0.17155697414515875 0.0886471502052214
0.1715568592306674 0.08864713941590618
0.17155680177342172 0.08864713941590618
0.1715567251637608 0.08864712862659095
0.1715566485540999 0.08864713402124856
0.17155662940168467 0.08864713402124856
0.17155661024926944 0.08864712323193333
0.17155661024926944 0.08864712323193333
