0.1878832555842093 0.10881807309053877
0.18394554001730665 0.10552766932840688
0.1802458749656809 0.10184595616073798
0.17329344017811618 0.09651599151319862
0.16608753808808244 0.0905573885053723
0.16291217786000745 0.08770363871436428
0.15615068141816363 0.08257420812768063
0.15249042014249783 0.08040209494591771
0.1488744845239204 0.07695112575858905
0.14519825107369783 0.07442684598638685
0.13795078111211073 0.0694697366234773
0.1311234425406191 0.06464155782099786
0.12738570472757982 0.06210905222830353
0.12106625832544811 0.058152259850949
0.11715483747757001 0.05571061071254864
0.11382466780941128 0.05296095749241411
0.10678250923551734 0.049549460368903654
0.10352049900290732 0.04741835754416121
0.09739900989370882 0.044385736638849434
0.09425288410743352 0.04243738844405648
0.08789229116209406 0.03957484069543548
0.08521163744128982 0.03804516463385988
0.08229752951443364 0.03736285333461377
0.07992653776419585 0.036211699953676325
0.07458058965591416 0.03385676467296383
0.07322463055632501 0.033640008365724214
0.06854598036671193 0.0314894636739131
0.06461463260321472 0.029839296074439834
0.06082072884901063 0.02864833058592368
0.05742258168254334 0.027100297558801015
0.056256330458392984 0.02692729894626592
0.05465419590940736 0.026087479916907554
0.05195503725615047 0.025009543894878073
0.04952267041429293 0.024780216763539916
0.04858970582242068 0.02370132807922903
0.04665533950944511 0.023518794747599873
0.04631203351291624 0.023629357547442907
0.045613145543970134 0.024023978331504797
0.04412763276592407 0.023044876298341052
0.04314839866118705 0.0231807453707414
0.04233088282383756 0.023143030199685787
0.04197731173670625 0.022668102414185477
0.04149431145449286 0.022812674987598657
0.04091467855864645 0.023171356384687557
0.040681894647689835 0.02287168877260568
0.04037377914366469 0.022089751398432663
0.03997537010247931 0.023357314442761762
0.04011573947108125 0.023239662000388277
0.039344732537701994 0.022740461567412176
0.03941158489781486 0.023148290082933544
0.03903132170242391 0.022364417697837674
0.03914501093232149 0.02293638074866107
0.039177041462233046 0.022927140194407444
0.039180876507742636 0.02287879730645616
0.03900496474171194 0.023345264479343993
0.039146461642420624 0.02267195624347116
