0.18827154436441426 0.10718638629333721
0.18397862138269583 0.10351732965305528
0.1770266532392597 0.09812591944054101
0.17054495993857083 0.09276134411228702
0.16650387750107942 0.08965567530677751
0.1629317666219359 0.08696122992840714
0.15655233323172826 0.08208150510186578
0.1505214805034787 0.07732093445178015
0.14370510185244245 0.07245836872721984
0.13652249070221575 0.06763650025421845
0.12988096298610974 0.06296722503238626
0.12292480708324338 0.05879838341425325
0.11887885649520145 0.05623932394017324
0.11520205163030145 0.05378706258817023
0.1117200302852629 0.051611142650170715
0.10863544360121093 0.050240799933855176
0.10255649392884128 0.04642300427368314
0.095785251083106 0.043104529904288987
0.09265955344263341 0.04135556659065272
0.08649221042247267 0.038080587676889384
0.08111581728811355 0.03588855662329972
0.07595204637883196 0.033323530863526206
0.07099569414000402 0.03125592340133991
0.068751519859601 0.03072062213789824
0.06679982751414293 0.030357718656169035
0.0628884458318205 0.028887490239521123
0.06104990923774115 0.028300124690546505
0.0593419741983421 0.02800527867796801
0.05593951069950494 0.02694385876329758
0.053478900170561595 0.02591207997777561
0.05209764869861686 0.025619270971992743
0.05099963638365258 0.025847107501811434
0.04893381082351628 0.024284819779361717
0.04694401178383756 0.024036744514919637
0.04574868916421752 0.024017797671448213
0.04455336175311071 0.022747766818728865
0.04364490065446343 0.02296584179756115
0.04307862358294654 0.022548735173163588
0.0430153184598429 0.02294115113098048
0.04287253215432604 0.022933710695632246
0.041871724731308756 0.02278664952607643
0.04154595633782603 0.022022001399487994
0.04160737840663209 0.022091995365230602
0.04065809863225669 0.021879370719712667
0.040743439802980196 0.0215364165032201
0.040657686564395126 0.02203897154228603
0.04006285941900502 0.02173228944811611
0.0400870923633054 0.02239583101043085
0.0399899904883238 0.021423152224703035
0.04002709815755451 0.022102049065875855
0.03991988624550444 0.02208779805912277
0.03975601739823342 0.022462651534007637
0.03994082264691235 0.022927602355517468
0.03987861237853389 0.022896781906645222
0.039788429410437066 0.02285946983874797
0.0394244896376624 0.022328305575291887
0.03947375810029586 0.02197417998468857
0.039259849361022656 0.022612461322601494
0.03929832739546739 0.022588966057377206
