0.19095202105310977 0.11120489606123193
0.18281235036171029 0.10466677866011952
0.17541016622588598 0.09858322542164642
0.16838608735315497 0.09313684222341954
0.16463555709644626 0.0904554302623487
0.16150485549391994 0.08775727136838482
0.1545512121315368 0.08243953820430872
0.15077205875581978 0.0801124320300935
0.14318629913354058 0.07416956153160104
0.1362995709448177 0.06964033200573896
0.12879311002389301 0.06472001296640979
0.12173046092276639 0.06004337747933266
0.11755226251559307 0.057836917251379634
0.11389686767923445 0.05549149096365051
0.10661797206506365 0.051323784722222224
0.10289422322533592 0.04896527871318247
0.09928321148939671 0.04726073219567714
0.09263194298643034 0.043588357285646064
0.08632646363129616 0.04069971598137218
0.08035041393020441 0.03817383896719077
0.07830639805749548 0.03727695859711746
0.07533219316630324 0.03629484478914958
0.07313289879141374 0.03579332171645741
0.06856435068032472 0.03331800438891882
0.06658446824383889 0.033369321434475414
0.06251893499896864 0.0312450838105598
0.05887557357507514 0.029752403798729482
0.05742483515232104 0.029661895422435563
0.05452973232242309 0.028179284298058712
0.053154580420374624 0.027984273678664337
0.050363994180528546 0.02731349550444504
0.04841857171556999 0.02608547390067839
0.047565024359578816 0.02594736618100455
0.04593415884557206 0.025054230087104886
0.04525871462704306 0.024580460896852414
0.043696471697951045 0.024590590904498923
0.04357878981606308 0.024013634883996212
0.04222798770878762 0.023670450314874227
0.042136473343204854 0.024033631816719185
0.04138834903998213 0.023333050904893494
0.04073642009499499 0.023569764097739247
0.04051134396363743 0.023962570291410877
0.040296344436340954 0.023796158607559976
0.039965600651164446 0.02341123160399115
0.0396705302505697 0.02348672832939443
0.03961672761165626 0.023870308031316668
0.039395181409184445 0.023375789864226858
0.03925796501594914 0.023743767972525632
0.03891572258334929 0.023717148799756727
0.038917842459120354 0.024119213373974116
