0.18602268725502205 0.10432614060276196
0.18198564199534542 0.10088814893368618
0.17833489634370406 0.09819029947337551
0.1746998637310142 0.09531845475532601
0.1708591644720725 0.09215118511358077
0.16727004608647722 0.08949129667555261
0.1637967946166095 0.08664647312568104
0.16073506782827046 0.08427797028060231
0.15349983540543852 0.07890442252858977
0.14978243852584516 0.07616224358502158
0.1460101991211416 0.07360032520521538
0.13846377771313081 0.0687768919530277
0.1342494200912543 0.06597293405171455
0.1308908584946105 0.06315962162503058
0.12347054331516413 0.05862269853701521
0.11947645532214601 0.056464832674415696
0.11601207473358648 0.05430010429291385
0.10879147400171485 0.049594126526432684
0.10500410529458598 0.047515342507449744
0.09808916240507104 0.043934999719418534
0.09497769360913767 0.0424912565862808
0.08858951073309652 0.03914484751222397
0.08217136590519353 0.035913103310965575
0.07645458051353503 0.03290657623024985
0.07088253307202352 0.030787838669651197
0.06876729678313327 0.030337086819898315
0.06414397909266291 0.028777256361468155
0.05974797414717051 0.02704546388369229
0.05598106971153846 0.026215579581417618
0.05443856029519843 0.025432305029757272
0.053187995697574715 0.02551703053508189
0.052077613991303284 0.0256959419406578
0.050876623935877024 0.025571279181341455
0.048485194145026944 0.02467049485189468
0.04637502488057325 0.023606250642818228
0.046265248920565896 0.023925778535396004
0.04470588291585007 0.02316809998481559
0.043309030116976975 0.02287830243520392
0.043003190455046546 0.023193432669307897
0.04232226658194513 0.022572800901474382
0.041953871417197454 0.023115602258133562
0.04100164881645027 0.02274832040935707
0.04065076574748898 0.022840911479760608
0.0405827413032827 0.022830224083827667
0.04031280143771435 0.02291460754904877
0.04023047066389025 0.02341783269404771
0.04018765693900049 0.02319135056804283
0.03957438908623224 0.02287972488769792
0.03971076572835008 0.023206014858830167
0.03963875560769843 0.02286474298824303
