0.18628795855478633 0.10878264501530184
0.18189680770607386 0.10524058835085404
0.17823484676229187 0.10201930881747724
0.17438622637970935 0.0988903426651991
0.17078748755859108 0.09660925485018561
0.16733643301128676 0.09350032445628756
0.1638026400302026 0.09095098189673745
0.15614430739657084 0.08531073788903681
0.14873031170019513 0.07982826064327106
0.14482355416119164 0.07672790775498001
0.14120724299910276 0.07450626906687788
0.13367395648448685 0.06925346936904775
0.126049265068201 0.06423589832183854
0.11804503023936536 0.05870145973393031
0.11010067543673635 0.05375896613674154
0.10631877249259644 0.05163195513785465
0.09885733626370394 0.04772937350503248
0.09518556928332582 0.0455575221120542
0.0887215525346153 0.041788698317453764
0.08589237690972562 0.040074874934573596
0.08329055002978583 0.039270822795768795
0.08048485526596423 0.03774476316848871
0.07766125299390556 0.03704560205501066
0.07533998026841573 0.03585066381477732
0.07025087231590392 0.03290184416154764
0.06788133550404254 0.03144088456503005
0.06347006025503049 0.02960746432016611
0.05986267411843731 0.027779171697364713
0.05626197696286209 0.026100383918361655
0.054885061951168386 0.026248356679397483
0.051862236255920395 0.025300391259411737
0.049547628570929515 0.023801582745071097
0.047677265945228385 0.02280445041558716
0.045822239616020125 0.02253905618825059
0.044441790983717075 0.022572331785080984
0.04339518810123262 0.02159287639993523
0.042669029066011784 0.0216357315600245
0.042484677493246095 0.02123493277522939
0.04253409551263508 0.02194508954959011
0.0422690452383112 0.022091344112175733
0.04157141372557071 0.02171615106974766
0.04059431016984055 0.021608600478216975
0.04018488898953696 0.021511895845820167
0.039693945553820435 0.0209727025145837
0.03939768881293637 0.021176898397277433
0.03965861652988267 0.021362229162293397
0.03945932367918816 0.021065868251585424
0.039035531005308745 0.021402818566184593
0.03929919991168438 0.02167965755965024
0.03935400454785591 0.021892145031097397
0.03921186968635392 0.021419078064234577
0.03900390797371737 0.021964314760663642
0.03929956620162559 0.021903779958907382
0.03909613403519019 0.022129847132234537
