0.1923658343094354 0.11241440621870646
0.18920553118369873 0.11000868353184322
0.1855687260271786 0.10685956922402909
0.18217042128319974 0.10422676641822318
0.17929529420575988 0.1020350069253962
0.17695439500702304 0.09997585167746974
0.17365696181783358 0.09719873080889715
0.1710429727403544 0.09554929344631662
0.16844659493851172 0.09319051106770833
0.16468447730654762 0.09048756353948972
0.1614646449996562 0.08809606325580699
0.15814226250331506 0.08548876617229678
0.15569827595203717 0.08408047188785757
0.15349675139109892 0.0823213689545645
0.15061895768259861 0.08032559268942115
0.14775782562212694 0.07807556173602948
0.1452755853849894 0.07634183165504724
0.14207618445996387 0.07410013962190602
0.13925079292946035 0.07246360659225608
0.13607813505262356 0.0706262751266708
0.13405882388601584 0.06918618771225182
0.13121628150538267 0.0671184968964973
0.1289764552975945 0.06580334978625152
0.12597287909594532 0.06388830000911594
0.12349507045431106 0.06256287407684061
0.12033963057299034 0.06055013297202902
0.11699259612763732 0.0583690668555844
0.1145889927301882 0.05720401499504746
0.11079905772385275 0.05504394233621234
0.10843193345562235 0.053450374144870035
0.10527030660655351 0.05184453939652451
0.10171842117945054 0.050125148644309475
0.09939294623519272 0.04893926808494427
0.09668293925514203 0.04742597993846057
0.09432674050050094 0.04633887492584792
0.0917163293128978 0.0451521865169747
0.08967590571836201 0.04488086069307025
0.08694368320760648 0.04301520931890973
0.08478499740320014 0.0422854847046026
0.08262110303524772 0.04131940033160947
0.07985519272490865 0.04035093492848746
0.07790543458642739 0.039708463375844924
0.07575782297468028 0.03869870463882494
0.07367739511813905 0.038118301970914696
0.07203096146668238 0.03703742856059245
0.06986751313593971 0.0361497109046758
0.06802924031940025 0.036028445784284116
0.06618307791995717 0.03516958483168158
0.06466906456270627 0.03478720627442257
0.06332910163923758 0.03453263535561025
0.061858560123590485 0.03360156488103013
0.06025922896070299 0.032860195541248964
0.05890198569243085 0.0324317828490318
0.05771296559762003 0.03200372890577379
0.056388853781443996 0.031481496717239744
0.05522835608756188 0.030910679290038042
0.05449708048022994 0.031030748580565894
0.053805056147355805 0.030938595273859282
0.05343056234683178 0.030690779465077773
0.05295104836585779 0.03074866028788695
0.05198477349827617 0.029974320590060083
0.051090900541644564 0.029515717179880704
0.05002694832122721 0.029032043860956005
0.04950080186938895 0.029860769900989965
0.04851980777388565 0.029145623781422794
0.04842127671542266 0.028396611760111896
0.04767468236779035 0.028879052045577
0.04778852737045468 0.028860846200250076
0.04706489674497584 0.02864480226225074
0.046554807632688495 0.028437094587102165
0.04668106493964128 0.028018692319545128
0.04608947571654487 0.027755668212295366
0.045797954429231985 0.027939034106215715
0.04579642447364156 0.028085090108384492
0.045548624425082014 0.02845961870693737
0.04536866040119637 0.028111244236206354
0.04503330276875344 0.028197511402583215
0.04473477917685742 0.028122708258500956
0.04496087208120924 0.028483654887200397
0.044311820795639834 0.028090011612624085
0.0438987088057299 0.02772487160720214
0.043735675011418555 0.0272622342642821
0.04365028046819749 0.027780950713016478
0.043253005197283124 0.027256842400296064
0.042969100115229156 0.027240140643197873
0.04284393152275607 0.027217730791549655
0.042671631665119635 0.02706068378423241
0.04245266096782669 0.027161683574531685
0.04261279312222517 0.027460274319331516
0.042328245362901244 0.027033735093901026
0.04206741910937745 0.0273725269813232
0.04215555702124342 0.027126289667961948
0.042156636143525064 0.027247812556124282
0.04168931384628418 0.02729084648682406
0.0415375892534845 0.026571934831885666
0.041472371898880735 0.02703366865890859
0.04175355759278495 0.026876568503597396
0.04145501481649281 0.026862327498619002
0.041459599887165056 0.026643466716940418
0.04133744804098155 0.02716644031999004
0.04123253817080927 0.026836967933306664
0.04112832373499627 0.026978054598041295
0.04087463407682844 0.0267932032176901
0.040819766703930435 0.026775010659361668
0.04086084049601947 0.027166700745160387
