0.1896096341236041 0.10830930237105876
0.1866489169553314 0.10574726243440409
0.1829635544950739 0.1029978714779938
0.17957951905432457 0.1001183908349618
0.17660055590446097 0.09783037119667246
0.17399507956474594 0.0957554117481172
0.17059159068774166 0.09309465202949346
0.16695757379962908 0.08996905808119621
0.16436800519596492 0.08818255487653423
0.16143459950223735 0.08604748764587541
0.15826078575169764 0.08361399891965736
0.1553076008006153 0.08188261283044967
0.15267136311588622 0.07985187251099211
0.1503804670480639 0.07799665785078715
0.14803809124646733 0.0763146155709314
0.14613609141022119 0.07516032958855721
0.14302581277414972 0.07289050899782354
0.13975079324021647 0.0710171274533281
0.13707206465087923 0.06907825077980909
0.1336552458577022 0.0667801425973372
0.13094856373459365 0.06518285052126789
0.12811134234613272 0.06338616764317198
0.12465324968598512 0.06122986729694087
0.12240329208106 0.05958516120743128
0.11992706130527152 0.05818351291299348
0.11674742110682884 0.05655472227921076
0.11385914163542873 0.054666481306195655
0.11131951948977489 0.053649655758716844
0.10809084321580673 0.05126115271941694
0.10494782914217514 0.049951743309011615
0.1023105469133319 0.04821086369602747
0.09979135566723255 0.046953322911291825
0.09592315007212529 0.04561102656222554
0.09320330094339391 0.043938075765331326
0.09007422051326713 0.04297315904760369
0.08725071235991992 0.04104772393866371
0.0848661618918415 0.04045128566863226
0.08275418952269739 0.03950731259709018
0.08065204928438953 0.03873139794673146
0.07875760083128079 0.03799850434384194
0.07621119394037151 0.037183095884096976
0.07421594698024404 0.036406017995647064
0.07279002447721429 0.03569708602532715
0.07088812047070339 0.03487574880369807
0.06930439514264371 0.03470328669545522
0.0677054041377593 0.03386533446708129
0.06563081015684798 0.033456651937892476
0.0645702624768782 0.03314744502740482
0.062472889767898845 0.03273505568190239
0.061505440675720766 0.03180916640621569
0.06016057096276225 0.032214948880992834
0.059234874886230936 0.03084417464086927
0.057700913939684614 0.031204813292674393
0.05678507395142337 0.031103273864456625
0.056000918393850706 0.030255975527271703
0.0549736571724187 0.02993104346037623
0.05395181991400163 0.029244188891339968
0.053225181363523735 0.029725067229801127
0.05253703282620749 0.028602797097655563
0.05160740293904432 0.02854309403663902
0.051267336749062864 0.028813209178555354
0.050249902866980355 0.027927494501368184
0.049414018418321784 0.028152278201265535
0.0490308336389663 0.027860897780511703
0.04863224902115675 0.027882527576354735
0.048223573532225776 0.02806925141243907
0.04732362690555512 0.027349802054400688
0.046765155165974036 0.026979916463852265
0.04631671033691588 0.02661956460116179
0.045698852910402724 0.026947211783694067
0.04500368005349292 0.02658319866931566
0.045112212020146016 0.02654391660142527
0.04486728079983023 0.02611262597707711
0.04463015491145026 0.025712268373029378
0.0443193934545071 0.02587867842687154
0.04422851332508635 0.025746503488556397
0.043996763484853686 0.025525051366878732
0.04378173593342149 0.02601394639918952
0.043430074345475245 0.025204643599287226
0.04313760678499058 0.025488462972448347
0.04302117365666644 0.025500360700298062
0.04330731166313809 0.025738237529401513
0.04289002108100848 0.02541683538086109
0.042994413203098936 0.025351243762041925
0.042607131702561675 0.025741885379728942
0.042382732003022394 0.025488800686732885
0.04259837765624693 0.026175596289782957
0.04252830695383491 0.02507772199428712
0.04253612186874423 0.025201979408820317
0.04214347869451995 0.025383117557849277
0.0419602905726233 0.025463514999746126
0.041947281686063626 0.02540224397955137
0.04180094009736914 0.02535481656475057
0.042051103621229366 0.02544436445559514
0.041941445655187135 0.025535780496093063
0.04156130826141248 0.025668038522843294
0.04181908545773801 0.0253813619796241
0.0416257345924185 0.025076416701774656
0.04144343289557288 0.025375602074882257
0.04140375938518095 0.025148896619889557
0.04110430104551008 0.024977420851779324
0.04110673032929857 0.025010010280237242
0.041076486464854865 0.025391860605437872
0.04121911944279532 0.025344650292677136
0.04085742927305556 0.02474796007706833
0.040691696537434006 0.025184319095956656
0.040802590707060916 0.025070284239210983
0.04071310010880125 0.02521596238836345
0.040625473398892116 0.025317405326785634
0.04066369988028183 0.02492860773630308
0.04063590446557366 0.025272867245308108
0.04057877077741988 0.025013655450292573
0.040441930706975056 0.02544980004741294
0.040435869476220736 0.025710314454668835
0.04041413050078013 0.025604320414221688
