0.18912364623372294 0.10994392019891891
0.18615935235551656 0.10751086930989123
0.18313446380069423 0.10439116751553104
0.17929202589376764 0.10161292363191435
0.1762166353913359 0.098990214684847
0.17410014990096487 0.09699426576110387
0.17107709986983252 0.09457238773849266
0.16885547380594015 0.09331620131696033
0.16648364418683323 0.09076422147207729
0.16373702385300634 0.08878142090707353
0.160741513374647 0.08667391064228588
0.15777416486593485 0.08425271810471568
0.1553475721375412 0.08234715605102583
0.15218462194437363 0.08004026139714417
0.14951056584243608 0.07823580568824338
0.14760428489395394 0.07626284480221414
0.14450820142436557 0.07474369660341407
0.14197185266193715 0.07279381551293884
0.13834229090163652 0.07026142326816469
0.13630785910657553 0.06874582663752984
0.1333611556867989 0.06688475634126559
0.13122059702686206 0.06537628983456126
0.12884817371781357 0.06432597022365251
0.12680950948800793 0.06277318468016282
0.12322134323766473 0.060427881273904534
0.12167483839376765 0.059517119940321564
0.11859670925708934 0.05731547692659511
0.11545543832243294 0.055447438432000576
0.11300865056038202 0.054122293294846566
0.1096276916752873 0.05215633299226764
0.10746060848086464 0.0512643766183924
0.10524231474116037 0.04960653914298782
0.10236380905950933 0.04793646009220519
0.09910056356879511 0.04660286783623872
0.09683277332412438 0.0453660099338549
0.09370494659395101 0.04391084933474918
0.09173802309063186 0.04270031513744418
0.08975606582588935 0.04253913709372651
0.08711738215369567 0.04067646643277989
0.08516312722767787 0.040137192112504695
0.08227544807886532 0.038751686509101685
0.08012884239960436 0.03823707885526287
0.0778879262004334 0.03699481263783107
0.07574311595446344 0.036422203233986726
0.07396368356494647 0.03584358639037352
0.07182961240396778 0.03504318275087327
0.06982566946009913 0.034624238042895515
0.0680295132079542 0.03368691551335338
0.06635012236141208 0.03269170458172588
0.06491996159477222 0.032281776430921415
0.06307470622689589 0.0314536511286603
0.06205130446320011 0.03165776644404127
0.06085080115967946 0.03147814777321642
0.05983093759652249 0.031022818382865008
0.058826423791048105 0.0304357922030794
0.057349936057678165 0.029737604098729883
0.05573993511696688 0.029536400745393196
0.055015427511913635 0.029290176677670123
0.0544788945906956 0.029036787402136485
0.05306897673593407 0.028158341020841162
0.05250756629103585 0.027777815860280056
0.05208767429204581 0.027922296675853102
0.05101602564495411 0.027481907620883723
0.050737321732146706 0.027077822285487874
0.05012106678498588 0.027300486178376205
0.04944017145152671 0.02726044197743716
0.04873470501500236 0.02698025941258401
0.04789383896922556 0.02704792002464378
0.04773602277685715 0.025692114275084565
0.047272877592931244 0.025988027912000906
0.046716029942503234 0.026278444174789143
0.04626161774610478 0.025940861683411358
0.04589588080299361 0.025353452279705188
0.04554071058327777 0.026181043227485518
0.045497634547759944 0.02563402616475891
0.04506935428443432 0.025851821494600063
0.04481237272053704 0.025662673502201153
0.04461360149784525 0.025587599396410452
0.04438983784374265 0.025796286411238174
0.044079706666609465 0.02522039801398899
0.04425615706262747 0.025229061033601764
0.04365524708532711 0.025461408077384375
0.043379195625968286 0.02536781777920637
0.04330651169852624 0.025142447030034046
0.043052680521576916 0.025288155781408903
0.043155508577019434 0.025510433751616664
0.042885403592720424 0.02531721872789176
0.04266544146937264 0.02525162806475504
0.042505245729415886 0.024949215813749117
0.042426811627620506 0.024229777673128262
0.04210411241745029 0.02461849626906145
0.04166036270088935 0.02485719889265343
0.04168234838001549 0.024625925955352405
0.041761347444819776 0.02488020852044736
0.04144951180301567 0.024500217714367042
0.04142349956549557 0.024545327487833557
0.041186904548139905 0.024292070451540117
0.04107491260118009 0.025185214279817108
0.04094103073153632 0.02416077307858651
0.04067954382703414 0.02466307978432719
0.040460539268108234 0.024433955059989333
0.04052298683188049 0.023965898317459156
0.04061146578446129 0.024621734781066225
0.040234525337614235 0.024607407064205097
0.04033125370768944 0.024280792333483486
0.04039428538575904 0.024348798386823765
0.04016807036673645 0.0242570000652884
0.04028628648243842 0.024363228656565043
0.040035988718205795 0.023980474320240648
0.03988570137610434 0.024866790285707575
0.039837751337679195 0.02436640779584973
0.0400926717441584 0.02431032216544703
