0.1902038230672302 0.11204851678851975
0.18724262984418208 0.1096410753028604
0.18517648644192866 0.10775714218142346
0.18263706770700544 0.10561930410470435
0.1804611426606719 0.10440847320313881
0.1780147472065053 0.10210392941681766
0.1755086153692463 0.10026265724779587
0.17224268806752438 0.09776526524107301
0.16926713053305614 0.0954296590162078
0.16679997386078368 0.09327476303211177
0.16441831357008374 0.0916393294190273
0.16115255864009884 0.08916601376923779
0.15782435726026692 0.08683860202928893
0.15461834828958207 0.08415381040635496
0.15190337851668986 0.08248795631898256
0.1491341403752525 0.08041607872091545
0.14602749413476437 0.07848929583404686
0.14299981330225636 0.07611813342084475
0.13942756227139677 0.07364830271987416
0.13710506379133244 0.07202376631517092
0.13459821373850242 0.07073741020700294
0.13223774559525095 0.06885181013636313
0.12969121173807097 0.06755738362040392
0.1273074829865265 0.06574018241365785
0.12433768075283394 0.0638075193499895
0.12147870396985135 0.06184671235754651
0.1183964196015317 0.060003395613288844
0.11473046537917492 0.05769458465279466
0.1115476882881602 0.055571630436433844
0.10932987690972562 0.05466792818217474
0.10575065439972348 0.05292737427081492
0.10286783285978349 0.05114019972835094
0.099612372352983 0.049347921839783676
0.09635166408441036 0.04738617078225815
0.0931273645571839 0.045415567091587304
0.09034091797066524 0.04430047248137678
0.0880587736294838 0.04340570647745603
0.08630502527199493 0.04240843388687412
0.08349283783941144 0.041419185849493716
0.08199807801682715 0.04014398319594363
0.07969972594426003 0.039146707908032916
0.07686235308565328 0.03873656827357837
0.07502395105286189 0.03789635035012623
0.07263177608620242 0.0363453916806266
0.07103325326602307 0.03539706481858069
0.0694110006033777 0.03521635727514031
0.06730051935987419 0.03388751284360085
0.06554836544095295 0.03331241536861135
0.06409937031455314 0.0326483249242849
0.062350242477237736 0.03186735113075476
0.06056285290240297 0.03133117341312478
0.05970192789743866 0.030779631710608813
0.058070127755802725 0.030013401516338994
0.05696178706283463 0.029702769038911968
0.0556189202573104 0.029043606614316334
0.054310489494363984 0.028862435130321117
0.053091783008651375 0.027844821983203885
0.052503382508053205 0.02785227740002707
0.051380452462786094 0.027253651125852096
0.050632933696483556 0.027242559709796766
0.04989488101140687 0.0267367188492617
0.04904744409486605 0.026905954653284922
0.048335668523480556 0.026145135300602407
0.04760705797911069 0.02635323152075139
0.0469086412173459 0.025604488109138842
0.04636580910067613 0.025202966440223396
0.045651658629802506 0.02588547964030322
0.04509823522751231 0.024982937237431224
0.044801746263593616 0.024646472442017356
0.044497625062207044 0.024466582189205575
0.04390754393717272 0.023990082871435555
0.043564868923934574 0.024245665565235826
0.04352535270321785 0.024224834094857588
0.04319325461128871 0.024066571024422174
0.04305750708026486 0.024079639582493206
0.04289328469590255 0.023863810120653892
0.04256855070762811 0.023344064530117555
0.04229037624077007 0.023548632644186683
0.042257539424863697 0.023437661839728435
0.04183914533802634 0.023227259403449267
0.041798542217745496 0.023766781808800215
0.04147543139666154 0.023259872806057486
0.04163163849525143 0.02354961716920132
0.04160745857102757 0.023424728148097766
0.04128241335600571 0.023463065282434924
0.04151901271751015 0.02308894307954332
0.041152741928712565 0.02334616035460077
0.04095263270631901 0.023475715754540834
0.04083980582821785 0.024167966311614757
0.0409156972735541 0.023522870456748828
0.040845000920848126 0.02376818711710878
0.04086300419116133 0.02408727032568886
0.040542847630126104 0.023674120472285443
0.04042300139184432 0.023363059119578068
0.040508990948108906 0.023183878264242588
0.040284448031989745 0.023194770077966182
