0.18927101834272417 0.10702760591559553
0.18621472700269476 0.10436186479135162
0.18360689842601666 0.10253250401674524
0.18115989404703578 0.10053273126167497
0.17824674255879472 0.09808213879175191
0.17555116211415972 0.09604301513715309
0.17325749862199902 0.09404714055342132
0.17083348006491916 0.09215803677406711
0.16783667243385594 0.08982066500761653
0.1653063946901029 0.0878723231398578
0.16274438464600685 0.08597499411039516
0.15978977829495344 0.08417654724609723
0.1572822088590152 0.08243303853747387
0.15519594408378246 0.08032996424193316
0.15176202305854974 0.0781826907641267
0.14873354054385104 0.07615335597153809
0.14618867895639392 0.0745219332619168
0.14233062071288585 0.07160054159172911
0.13983242933917198 0.06973559778794088
0.13604741471705045 0.06747133030710728
0.13358937676077903 0.06588064837426058
0.13012303443471337 0.06380479069838552
0.1268098224675404 0.06168420177786148
0.1239194462732729 0.05955217351609756
0.12013164694083782 0.057383031188497934
0.11757993362628613 0.05610662438949642
0.11420544846276336 0.05409516254961862
0.11154458598726115 0.0523917974048907
0.10798360178833905 0.050721724163571874
0.10531294019475747 0.04906275908180539
0.10237658278723664 0.04774415104907934
0.10005631622060264 0.04652453376567781
0.09827219729911808 0.04535499278219372
0.09493117650661441 0.0436245983254759
0.09173541041462518 0.042489956290966635
0.08992980807508574 0.041630955146228985
0.0870969155744733 0.04012930408064485
0.08425120000918668 0.03924817891333837
0.08217654297831944 0.03827605207626812
0.07941477542411808 0.0374520964691211
0.07736538652927487 0.03664799819020609
0.0752198055104728 0.03568788619042291
0.07285116058304753 0.03442251697126985
0.07108834804476973 0.03413510012936283
0.06871072697207252 0.0332440748012823
0.06693165115139638 0.03276261535112469
0.06560255485209456 0.03180991422025107
0.06392090561458844 0.03203356229968394
0.06252781839478197 0.03116244316270737
0.06071613466897354 0.030442741922033445
0.05952857055365017 0.03037625312635513
0.05828938403356198 0.029933851398494485
0.05679088930824351 0.02870711913801898
0.05576546997488976 0.028866716136162103
0.054331549906602154 0.028172073404976874
0.05355924255879471 0.028023657860693992
0.05220183982269721 0.027562036736540427
0.05121077481932876 0.02764272291111874
0.05040397916921852 0.026785592128534458
0.05019867137738854 0.027255984138199664
0.04929187017699657 0.027035354698410535
0.048748100463927 0.026736213481844035
0.0485238977906051 0.02700440821285414
0.04819616322421607 0.026989765638898773
0.04768473825636943 0.026557736412907512
0.04692564153601176 0.026676986251855488
0.046775281533255754 0.02668999734880915
0.045997605723297405 0.02604285747295299
0.04595521783898824 0.025995058725788337
0.045850676368814305 0.02572465973633334
0.04507008666095051 0.025572166856848204
0.04454239362597991 0.02525093147835683
0.044016002036379225 0.024934924427162095
0.04358072119212396 0.024619110112851082
0.04359856343397844 0.025542555956457925
0.04332214983463988 0.02495242819372943
0.043046401312163154 0.025216260556117684
0.04290492654489221 0.02550209206929094
0.04273445634033562 0.025370262755424693
0.042579852285950515 0.024981311580248734
0.042368061190899066 0.025317113523783578
0.04224055303772661 0.024865131958420432
0.04196281406939 0.0248496831470782
0.04173507548383146 0.024694535384884808
