0.14743400906418422 0.0771896669054939
0.09758715856197943 0.0487204638055117
0.07203385289073984 0.047731088374649754
0.07107097949075208 0.051179058928015476
0.06640770934131553 0.0555028856023311
0.06674421430977462 0.06069058613555751
0.06193845503123469 0.05966854858941358
0.05821152697819696 0.057116695961225206
0.05464709299209946 0.05381087293151519
0.052904902621264085 0.05233450297294743
0.053227852462028415 0.05351075717211406
0.05243815263657521 0.05264988023601506
0.05137588134646007 0.05141592984351372
