0.21185409207773456 0.12331875887784091
0.20866873413066753 0.12082807380785222
0.20559180639046049 0.11840911727049591
0.2025622257398731 0.11591398902821316
0.19971629731332508 0.11341393928169083
0.1967648930769193 0.1112730317894734
0.19390889284240925 0.10898251269429206
0.1911284791286048 0.10674539670342977
0.18840498551808305 0.10442229788795825
0.1854835856772061 0.10209453267861808
0.18260268409653466 0.09977236926784004
0.17960105511109148 0.09748225409741271
0.1764454137936115 0.09467870804624913
0.1731694479436783 0.09225726418277604
0.16966457387926293 0.08932846956907436
0.16619760818157708 0.0867480600557025
0.16250670302800369 0.08371546209502079
0.15871107025602113 0.08082651784718141
0.15480575069923286 0.07781675226469979
0.15072317691451065 0.07481247155519363
0.14655789919812293 0.0715718045130045
0.14222043193437647 0.06817741752791928
0.1378694108947725 0.06537195283417417
0.13324250864679102 0.06186221344302399
0.12875937426331918 0.058971796995752244
0.1241918669057196 0.05591533558578784
0.11991579930174937 0.05283886927090136
0.11530588483653052 0.05048632115198319
0.11083600687077637 0.04791150812237406
0.10661684018569267 0.045493184046145725
0.10241866122996228 0.04335173710178972
0.09846665644522042 0.042468111841407065
0.09511055737270156 0.04068795964511086
0.09172347550045183 0.040339319434410104
0.0889314360425998 0.04011659745097119
0.08676946011425919 0.04073876381252585
0.08466191031770588 0.04164906670847075
0.08391078365649064 0.04207721897551757
0.08362443736003064 0.04332704454380143
0.0831450768542256 0.043106966673061436
0.08293917073068914 0.043467267553634406
0.08282151282929633 0.04426652037362445
0.08292300787695957 0.04417209233277685
0.08278002657269075 0.04472341507579839
0.08288425539680085 0.044915943683875394
