0.19225106029519842 0.10949132621044409
0.18767607790298874 0.10540271997239704
0.1828313518189613 0.10192517109388899
0.17797410889269966 0.09767050710018792
0.17312381338804508 0.09447635202046455
0.16857910873958842 0.09062425837018824
0.16394889147476727 0.08704948866416118
0.15935262662297894 0.08387794080651796
0.1547841131798138 0.0804146001653259
0.15033120827719254 0.07717217399734255
0.14562484688878 0.07387159558255314
0.14094647614527192 0.07055924664483633
0.136414001255512 0.06777197812889166
0.1318468466744243 0.06442798233778743
0.1272827160399314 0.06152034828065235
0.12259123514821166 0.058650702391839754
0.11800454931712395 0.05599055335182797
0.11336318364159725 0.05345597646347124
0.10895068096215091 0.050916274402769746
0.10465975816082802 0.049289314502118174
0.1003537347654336 0.04698526178511664
0.09658958154703577 0.04489006255576882
0.0923414820400539 0.04348384339367022
0.08901301636758942 0.04239618301052276
0.08554394674791768 0.041693613635668696
0.0824615977921362 0.04162534134516489
0.0800378998116732 0.04101570643811989
0.07740893231718521 0.041303204718146795
0.07578024042289319 0.0408229369791435
0.07409426579342235 0.04150442202475927
0.07332029814582312 0.04150159883660325
0.07214041829985302 0.04206456698635001
0.07169553451126899 0.04233708336692203
0.07131478996968398 0.04252579449292414
0.07134079016872856 0.04270061227567381
0.0715755192384248 0.042941259205330734
0.07113446323034052 0.043037304609319406
0.07114887003919647 0.04275333802909152
0.07091775822207251 0.04414683927146804
