0.18434149859528526 0.10261410218741714
0.17990530126595933 0.09957836650803209
0.17498370512512504 0.09548137220410001
0.16998833388083703 0.09187528095376857
0.16524002879297495 0.08791432912555794
0.1606363148638677 0.08459622627731682
0.15583187404697582 0.08137771420329624
0.1511082659985487 0.077826162941447
0.1469085914210663 0.07469272461800645
0.14200087120506383 0.0716419594225075
0.13745232580801742 0.0685037953789967
0.13292211884855068 0.06588971153341545
0.12824274330308988 0.06270694985540591
0.12381692658281689 0.060222051875718136
0.11935836880871364 0.05745454936223926
0.11495227907612426 0.05517372049079128
0.11070731861283806 0.053065310271359044
0.10685793213364647 0.05135908796105765
0.10286225950695248 0.049365821313748455
0.09930982164964502 0.048087298248436675
0.09619824366223598 0.047396199450763433
0.09324281531617114 0.04639982237334552
0.09044258856689678 0.04575065085465187
0.0881108394702779 0.04603909240798181
0.08642718895251918 0.04633878721709552
0.08518483881020907 0.04659254112196449
0.08388184254508325 0.047194768330097114
0.08290694630520798 0.04699368786217573
0.08243070234817804 0.04692137787151151
0.08175170134734942 0.04725621348032581
0.08077429614107945 0.048126209913809774
0.08001242742766822 0.048682706609344616
0.0794697102254898 0.048170154794737165
