0.1745953570263282 0.09367853322473871
0.17226755692746257 0.09181060871423788
0.1700419113263694 0.08997115941452222
0.1678237212786784 0.08811571961146089
0.16572803996452612 0.08631873654288984
0.16366480659872823 0.08460977361006664
0.16162754309118207 0.08320557905713431
0.15973593119823662 0.08166979386520452
0.1577653268545277 0.07996355408883442
0.15568372292848312 0.07845487180837486
0.15379864662348144 0.07703177061605261
0.15160825678198536 0.0755266262947644
0.14963861073562892 0.07401455615037107
0.1473824721127804 0.07242163827836817
0.14518225972342158 0.07103718660972082
0.14282600777616136 0.06932637428914895
0.1405455667324544 0.06786710550511593
0.1382205265299639 0.0663185246941831
0.13567415797094873 0.064528301271847
0.13323346086098953 0.06284519760423986
0.13069096382327833 0.06126344038525931
0.12805915347231764 0.0598280957099865
0.12536705663491354 0.05825508689913875
0.12287808050433734 0.05657916636075828
0.11994072662551764 0.055117174420272155
0.11732631895447766 0.053565221827038136
0.11446984537220575 0.05226125872953902
0.11171764412485526 0.050794083142812446
0.10893344532890605 0.049588191201434324
0.10621740064066394 0.048601127395348456
0.10337422822564422 0.047124297468519455
0.10081933082019214 0.04655928538885473
0.09831747517319883 0.046039762887262865
0.09598158704467843 0.045608105065637075
0.09373079572105666 0.04524548033220622
0.09146794901674092 0.04505779695871026
0.08963011677121563 0.04502971306765161
0.08795543464994701 0.04567745442593975
0.08660913228244657 0.04654689181066661
0.08550583495758346 0.047492840242746026
0.08461991780415284 0.04790045066309503
0.08387673904137145 0.049162960672303156
0.08335622066843464 0.049236560944155655
0.08332298691625126 0.049703351772461796
0.08313852425887583 0.05048289283097115
0.0828421612196534 0.049640113432546
0.08321498680462877 0.050722026707689265
