0.19059603559136729 0.11131525731230102
0.18615140457081503 0.10725830855367881
0.18154239804160457 0.10342491427874624
0.17687132218656848 0.09939292365264082
0.17232900044369706 0.09578926941932703
0.1679245105237096 0.09204737390356937
0.1635128197192697 0.08888700179594922
0.15916582196717133 0.08547887812244373
0.1548977562503677 0.0822401879995081
0.15068546866113802 0.07922416716698079
0.14623113751299224 0.0761960828772357
0.14185252098368373 0.07297146948648081
0.13766964019784966 0.07005121145393471
0.1333338651007756 0.06733748952449317
0.12905154124973034 0.06477375927855279
0.12472774528357389 0.06187732050180182
0.12040837326504648 0.059622112499516385
0.11614766164300283 0.057171357744862594
0.11196167834844191 0.054924699414269765
0.10805539962150926 0.0527857809805558
0.10396229050022553 0.051321002000795896
0.10040787839575326 0.04977516306555647
0.0965602792165928 0.048094629018518416
0.09345606602506276 0.047570643173665765
0.09010748239307147 0.046970082712460205
0.08737447862532358 0.046850781327724286
0.08466690776862057 0.04677266841816911
0.08266660356955503 0.046388176080402146
0.08078178163976703 0.047335338288918796
0.0797017782430945 0.04754389846202633
0.07899130853246587 0.04749919620132041
0.07849656851044036 0.04878545220681708
0.07830890503504226 0.04846080757089837
0.07785431568922577 0.04878660727609878
0.07741209807573982 0.04878573287785749
0.07696526500174047 0.04983643571268682
0.07658175087513727 0.04914784709767145
0.07661733396905397 0.049358728204382404
