0.18365984024462714 0.09607688295264064
0.1791734541060133 0.0928328356980364
0.1747632492043847 0.08934763473569204
0.17034168714025422 0.08601652575220144
0.1658059779192205 0.08264586403161464
0.16129376958343156 0.07926836747900612
0.15672713511585534 0.076136228640459
0.1520068240431744 0.07285228318679794
0.147542423222512 0.06955136226386983
0.14295266196541528 0.06659924099562435
0.13830401420443383 0.06342543944462133
0.1337350584249273 0.06072054669982421
0.1292741491643584 0.057939859600857714
0.12511525985187805 0.055502753023568115
0.12076544742922952 0.05368446979901385
0.1168111597013496 0.0517271939406865
0.11299514350849148 0.05021899737202303
0.10928736567853214 0.049282933643411485
0.10645971998148475 0.04846550686689089
0.10368203045192913 0.04909270634347244
0.10141193126706644 0.04963573534203838
0.09960787861710278 0.050431073812274144
0.09826115319400243 0.052089843962591975
0.09766705081501453 0.05302184186966649
0.09744831033047502 0.054088415812216996
0.09716822773934759 0.0540531893218282
0.09708511134316557 0.05523909114039098
0.0969874435825279 0.0550777763491597
0.09686319584106848 0.054721488142129814
