0.18515681691149072 0.1097421819758706
0.18114670336371572 0.10671412828892854
0.17723470763914767 0.10368046415806743
0.17334215161603483 0.10109923917201587
0.16943490569044303 0.09797816000917005
0.16548747799770538 0.09520299708187864
0.16156833842225773 0.09250092097594793
0.157557276829929 0.0895759915639639
0.1535943165284424 0.0870440791431661
0.14968515536132793 0.08452453667227826
0.1457138829116329 0.08173509948093899
0.14175957950182883 0.07946106248342762
0.1378716679394085 0.07738856989439245
0.13411609956620546 0.0752870162847882
0.13028169027572123 0.07274709279743294
0.12659135502878072 0.07092299182359797
0.12292735435277707 0.06940417452416531
0.11955114744417913 0.06816320906516539
0.11596683996793426 0.06709191637745547
0.11286336345216616 0.06687351905859168
0.10982211313346997 0.06608641693401152
0.10759661206032184 0.06500349336448481
0.10552024126833728 0.06515960396653206
0.10361621348477122 0.06486519052722291
0.10197476531396478 0.0653210067276991
0.10041027154753966 0.06504413671495216
0.09927667839509502 0.06566137725522582
0.09802584373283943 0.065067058615156
0.09692008861592696 0.06527472056536703
0.09602342041604561 0.06517197391644201
0.09501930716674184 0.06559851331004453
0.09408290728147248 0.06593372654489184
0.0931195695241866 0.06618168119282526
0.09245340064155995 0.06593041422511656
