0.16087419350094131 0.07896931246476499
0.1572853378042144 0.07604345720397064
0.15381647450519198 0.07344688844630184
0.1501936923009982 0.07085530159960039
0.14668333773557618 0.06835681117799622
0.14325526668092545 0.06567812994844634
0.1395938946305303 0.06318191728028552
0.13601830120104624 0.06051714545979616
0.13244995653423577 0.05816264467944431
0.1286281637162447 0.055843422089864474
0.12496266456319129 0.05327166033415226
0.1210338926479889 0.05073688238553458
0.11728085295548811 0.04826169845532477
0.1133312731653985 0.046035097309081514
0.10942150890397023 0.04353391082623336
0.10545047967083072 0.041252424997789174
0.10138460368170497 0.039241816409704415
0.09741150610941422 0.037124291046541996
0.09363278453911889 0.035368669399913226
0.09002507439892532 0.03402788764729616
0.086327573442893 0.03239869750933382
0.08322746820273279 0.03194662552230722
0.08008241488860998 0.03147397279149026
0.07730074769694266 0.03134703121718308
0.07517598884996667 0.03154067264498862
0.0735338951376564 0.03280221880388884
0.07276887776973594 0.03346666970942861
0.07246053723807167 0.033394620913602374
0.07207530907115332 0.03396788611612769
0.07178577989255668 0.034293297199887524
0.07181987876161947 0.03414196153390437
0.07151053278731223 0.03450239982375586
0.0714270044427925 0.03498156736122242
0.07130192737800782 0.034910374072317445
