0.18045414701739343 0.0965979996365471
0.17742420994610486 0.0940451643217121
0.1745798628123469 0.09188287365459882
0.17182162160093092 0.08979589696075542
0.16917325682876042 0.0878461272112947
0.16644912114159727 0.08573167329580202
0.16384314903846153 0.08385473637155866
0.16121438250244977 0.08182952777704423
0.158570343122244 0.0798641544838135
0.15590780599277315 0.07820297971439412
0.1532602833323126 0.07617578402975449
0.1504795443410093 0.07448134993217399
0.1476789200300098 0.07262078207002758
0.14480738608525232 0.07072130850340798
0.1418632391444145 0.06902881806228874
0.13896874808610976 0.06706684888246921
0.1359272511177119 0.06522212344924447
0.1329021561887555 0.06328318496972847
0.12968940432079862 0.0615951899128269
0.12653041362996081 0.059827700392501335
0.12324942200514453 0.057998839105030245
0.12007771351359628 0.0566218888032184
0.11672645340825576 0.054958249173370506
0.11354944344071534 0.053526784194107474
0.1102218007410583 0.05184564079769225
0.1070570970878246 0.05057902286070094
0.10382201969010289 0.04965218647670288
0.10078004424914258 0.04891265776844089
0.09772394429813817 0.04752405095706947
0.0949587078178589 0.04740303934012798
0.09208909733280254 0.04664133774642524
0.08941360316634003 0.04684141491935932
0.08701902024130329 0.04675336945334738
0.0849164299822391 0.04733040739560632
0.08286224200759432 0.0473331219996025
0.0815032650967663 0.04775787065767601
0.08016311608127144 0.04792724023020537
0.07882178045382165 0.048874615308038494
0.07812984214233219 0.04988463801689535
0.07715795431926752 0.04889361210680373
0.07681744453546056 0.049675912115629446
