0.18710082969509922 0.108410646690258
0.18262990395552242 0.10438155992991688
0.1782602885317795 0.1008165087597
0.1738731305278279 0.09705167378390851
0.1695816140583327 0.09370719766633688
0.16541975181155869 0.09017499040536843
0.16121573757893395 0.08722844645038358
0.15706099003581445 0.08398540052880152
0.15297495731560834 0.08089323148400192
0.14892729420178655 0.07800479183190275
0.14464049852489116 0.07510528186626725
0.1404398453433872 0.07195784221658616
0.1364248447519954 0.069151477253728
0.1322730177803626 0.06650893781815143
0.12816796783073817 0.0640140097597525
0.12400845161679773 0.0611711305740405
0.1198628583895513 0.0589247637095281
0.1157788269789869 0.05645778400973039
0.11174362177829365 0.05416116623394389
0.10795145600351526 0.051991104109784005
0.10397767856048498 0.050399386254476916
0.10050285921075855 0.048720789917121726
0.09670494804944893 0.04684178366187102
0.09358195701960602 0.046097319919733266
0.09019825950026475 0.04523130402701627
0.08736188665317599 0.04470303794879731
0.08488374823195305 0.04360957865922494
0.08199675852952423 0.044166281571605834
0.08004439479323963 0.04420412088562163
0.07807967368809078 0.044922951805241584
0.0764858555861091 0.0450823999437967
0.0763360398444854 0.04512092204409351
0.07590014694400592 0.04500429513052153
0.07569056481899121 0.04557776543880715
0.0751055025328728 0.045188418031793035
0.07496669399427851 0.04524829272124132
0.0744860876231198 0.04611023618511231
