0.1726216085864772 0.08924054327521794
0.17100272537971584 0.0877651451448808
0.17078526916952474 0.08756291800558175
0.17075654167687407 0.08753021788584382
0.17075166125673688 0.08752521758528287
0.17074926889392456 0.08752470723973159
0.17074978564429202 0.08752456608032379
0.170749709088682 0.08752445206695594
0.17074972822758452 0.08752444663774796
0.17074972822758452 0.08752444120853996
0.17074972822758452 0.08752444120853996
0.17074972822758452 0.08752444120853996
0.17074972822758452 0.08752444120853996
0.17074972822758452 0.08752444120853996
0.17074972822758452 0.08752444120853996
0.17074972822758452 0.08752444120853996
0.17074972822758452 0.08752444120853996
0.17074972822758452 0.08752444120853996
0.17074972822758452 0.08752444120853996
0.17074972822758452 0.08752444120853996
