0.16940402416065264 0.08613826075669603
0.16925451005182185 0.08587763610559172
0.16924010828291694 0.08586897848349896
0.16924709850319658 0.08586626353093496
0.16924882211915596 0.08586681407797576
0.16924857315240627 0.08586667374245556
0.16924815182406064 0.08586658738213543
0.16924794115988784 0.08586662516477549
0.1692479220085994 0.08586664675485552
0.1692479220085994 0.08586664675485552
0.1692479220085994 0.08586664675485552
0.1692479220085994 0.08586664675485552
0.1692479220085994 0.08586664675485552
0.1692479220085994 0.08586664675485552
