0.1865389974277315 0.10733386753844401
0.18261519705414012 0.10371848192742616
0.1788905369610485 0.10088869185448542
0.17514583843704068 0.09811786298034157
0.17154604054385106 0.09519082493384184
0.1680640425955414 0.09240366500205702
0.1646986005634493 0.08962598446742684
0.16123698554630084 0.08701173938099037
0.1579257927333415 0.08443898430203145
0.15454827405377267 0.08220329074286159
0.15122954051322882 0.07962316279944905
0.14791538117038217 0.0772683089832631
0.1444635844102156 0.07444443131782601
0.14123224866793238 0.07231031824019303
0.1377707006369427 0.0700438084964586
0.1345321016811612 0.06755317561759196
0.13111664969683978 0.06550628819556407
0.1276320105799853 0.06346003599087129
0.12415670167809897 0.061266787979785624
0.12082235079311612 0.05897924548428883
0.11744042059652131 0.05754032077324431
0.11434525814551691 0.055065199141611815
0.11098336637983831 0.053305294224851564
0.10775762876653601 0.05184480469966143
0.10462920290298873 0.050210178757324656
0.10166358211354729 0.04873433000272416
0.09882363692736404 0.047770232964274593
0.09613294647231749 0.04670124905662082
0.09352062982300342 0.045771111714163405
0.09120097570124938 0.045408212593538735
0.0890796675955414 0.04478174985632144
0.08702361357790299 0.045074780499292554
0.08547479789318961 0.04496496119462729
0.08409132318716316 0.04463104318626579
0.08285608885044096 0.04500059037207709
0.08191671323799608 0.04476160206546183
0.08080522147537972 0.04430177800915373
0.08013382399099706 0.044251946023595945
0.07940536865353993 0.04470312949538422
0.07837897323615875 0.04508740069327077
0.078363480294586 0.04561435419180028
0.07814097619886086 0.04579688959371108
0.07802811409082558 0.04602614875960405
0.07785233284082557 0.04583658796255115
0.07759522082465703 0.0457420165885324
0.07776759056528662 0.046042800140516586
0.07743950671392699 0.045425960674465735
0.07760375199044586 0.046713253035491904
