0.1980512371695484 0.10779783140685381
0.19510859348934312 0.10532401530662656
0.192189370596432 0.1028077651385199
0.18934117670328537 0.10083725053313829
0.1866797166322395 0.09894545015877503
0.18402419800477893 0.09687349261497123
0.18136676278261338 0.09454843161626669
0.17879388771882912 0.09261458313320635
0.17616713717788943 0.09071392713982632
0.1735148384295331 0.08880133857505929
0.17094200169764293 0.08672569297684657
0.16841909225781604 0.08476085518777171
0.16576087123182148 0.08301094305781223
0.16324934636454183 0.08127387479175358
0.1606133961690185 0.07910736260882334
0.15787127620981592 0.07731624933615021
0.15509542418380665 0.07567466308336444
0.15228231355673366 0.07380515721232489
0.14964136104903047 0.07171513999511461
0.14690573834587758 0.070192611428989
0.14400721467577965 0.0683959392719815
0.1411592507739976 0.06666048989027094
0.13882314223708614 0.06516577718799403
0.1359178050728122 0.06368712467613737
0.13300873054886367 0.061920423321746555
0.13026541271797049 0.06075973148905454
0.12759796328847173 0.059264664990860486
0.12494042265359744 0.05808294374327573
0.12238067626354189 0.05683447835986903
0.11985491109760466 0.055601236921987526
0.11736027142967538 0.055004892461479556
0.11501745481129669 0.05409665545784022
0.11277467485354149 0.053612887786055795
0.11074339112147469 0.053411894181313674
0.10849582925993072 0.05314649899856457
0.10679565642908662 0.0530466213390485
0.10517557809096127 0.053216159270430795
0.10344592803355543 0.05328288196407595
0.10216012297791592 0.05373005856115789
0.10085466324357742 0.05449797259929958
0.09964391203658274 0.05557036018740119
0.09859417395074872 0.05608797433525821
0.09831802140268973 0.05686750467267917
0.097691668670147 0.05730998007249857
0.09700209706126234 0.05781605296869511
0.09652669532767943 0.05797990872322644
