0.18772574951827845 0.10708500021060743
0.18450356633293455 0.1048675369874989
0.1812983330350664 0.10248187912928672
0.17821307046617899 0.10003707424498962
0.17497746143776108 0.09763631134545696
0.17186199551006098 0.09503238564016374
0.16841191773593325 0.0927175488471142
0.16487454325320167 0.09029129619035321
0.16143379270528938 0.08785012191063063
0.15777478123345232 0.08518376383276527
0.15409378278893487 0.08314901766305849
0.15030427633594992 0.08069629342138335
0.14650145895438232 0.07834693621425888
0.14268809816823236 0.07576461071805396
0.1386933065526388 0.07373864165628591
0.13484573955289375 0.07157663551345401
0.13076654324339562 0.06975655355954183
0.12709587752689305 0.06791618229834166
0.12360867279584813 0.06628942329470125
0.11974692343262762 0.0648360539814472
0.11625995810677303 0.06370008474359753
0.11297362390662692 0.06258583439730367
0.10987668794065877 0.061779052561745956
0.10689363223562925 0.06187403629836375
0.1043362581114309 0.061432461993989745
0.10220387608111553 0.061870146750223724
0.10034440639157466 0.06250290232579658
0.09888153534034301 0.062378183236407876
0.09771378385534135 0.06297901322821836
0.09665288369489007 0.06337231074160056
0.09555214651076703 0.06349555708946052
0.09463040779935378 0.06383458974189886
0.09384727511693698 0.06419207751803628
0.09285666432036811 0.06356670183408002
0.09208789594937143 0.06419842703004851
