0.17365370395452942 0.09034030126012296
0.17183874447797565 0.08887411963503458
0.17159853488620094 0.08868549003688737
0.1715673547542117 0.08865458404341413
0.17155925328257074 0.0886497935874525
0.1715589276915119 0.08864894123154941
0.17155908091083372 0.08864859057880446
0.17155908091083372 0.08864851505359786
0.17155908091083372 0.08864848268565217
0.17155908091083372 0.08864848268565217
0.17155908091083372 0.08864848268565217
0.17155908091083372 0.08864848268565217
0.17155908091083372 0.08864848268565217
0.17155908091083372 0.08864848268565217
0.17155908091083372 0.08864848268565217
0.17155908091083372 0.08864848268565217
0.17155908091083372 0.08864848268565217
0.17155908091083372 0.08864848268565217
0.17155908091083372 0.08864848268565217
