0.18909044399138575 0.10522761755145746
0.18631544027728666 0.10300500033334421
0.18367904382514144 0.10077963004914446
0.18104395191193226 0.09900821804045302
0.17846439882548523 0.09678033917093891
0.17590566080882641 0.09498865651735566
0.17335973796877455 0.09310341213522619
0.17083654863812275 0.09106852426133642
0.16832870682436546 0.08916669770509514
0.16563389388604038 0.08734614506119928
0.16313111675285832 0.08533566274613048
0.16045746420345158 0.08332895393863202
0.15778853101548995 0.08141191642652278
0.15508870135757996 0.07940687646603427
0.1523242394691478 0.07727537616874565
0.14958845825291234 0.075496597848093
0.1466882763541421 0.07348207628548416
0.14381231475547107 0.07140029593653398
0.14095642962733773 0.06932838517005997
0.1379815628744794 0.06728138486834945
0.13499502241658318 0.06541621979833355
0.13176713266332213 0.06326040960861307
0.12860326123990748 0.061324972260999
0.12559332541094512 0.05925851447870407
0.12244157852587714 0.05749369282126219
0.1191143615617142 0.05544554452288238
0.11591584311891011 0.05345842606595318
0.11282450789721829 0.051679126894959834
0.10956767848241297 0.050024045215422
0.10628825944117849 0.04876302402221297
0.10315040205890008 0.04699555027987309
0.10027686728633801 0.04565742197704415
0.0970476346253487 0.044683150155583315
0.09393366181623743 0.043131215445300256
0.091285706765431 0.04247667132583241
0.08863302276098145 0.041685356158738515
0.08625344781967036 0.04183579687040801
0.08372425377303355 0.04157102685155706
0.08175879320632956 0.04165017750154427
0.08013723692053915 0.042028631079450214
0.07879231962677294 0.04324554740988141
0.07785832250566016 0.043888986256013805
0.0771806912659737 0.0442572487060802
0.07696210905270215 0.04449943879970231
0.07708305707802923 0.04488631367724932
0.07671868304645754 0.04520672698836425
0.07691425837268437 0.044919717191445704
0.07682097904265874 0.04500950009762224
