0.18343358018050948 0.1021537680251515
0.17939391602309973 0.0985979153572644
0.17539854436932076 0.09524277218527688
0.1716176779949169 0.09218464604626844
0.1679849068933625 0.08952500668138229
0.16435491485413029 0.0867309355890732
0.160880588636832 0.08418350313536085
0.1575797046573558 0.08154991601528193
0.15411620720014033 0.0791832679146814
0.15056863831619335 0.07721257105079703
0.1470745232585667 0.07474847361720259
0.14355884651050968 0.07244287675448467
0.14015270314983908 0.07004748541588902
0.13639497007352364 0.0682292049052153
0.13278881088944713 0.06607446983789028
0.12918659030748925 0.06417982301455735
0.12531301824720822 0.062272209034807
0.12163289767346869 0.060700320577696844
0.11777235845718113 0.058572833156535435
0.11418462733119247 0.05741187865717767
0.11041152316534356 0.05582555425453957
0.10693185923179205 0.05420132544387021
0.1035447380735678 0.053854219485895506
0.10053151579335368 0.05349215224906135
0.0976615014694915 0.053845090479124585
0.09511048516831688 0.053490351106210476
0.09326780393818813 0.05294213361152127
0.091382353897219 0.053756888084873965
0.09017256098757678 0.053700924003436235
0.08904621661138697 0.05462148489818911
0.08798787301532784 0.054858876598042554
0.08731923062062097 0.054691338149646496
0.08582880991428375 0.05462896285734674
0.08531421381898514 0.05491130272030893
0.08456292786060193 0.055552241548008516
0.08404969254754381 0.054940233577351026
0.08360078773575648 0.056180341872351464
