0.1901875435142874 0.1056454358261888
0.18509577816416287 0.10118137822885363
0.18043961534595698 0.09728293969307937
0.17604049709251016 0.09360736525267369
0.17187260594809664 0.09017469066601666
0.16756448081939243 0.08660946394711475
0.1632989506621526 0.08335823866932009
0.1594090568247563 0.08027764101721319
0.15518433088815725 0.07691964467591314
0.15097371070537272 0.07341420155269467
0.14670146762659594 0.07041515493974555
0.14233119291048069 0.06695712006764297
0.1381259545563749 0.06367292803716634
0.13351382314077545 0.060546745528217254
0.1291997416109357 0.05777420440452647
0.12474398966566318 0.054684576095572965
0.12049606057801683 0.05162802243245371
0.11576480113970661 0.04880442087444206
0.11148993418004373 0.04594895846855942
0.10683640481893153 0.0435879056437268
0.10252081024828885 0.041134536740466736
0.09855764884644237 0.03877413666920546
0.09468865029405853 0.037602398154043114
0.0911168876497872 0.03609765821365537
0.08769550019366923 0.0347840698738496
0.08446196920230344 0.03389793532211199
0.08162478786784895 0.03342655013976047
0.07953282222176597 0.03367514675195002
0.0772280157852674 0.033766467516047595
0.07541330529011159 0.03436483214932826
0.07319218054384279 0.03435720680079023
0.07125917036793475 0.034418797606774514
0.07115519190566838 0.035000913531320434
0.07110099535868031 0.03471317867813798
0.07103550367481222 0.03496563786517948
0.0709837777893884 0.03502972909496807
0.07071626642970788 0.035042746403791764
