0.17409924648695857 0.09930420993983839
0.16941710145256414 0.09580750551664324
0.16503768255181245 0.09144252158626823
0.16071891429049812 0.0880339766729701
0.15625849051454282 0.0842524397337602
0.15179136824009382 0.08094109220787865
0.1472627807734579 0.07784408604179474
0.1427380935770465 0.07415426265328583
0.13807264208253195 0.07080555213433712
0.1332609256631111 0.06739309402377372
0.12823222197417228 0.06359058127511308
0.12342697406188055 0.06032186079670209
0.11828760619467941 0.05679177090423546
0.11352758033445037 0.053632512738368394
0.10854882310352187 0.0505300173750247
0.10383482426513159 0.04751213820186249
0.09911643642486703 0.045049214727447634
0.09471191013348086 0.04252509528045681
0.09054952641711479 0.04062247732789994
0.0865574129743342 0.038563886301056394
0.08292892546194532 0.03761621445401699
0.07998628178174004 0.037313008672760134
0.07709790168911791 0.03645367055330422
0.07472241671399378 0.03723648154377498
0.07236002687219104 0.037247950428088775
0.07045180768612741 0.03766189701168101
0.06983740492156988 0.0384783186142796
0.06984952738307852 0.038708176069261316
0.06971012386721587 0.03851600323999868
0.06933497441116078 0.03908346776863445
0.06960319225714139 0.03882128355186056
0.06942911754306665 0.03877382397379457
0.06918305553187497 0.0398701169087517
