0.19516524528417442 0.11133970007143969
0.19164740017148457 0.10841653847944649
0.18843085880083293 0.10580606669256472
0.1850719622733954 0.10313333274842666
0.1817216591131798 0.10035474010685376
0.17839614083170013 0.09767396007647104
0.1751407283500735 0.09494388283751778
0.17154797357300344 0.09266916413129893
0.16795198432141106 0.08999077295243284
0.16428066434958355 0.08717249822964386
0.16055265494855464 0.0844115505140461
0.15652277720786378 0.08180961887133628
0.15271626959823617 0.07876481587427449
0.1487093106932876 0.07643493098564534
0.14462442774681528 0.07395577545247453
0.14057625321533562 0.07131121909781678
0.13654776304507593 0.06924357581363413
0.13248524390617344 0.06661011676011275
0.12856333828392943 0.06516116430190635
0.12473231374020088 0.06364754997651108
0.12094663882594317 0.06164258689860012
0.11758368485117589 0.0617421694315958
0.1144477182600441 0.05986544424646415
0.1114180874111955 0.05970475597751457
0.10858867819083783 0.05975170776823241
0.10584391076678099 0.059821190772118504
0.10280849039992651 0.05941847926928594
0.10005821097195003 0.05871975105908646
0.0970110393189613 0.05863875270504859
0.09373404772476727 0.0574020062704312
0.09106906081577658 0.056419433637183665
0.08988016176200392 0.056707936320689156
0.08939003360791278 0.05714422204574642
0.0893727703178589 0.056888571499802636
0.0889897817399559 0.05740294009420588
0.08856876416278785 0.057132989014410246
0.08855521381981872 0.05787683394302615
0.08786531380144537 0.05784993764663205
0.08767836500183733 0.05814633982776641
0.08516815439735424 0.056517783739965084
0.0845085799699902 0.05650818490023461
