0.1733523878439265 0.09113605662542558
0.16888778202953406 0.0876666926899098
0.16459237784848604 0.08442534698713024
0.1603299330348388 0.08106248151889149
0.156241199982963 0.07792027206609811
0.15219237821619078 0.07476385094312378
0.1482450295512041 0.07193643565223459
0.14389322482570796 0.06901006762703948
0.14011630347652573 0.06591697020879853
0.13605870084400495 0.06327337825682039
0.13217550899528357 0.06079031394739896
0.1284235992288006 0.058114720099293644
0.12435861377458719 0.05579117409618743
0.12063178262031299 0.0537226717084973
0.11699615947722192 0.05182706268170211
0.11321212342438519 0.04998097050345994
0.10982684592374785 0.0482189285067817
0.10642618036285104 0.04689170532442463
0.10309691080524887 0.04572051904797765
0.1002249452885992 0.045249893085923684
0.09734474471792144 0.04431790600490941
0.09500857479788496 0.044590553631831446
0.09248691507368803 0.04458036311405642
0.09059167484299008 0.04510037638418321
0.08868618867297812 0.04568526784480567
0.08672733743773534 0.0460607247340793
0.08580209081510334 0.04657402348931619
0.0857426643670821 0.046107337716868035
0.08528287065863273 0.04674484420252808
0.08514113197290751 0.04710958701458591
0.08507643892056597 0.04674575638340942
