0.18783233270901567 0.11009976146118747
0.18200080532075547 0.10527465021903173
0.17628762070618173 0.10058427594545474
0.1706938130957167 0.09618285032302347
0.16509481518072525 0.09205892588828
0.1596472554129322 0.08789467099321084
0.15420195563013592 0.08365353683247802
0.14864427905099628 0.07995778097793663
0.14306371533566065 0.07621282584595136
0.13770485040278296 0.07213327247008684
0.13196655697184687 0.06771856520060876
0.12634094677589774 0.06399569040223949
0.12065590663549981 0.06114516950273168
0.11529741517471906 0.05711495027075139
0.1098615671088372 0.05477892865724987
0.10456375049949498 0.05176289426747282
0.09953820462501715 0.0487945108884043
0.0946054138974828 0.047232908559431346
0.09032865084871247 0.04493263464461204
0.08642524498237365 0.04370579509657559
0.08290487784436348 0.04305938564258054
0.07958220672442831 0.04227569833627033
0.07675019175398125 0.04254233198619382
0.0738489647430083 0.04177159995014473
0.07113571868748651 0.04123919579551606
0.06829810642368943 0.04095707408358146
0.06871947392299074 0.04139246611032929
0.06854048981459236 0.04172906846951233
0.06807861974519014 0.04201804679127492
0.0682728731166281 0.04165739235111781
0.06789942974832808 0.04245165318635236
0.06805243839357508 0.042178241149136306
0.06803158141339309 0.042757713691451135
0.06787877386850595 0.04308734615299629
0.06766126467687884 0.04308579518893213
0.06798817246428152 0.04397061344421182
