0.18736507614210082 0.10410517443766872
0.18256774931120345 0.10016630219898337
0.17792474176268072 0.09638582161186215
0.17351885335017878 0.09286169505875022
0.1692470446821468 0.08953135672117185
0.16510022235482477 0.08605795992828337
0.16089996189211556 0.08289501651244395
0.15675843445812215 0.07970838503570185
0.1525763799873291 0.07629000173134905
0.14824651933664348 0.07318884817327369
0.14396987620078971 0.07005036877904856
0.13968681588443443 0.0671119384340441
0.13523387774045262 0.06363250934384251
0.13069932917538404 0.060796899107930055
0.1262042429131306 0.05784035061178868
0.12163878828591565 0.05505443375021769
0.1173365819422344 0.05219572539613539
0.1129439499474501 0.049783587746402604
0.10834433750294672 0.047206143891093046
0.10412306053429003 0.045081106389868515
0.09987887739666824 0.04315668662139988
0.09584366029376375 0.04165048310250947
0.09182091304833609 0.040399963952904586
0.08836705029319897 0.038763781700014696
0.08502785267366023 0.03824925597060312
0.08176861561714208 0.03750440809461805
0.07874571113640381 0.036893952893529855
0.07622672318850189 0.03725793693008343
0.07348944079327017 0.03718438807865835
0.07199344158397425 0.0376743594348659
0.07169587241578511 0.03766668486453979
0.07164655892556332 0.038018899277833564
0.07155056979958599 0.037658741896844254
0.0712810578107197 0.03811393320581216
0.07109424016132082 0.037965737996886975
0.07084596050285832 0.03858991335261287
0.07111585138354795 0.03847943993239235
