0.16265932268463093 0.08269296629701497
0.16069864630149353 0.08119450121379874
0.15869234538140542 0.07984972829331251
0.15694984455650304 0.07867284761713947
0.1550872690733372 0.0772219895269547
0.15327269470455615 0.07602052003454077
0.15152633194132337 0.07468950763101341
0.14973771784782053 0.073431838193217
0.1479148925388348 0.07238098927170702
0.146320707395173 0.07113152682707931
0.14446396794288363 0.0699572031304892
0.1427418692686152 0.06868397203288304
0.14088436317844386 0.06745026958820043
0.13905207947458934 0.06643529878901447
0.13727651739102703 0.06490345359707096
0.1353769037151885 0.0639861251104701
0.13354569330436875 0.06264084829882915
0.1315727123832257 0.0614951070239082
0.12964317108106982 0.06056111796593679
0.12783729805224914 0.05911982844714726
0.12565753572839186 0.058128068804343055
0.1236291173054089 0.05677583936687599
0.12154596093765332 0.05556205134389272
0.11962620385146605 0.05435974560658374
0.11754211793527859 0.053385311242630754
0.11547475430789159 0.051933054050410044
0.11345844876344376 0.0509867303802367
0.1113190211751516 0.04945619852162195
0.10914309204070417 0.04835879863428772
0.10705225012818186 0.04778572965669188
0.1051692054135674 0.04642090830090133
0.10319671322407414 0.0456760714055364
0.10099369302347261 0.04494580178903231
0.09918910411310423 0.04398760183318604
0.09712739444009676 0.043119547468862526
0.09518266412490432 0.0425861867224209
0.09330849324377367 0.04188443252078347
0.09164444822311739 0.04144930642706092
0.08986275303649932 0.04125336245495428
0.08819570854512983 0.04074345676965544
0.08657235283005907 0.040393158607610224
0.08510969399802269 0.040442186144854425
0.08383365399240476 0.04020118947902715
0.0823781632245648 0.04066511509645892
0.08142661228546405 0.04059659125996289
0.08019369086922017 0.04050921706979103
0.07955976279610621 0.041163203462071016
0.07885568256530529 0.0417998297319625
0.07806451706259936 0.04163875878014255
0.07777125890679891 0.041763755949775216
0.07694702256245953 0.042379577947630316
0.07660978334966784 0.042189455526523804
0.07622483051169705 0.042474266600361736
