0.17321643052977173 0.09180924785299112
0.17125123854461338 0.09009757418949735
0.16922062776869204 0.0885247390305942
0.16730569890136335 0.08695844638974606
0.16542503336550174 0.08548286674496855
0.16347710733684975 0.08389712725313479
0.1614849804595415 0.08236862283598376
0.15949577920264124 0.08062925906764302
0.15738072830720573 0.07908115898512333
0.15536752737076162 0.07751964434893112
0.15338885834733026 0.07592324336951138
0.15124030190407434 0.07437287918244949
0.14908589422000235 0.07284299291745581
0.14682512824385116 0.0711803110747834
0.14459089428753144 0.06957088352204698
0.14234672281402247 0.06777713341149916
0.13992558487852133 0.06627412408704501
0.1376721665260834 0.06463702237385982
0.13529498004208904 0.06263412427752743
0.13306512972028228 0.061163827543348356
0.13054023297837597 0.05958033089685922
0.1281275457693649 0.057983233678718764
0.1256033396657188 0.056072350704308715
0.12330855975525008 0.05463415535847429
0.12076734668444523 0.053029835327956285
0.11840950766393604 0.051478078663452956
0.11614343720225817 0.05029428682024991
0.11370043864738036 0.04893088664629865
0.11137496370312254 0.047328676591140394
0.10906070203839581 0.046666542938136754
0.10695285488370265 0.0449383615077227
0.10469245341107772 0.04421466653332898
0.10253572441507544 0.04296804313168049
0.10029286707270058 0.04291783687919742
0.09842612940842076 0.041622692016474006
0.09658370796622073 0.04130989747029155
0.09472929627644684 0.04094472026127384
0.09327994392631228 0.04036523971105859
0.09166465614195349 0.040533771999868025
0.09001091323557579 0.04032128897746321
0.08903205820023967 0.040958509508303674
0.08771697743853626 0.041281309164346865
0.086830140359181 0.0420285380704608
0.08584071472158376 0.04169983898708937
0.08517492984650027 0.04250097058866548
0.08462451033747348 0.04304294459955155
0.08432740159479117 0.04331968354663962
0.08396377095856906 0.043878513443806326
0.08380925983223322 0.04408769066098757
0.08381555231415999 0.04472642856705525
