0.1888206536993548 0.10990469102350106
0.1859651199881844 0.1072346350309239
0.18315627711822444 0.10494009530034047
0.1802510075109821 0.10236960196183012
0.17743781729854682 0.1001468924275126
0.17471362312348016 0.09774349551340865
0.17195715902739644 0.09579995650894278
0.16924267455556755 0.09357505558150203
0.16662078656333346 0.09141515158999712
0.16400159890276905 0.08947763621786015
0.16122761137776515 0.08755217890542094
0.15852146729205072 0.08524696288026176
0.15602067289660634 0.08337936158478787
0.1533764832289869 0.08153777093823233
0.1507801334798841 0.07974354892726665
0.14809568780396926 0.07765799577387138
0.1454576840025151 0.07602442554842258
0.14281874178792753 0.0740432388419012
0.1401293933821727 0.07228438677954767
0.1376689411758217 0.07032827155346326
0.13487713337692678 0.0690122482251227
0.13245188123872373 0.06717638434729561
0.1296276120059274 0.06513294804252244
0.12727074911873432 0.06409427088227085
0.12441418123798831 0.0626524529526248
0.12197049598466427 0.06100040161866875
0.11955569087430382 0.059177135552540235
0.11670707077825933 0.05809630376102649
0.11418299799171928 0.05673518415301943
0.11164050166570247 0.055549408379990936
0.1091483253500549 0.054459908171344405
0.10683505079534535 0.05287802999501183
0.1045781097555744 0.051989198785221194
0.10204225892664535 0.051550418191214184
0.09999694919975192 0.05077136174334542
0.09778248571773514 0.04978320537036832
0.0952857609710837 0.04914944476359381
0.09345495525033339 0.048737738129946716
0.09173473864466485 0.048448204361679785
0.08988231111926871 0.04827328693078186
0.08833590203181381 0.04823285410840224
0.08688182130591564 0.04823699400624834
0.0855441038085631 0.04803714543043365
0.08468284164060048 0.048376352575333834
0.08344987211535633 0.048953833240985366
0.08279222644606017 0.048058611367505305
0.08196001678265709 0.048305267236829014
0.08110383928177459 0.04892413068838156
0.0807796175441736 0.049464746292378736
0.08063144402553342 0.04891989363517532
0.08020822449017738 0.04938774527194519
0.07979103282285702 0.049268254974008996
0.07934143717550057 0.04928141952530841
