0.19109427630837042 0.10559059373688019
0.18828296988688736 0.10348418493542293
0.1856640303239424 0.10173222671786614
0.18312849952931023 0.09968480310276538
0.18066796959270626 0.09777588192725827
0.17815884997867187 0.09628652485305816
0.17576820720523054 0.09429852878623829
0.17349052537679696 0.09263356481737228
0.1711249339624723 0.09082008592438019
0.1687583083177254 0.0897105235355533
0.16651642235335073 0.0876969999489018
0.16430343738355332 0.08607597007164795
0.16188667071574261 0.08452351168733152
0.15976736020881954 0.08300074549852506
0.15717918900093647 0.08167816965913359
0.15498984768773658 0.07993379633018274
0.15263199384916354 0.07865688626749769
0.15006624054330345 0.07708328621999017
0.14755339578450744 0.07559190075452703
0.14517998060856263 0.07419842832476634
0.14247502754883407 0.07260692880329404
0.14013689112173705 0.07110310325737194
0.13748271111477475 0.07034327652169049
0.13499707236180844 0.06845645725842982
0.13245347840036575 0.06723420047203686
0.129949817224671 0.06598965296038094
0.12748020904324953 0.06495878244217618
0.12527324750804095 0.06408483711931844
0.12288838876399812 0.06308518009007093
0.1208146035480692 0.06189464389045099
0.11873643242905332 0.06186839348649903
0.1166820103049187 0.061482373366238734
0.11484842510455687 0.06104965708966767
0.11303603205164349 0.06113389466831746
0.11150728626823923 0.061043841648759284
0.11008553545249956 0.062005763047993635
0.10866234820561788 0.061859281909788205
0.10765264245106788 0.06159743062383993
0.10670929023907118 0.06269357110452205
0.10600492186427465 0.06262372647238763
0.10527758974362117 0.06313179532651748
0.10489671523821315 0.06341680587760462
0.10417500435142873 0.0635800158490725
0.10338802203355135 0.06288060388401538
0.10302967076845006 0.06330995389423502
