0.19043010855585496 0.10806524700550947
0.18752597149069083 0.10536113223917563
0.18458845617956884 0.1034515386288583
0.18162569665605097 0.10071661853637587
0.17864477431406173 0.09898121563528509
0.1759266673811857 0.0964738010745141
0.17309282750489957 0.09427661145842599
0.17028329403478687 0.09238294714435821
0.16754042136207742 0.0902109544825626
0.16487467846643802 0.0881082873776213
0.16203488639147476 0.08607959866078378
0.15922610890801078 0.08395829308480475
0.15660730417074964 0.08231619112306252
0.15392472861036258 0.08004806347534636
0.1512436841621754 0.07815858508064068
0.14844340435142087 0.07625016960845768
0.14573455107790298 0.07448604619708737
0.14296839593030378 0.07252018970434532
0.14021309254042136 0.0707974422870847
0.13761830712579617 0.06945355043273828
0.13479863960681038 0.06742720713375344
0.13232903218397843 0.06548269285762931
0.1292954969990201 0.06391954786771982
0.12690114374081332 0.06216109254949353
0.12401104506063204 0.06077496688617461
0.12142010656540911 0.05940195276015722
0.11898232713743263 0.05796547119270926
0.115996132027805 0.0564287773041385
0.11344544264453699 0.05504759764930062
0.11082368094683978 0.053718641546141144
0.10833420734321411 0.0522729194666902
0.10589396856626654 0.051227992379650526
0.10351066802425282 0.05026541009023083
0.10107724269659481 0.04929021032143691
0.09888885273762861 0.048676802114837214
0.09659223228503185 0.048220612913279996
0.09406030859566389 0.04757428198941469
0.09232042924730524 0.04705235050827811
0.09052701838865752 0.04667611182361624
0.08862853495529152 0.04694215930286537
0.08727468727033318 0.04677471166996531
0.08574079992956884 0.04633779072757294
0.08442697168973542 0.04658900018137898
0.08348940470357667 0.04675724047864593
0.08273948508696717 0.047239956790453765
0.08178973618936795 0.0469625079744207
0.0814757529244243 0.047628416622306415
0.08101525179140127 0.04724240536325832
0.08035439505756982 0.047658054668736655
0.07980674493201861 0.0481004536819933
0.07958268580046546 0.04769458780931718
0.07882077087671485 0.0478490759227395
