0.0646181150551734 0.032164589248515174
0.04339674955504337 0.02433946248665439
0.03841928602554069 0.02043348453427249
0.037536303657752 0.021598395115249126
0.03681825145155217 0.02121560267440552
0.0363335638166239 0.021728512944727902
0.03496580517140183 0.018850707471758082
0.034634028253519175 0.020892262689137152
0.033427409703856985 0.02019353719497217
0.032683514613804636 0.021903790678811288
0.0316221859214926 0.022441674384420834
0.03062956475360872 0.02260611175799776
0.029618462821282603 0.023093004627050214
0.02893545075777555 0.024913563369008542
0.028083977206935805 0.025030498280165885
0.027984486775803192 0.029109818810175325
0.027043062643974596 0.028924756742792684
