0.0819462515812234 0.038373923204761524
0.04714886517343202 0.02399466293575023
0.038109114316476345 0.017156024060949793
0.037215450651733706 0.018050179119895704
0.03628155494475524 0.017153862151910795
0.03593707002827816 0.018088845328347345
0.035475408241391525 0.018100163320022483
0.03450962615711232 0.016996129106586006
0.03388816858783267 0.01762812538409962
0.03263374045367015 0.016014728947370237
0.03197785881207221 0.017431016732846888
0.03129317912012885 0.018481098975481152
0.030038229082651406 0.01886278448834823
0.029166571543004373 0.020052162185245463
0.028371023307416796 0.021052117269326168
0.027644299275946773 0.021580726282323062
0.027228227419455665 0.022683639755640136
0.026225971954428898 0.021007168982082488
0.026168064626990624 0.022784929847009236
0.025934153785773646 0.023582351951605865
