0.189309112073872 0.10796723532463112
0.18080648465252291 0.10085304269634858
0.1720857679197005 0.0939352925707832
0.16371088153543462 0.08724570864850474
0.15532400685128941 0.08119895046548392
0.1469407066162689 0.07484395563047548
0.1384335847803368 0.06899294843997014
0.1299708512777707 0.06327973939864472
0.12135218363001198 0.05780624853335511
0.11263970825442074 0.0524559000894053
0.10446756884101525 0.04759605216075389
0.09629274619502286 0.04291025038115613
0.08855010607201735 0.03911841583653994
0.0813294792658185 0.03588663486820438
0.07487988413495035 0.03323174226520645
0.06917134513822788 0.03113001493919342
0.06423370844669352 0.029229160605678026
0.05936915630274469 0.027576705849528753
0.055642956000812024 0.026719369893331173
0.052411184426395405 0.025511899271686445
0.049858869632308206 0.025007938429904324
0.04752332649083469 0.02414027538530734
0.04590044513295341 0.023775115114470346
0.04473928102246188 0.023467870163159526
0.043631834270062606 0.022850386396602737
0.04271937707145556 0.02293200336230486
0.0421611305317523 0.022203418296815304
0.04183595628262811 0.022192293827466295
0.04138215457136969 0.022018093562766912
0.040986392139263146 0.02239613388117809
0.040527410830814674 0.02157450853029831
0.040354471699102605 0.02183766434570827
0.04017091942421202 0.021530739686913342
0.03975919415395683 0.02138607870102264
0.039619769076403744 0.02228567718768526
0.03947425162343238 0.02187659395781758
0.03959941723638083 0.021862712828614225
0.03942513409263194 0.02204834311368196
0.0392471183806952 0.02152481762570948
0.03916160232070486 0.021617300414503007
0.03921527895115965 0.02165183035996097
0.039070020238473446 0.022102425644105837
0.03894712579025033 0.021738427271223982
0.03893814654405776 0.022043893861996778
