0.19058865254638255 0.11235067156150566
0.18172259733717075 0.10466758939767655
0.17259696944438996 0.0974177413975495
0.16350173643457414 0.09046466969676673
0.15461448907791386 0.08337470855901703
0.1455080231765675 0.07718069755253447
0.13663793638395047 0.07086121220459718
0.12727459828958207 0.06441392202311572
0.11811432367765597 0.05871566386742918
0.10896652686425014 0.05337526032459784
0.1002959412048432 0.04795037644352406
0.09193090360175724 0.04313043867802059
0.08445399222136148 0.03887115688907272
0.07709456654407078 0.03536863497295248
0.07098624845095265 0.033099981843740335
0.06527139757625419 0.03021093229955006
0.06057299889436937 0.02813799734859052
0.056086296646090335 0.026051068655779067
0.05249564972040538 0.02536271573883159
0.04954448757483232 0.023889998486043288
0.047033830979475964 0.02341432455088828
0.04522442091523417 0.02212449023722338
0.04376185630264616 0.022007343898460978
0.04251459356583037 0.02197927144889973
0.04162799474825452 0.021988902261405947
0.04116028798031193 0.02190667419271754
0.04079003827725097 0.021528327972913812
0.040177386030871856 0.02138936429009413
0.04003761170454657 0.02079373339955959
0.039571626259922485 0.021041460123208802
0.03954000083427921 0.02078092917971167
0.03939904624036557 0.02091744638530319
0.039025818336736844 0.02139496664202675
0.03904375696764866 0.021131215087933784
0.0389547126011554 0.021315160774607236
0.038993141922307996 0.021098172810045213
0.03874648514875757 0.021254425021854838
0.03869556127072138 0.02080659426331246
0.03872765114243391 0.02129785201565124
0.03879673629820893 0.02116488449477003
0.03850813573531178 0.02142190351616015
