0.18957839362991386 0.10112520824642104
0.1825818838255353 0.0957052906598564
0.17568112709261477 0.09035631451522154
0.16842432456136047 0.08502246046577211
0.16124387916315036 0.07947186889326804
0.15365482535682393 0.07419820303408517
0.14599949570560125 0.06856768574757377
0.13824761759611798 0.06288814628436237
0.12992920367483268 0.05710808589633102
0.12190766069036661 0.051721071330059945
0.11401731819642612 0.04650274236864351
0.10610679396024278 0.04144674944747799
0.09845753991423468 0.0369557069597189
0.09114575986386965 0.032893510688153216
0.08438010389169921 0.02961038642747947
0.07808665373144123 0.026576323771380424
0.07284232355522491 0.024921486253334686
0.06842164516196299 0.02344944329247541
0.06435024219623967 0.02289710889984136
0.060889174022812693 0.02195724200515573
0.05820072829832149 0.021730666543359856
0.056122325085434126 0.021290119599316044
0.05402454510007997 0.02096324433514843
0.05252725819321237 0.020546952513469118
0.051075150215026593 0.020308106766001695
0.0500548031089926 0.020125616419698532
0.04924382001703776 0.019839758699605737
0.04817327250419504 0.019985127277330712
0.047487198680646873 0.0194614905580661
0.046914975374057956 0.019855959604311215
0.04662329361740231 0.01964312589756952
0.04605003534967274 0.019301537279711654
0.045786163382185545 0.019748661611487656
0.04547363865811385 0.018980533151578008
0.04494920564049222 0.019244625722086746
0.044845508283982295 0.019258169137005562
0.04419722970801523 0.019167305232560133
0.04406315911691902 0.019173783450224646
0.0441020132830746 0.019261023626791537
0.043790811009349305 0.019579993428401655
0.04388488226895374 0.01952732072110212
0.043607881627737814 0.01917899255905004
0.043401402088689575 0.0194751224219642
0.04335737790831747 0.01934350498024575
