0.1841029022231749 0.10273403621742128
0.17523133191450269 0.09565490277461194
0.16664416569696228 0.0888417788065958
0.15806255933059773 0.082213644242503
0.14953080980524253 0.07601295665285591
0.14083775760962763 0.06996556275087285
0.13233956814980402 0.0643589499581647
0.12346832320247428 0.05840415119849115
0.11482449626408624 0.05282230102343611
0.10621998063143068 0.047687676427542916
0.09812157413645271 0.04301143986244385
0.09007813456945125 0.038562801125592086
0.08297541990752082 0.03532539426039767
0.07594894506369426 0.03227262932981509
0.07016927402315042 0.030288172370491237
0.06484036241425771 0.028019279204448164
0.060356887899620286 0.02636838735496631
0.05612467846643802 0.025720034051123854
0.052837146121692796 0.024999499427023106
0.05003854574963253 0.02417624690231109
0.04816790463467663 0.023858146891435297
0.046693386169463495 0.02340240559953745
0.04534935674148702 0.023041968624737313
0.04431931057845419 0.023498136109462563
0.04345866762616365 0.022683811917293965
0.042390391505389514 0.022979022387274006
0.041841937545933364 0.023281765883343433
0.04168834306865507 0.022684025013707663
0.041378914862506125 0.023188236917259217
0.04106493159756247 0.0229152237641559
0.040864044892209704 0.023162746785735135
0.04074726887861343 0.02295581252310671
0.04079747500459334 0.023547303017041284
0.04046308010013474 0.023427629699869907
0.040311222478258205 0.023599287683568036
