0.17024846192172302 0.0871444394489797
0.1692934446212151 0.08597493180125519
0.16919272799532278 0.08584266017594015
0.1691818117609135 0.0858215990528691
0.16918508663123627 0.0858180690747839
0.1691842822771219 0.08581749693766305
0.1691843780335641 0.08581758869550318
0.16918435888227565 0.08581760488806321
0.16918435888227565 0.08581758869550318
0.16918435888227565 0.0858175940930232
0.16918435888227565 0.0858175940930232
0.16918435888227565 0.08581758869550318
0.16918435888227565 0.08581758869550318
0.16918435888227565 0.08581758869550318
0.16918435888227565 0.08581758869550318
0.16918435888227565 0.08581758869550318
