0.17548523194782448 0.09106970645831504
0.16971752767256099 0.08677217425559623
0.16408524997914745 0.08230375862490119
0.1583950911256452 0.07813831559179035
0.15253669358894473 0.07379431283141029
0.1461607771500206 0.06939713883312017
0.13936557687047377 0.06470423433245873
0.1319315276609081 0.059700584445124494
0.12386947744735344 0.05473775510186578
0.11541278121810786 0.049461982548812684
0.10664429336226522 0.044418592267059055
0.09772559239642416 0.040099944880740326
0.08902600612022354 0.035723138270134375
0.0808152760724344 0.032800250620450826
0.07387400731893853 0.030468228955103857
0.06796413483995055 0.029303661448955954
0.06324970955923842 0.028057476977105932
0.059676812876265875 0.027647387305064882
0.056969095792016665 0.026701929362779674
0.054700283686681846 0.026373652316304015
0.05284121078033924 0.025539760700160834
0.0514071235838665 0.024745247641703626
0.04999350561884237 0.024341512894810513
0.04918976725487214 0.023883612529058438
0.0477634997647955 0.023208768259300072
0.046893710755806825 0.02346507463935974
0.04603059628787805 0.02348071938760457
0.045597402761184326 0.022480096084967285
0.044977518535770714 0.022916645403174677
0.04427266208411428 0.022355244990164044
0.04381419825623614 0.023148625633659208
0.04332881106424057 0.022119214868537157
0.04310642858062823 0.02245074040479742
0.04293305342362079 0.022382660153333865
0.04267357045800787 0.02226687775917931
0.04224448802695621 0.0224620176496561
0.04200823898065374 0.02206076885513528
0.041883636367399855 0.02260933612533347
0.04186263048943389 0.022261565459878084
0.04164188190280749 0.0225601182887702
0.04141929338526436 0.022844891838798745
0.04120757195969815 0.02265036841090484
0.0414169743056714 0.022409629051199115
0.04088004509057366 0.022778528301614923
0.04088363391415863 0.022632842111646154
0.04051780389985624 0.022624251839567233
0.04070661722721184 0.022419441527355415
