0.19266075603096025 0.11108560007401602
0.18443045825229845 0.10444575741248693
0.1761218305842861 0.09794108072916667
0.16746880463716016 0.09144757575417428
0.1588273756574876 0.08520239415130562
0.14976939588490099 0.07869381109043017
0.1405859117929092 0.07226047495938642
0.13126887552734068 0.0660743407777941
0.1217130798598833 0.060351364789462514
0.11225279370850032 0.05390420486519288
0.10262814524337478 0.04931695898913706
0.09395463995339266 0.0448600266794426
0.085855198940653 0.04111831489650682
0.07838385026072361 0.03889167703265141
0.07244060587699395 0.03634037933296461
0.0670784808321792 0.034568257798553964
0.06276045215779949 0.03347331611423366
0.05855476730708785 0.03235366327012719
0.05524661004046833 0.03030384346733771
0.052330063851809286 0.02880646517284238
0.049773618370486605 0.028493226840910452
0.04787858372193246 0.02780341902745804
0.046340939984762984 0.02663080686478198
0.045227012412457766 0.02592424148883773
0.04389903494046391 0.02562777134899643
0.04333596332219718 0.025800188756163467
0.042638385106646824 0.025964118428696992
0.04225548374452401 0.025212441035489593
0.04208464190099256 0.024394761805997745
0.041779835419367826 0.025119902405826858
0.041597511714759644 0.024709615836945698
0.04121190535278416 0.02429334480394598
0.041073206964948726 0.024744781207141457
0.041303664319417434 0.024973548774891968
0.04099318884873979 0.02447659111487994
0.040614862965091154 0.024900220487641775
0.04045090831976613 0.024798978873970035
0.04070376825280184 0.024886619915990456
0.040340291091748685 0.024663549813191177
0.04011113108206747 0.024453285719533698
0.04023375054790635 0.02412556987405031
0.04003368607298788 0.02431830044450431
0.04013078069979152 0.02478069596405189
0.03998303686918636 0.0243170806980432
0.039919083286676885 0.024586206194998204
0.0395719320467203 0.02413921827889618
0.03964053304918941 0.024566942704591716
0.03961410654353661 0.02450819291208148
0.03946740106837135 0.024064630384189416
0.039685649952760346 0.024300782865699016
0.03924338487489932 0.024530709059717597
0.03936977887067446 0.02442387361968282
0.03892906533084949 0.023659414133930905
0.039060850141933834 0.02385959339573673
0.03924856705990074 0.023776916376351064
0.039055404171485786 0.023527747951123574
0.038995136391080515 0.02350783339779122
0.03896751565676936 0.02393664735736269
0.038725547664629746 0.02339474509626845
0.038514102046714155 0.023609747333586402
0.03872046859575746 0.02381603064249717
0.03858481573080578 0.023526581352656412
0.03848097299266757 0.023372999594544582
0.03835875879719668 0.023498665368835173
0.038132692271389525 0.02366985505734201
0.03827004775149669 0.02334519787891033
0.038123697187659615 0.023795268378661343
0.03811564933348804 0.023613629794544313
0.038034185193421687 0.02372238919196001
0.03801601996834728 0.024175624654750632
0.038087407504352556 0.023197871639686195
0.03777152922811813 0.023068578514808646
0.03769081807559941 0.023356746937995256
0.037579325559509075 0.023164954429634437
0.03751392595314219 0.0233111273573899
0.03726232979220076 0.02268344954886282
0.037147081930570286 0.023651710332208125
0.037397774026844646 0.023544909438369416
0.03715138882749882 0.023601458903930197
0.03724717891536643 0.023410051718525504
0.03701393982346058 0.02340768929019451
0.03704110972446296 0.023428483442826706
0.036989275884201145 0.023412427433854983
0.03689848093347281 0.023292639827695055
0.03686033755789083 0.022738016594249337
0.03655578287146516 0.023112476100410083
