0.16768029329355585 0.09334144012051755
0.15935805302486175 0.08694888190157134
0.15144410865000882 0.08074623002658517
0.14370976505812186 0.07528101972020639
0.13601125352690127 0.06973549431610918
0.12826530425422125 0.06458234702651054
0.12074031297188775 0.05911559302940949
0.11295674099307244 0.054556124363006275
0.10543251576227644 0.05037089814387491
0.09811751835765904 0.04613688913891161
0.09167865409647592 0.04340904189960924
0.08556648208910221 0.04068457620659185
0.08017749146005745 0.03859699628443359
0.07545449167424546 0.03724757040352378
0.07120050694226546 0.035709760279296184
0.06753899604502912 0.034107546946333625
0.0641058546867646 0.033157907276133325
0.060804478980771494 0.03136319948836692
0.0578210290263056 0.0310439712637762
0.055313402408711174 0.02985211248569873
0.052865269268647534 0.02831010578966495
0.05073282117936392 0.026617891509329677
0.049197960318836775 0.025162965702344303
0.04768938460168997 0.024671702322539905
0.046394355326264416 0.023947492774232016
0.04512716244858262 0.02325872064353638
0.04420031669336612 0.02261606762254875
0.04339903157296733 0.022446979513259416
0.042805231511499356 0.021743663764902336
0.04246104455570236 0.022009009896633607
0.04218723858491283 0.022042286956862674
0.04182801786769248 0.021530183752307547
0.041563208214646416 0.021655813729252796
0.041581933386916084 0.021840225397844724
0.04107191542453963 0.021949031304925162
0.04094211277933303 0.02168590625267717
0.040620830764507176 0.0209448240568244
0.040537120482747296 0.021651024779625733
0.0403760389957003 0.021682527405152186
0.040173992902685716 0.021522708187096524
0.04037830363555803 0.021982085717453904
0.039944261228323806 0.02150434042650944
0.040088365098171035 0.0214565008572989
0.04004564096757825 0.022095258218220785
0.03987676969395935 0.022072824775687703
0.03986525737569741 0.021489064095506914
0.0395223128597378 0.021912548117811365
