0.1881701430087862 0.11055554529371796
0.18268100334753573 0.10574414727121818
0.17734498724602366 0.10148921897096518
0.17199983544244837 0.09736303956933887
0.16687964790812723 0.09297342824708325
0.16166885029736805 0.08944073670825416
0.156784553485188 0.08566881368285421
0.15149893696434524 0.08174432434545972
0.1464528788531595 0.07840595376856108
0.14118801397421502 0.07495537970793928
0.13618056713212653 0.07117517588310114
0.13096965460687598 0.06767510044420906
0.12589857386519643 0.06408121730405913
0.12046091589607562 0.06084418537044812
0.11541198492260586 0.057891327815994015
0.11025351171024633 0.05466301364908797
0.1054981106525427 0.05173984829014385
0.10029017632785993 0.04872719095603346
0.09570424541629077 0.04657197129248056
0.09116744044977838 0.043990481968205875
0.086749782658392 0.041419965377519005
0.08252985440180725 0.04000907629565002
0.07864179440816892 0.03804837180170171
0.07509213365106934 0.036392789142427245
0.07166188341480516 0.03471947963823167
0.06839195325830082 0.033337176847061716
0.06571101732726667 0.03263113215046762
0.06267254410877836 0.03136585566692814
0.06017940239714693 0.030693298307475806
0.05806749908681284 0.029248239464276835
0.056057012603208535 0.02889572825978876
0.05417698279592167 0.02785667674331166
0.05241824523426621 0.02693859772651002
0.05118171263808125 0.027001086742987117
0.04977942546431583 0.026609483152095853
0.04858086253131803 0.02577980638962237
0.0472296404846511 0.025864764155063693
0.04647415910171802 0.025136002555255103
0.045444079965470494 0.025001524530241848
0.04476177038491145 0.025076971514308877
0.04452747888944184 0.024984690501155923
0.04376608419830748 0.023850223675451875
0.043297252225970306 0.024401465974470234
0.0431038894418404 0.02402075149997376
0.04268773618758458 0.024111772860573737
0.04232884865485693 0.0232008957116874
0.0422905438244033 0.02380287476556976
0.04187696178189168 0.023938903754647176
0.0415416939652425 0.024056388608174883
0.04153803585393418 0.023683067511939025
0.041258046695733394 0.023778771435348352
0.040836468519864576 0.023608640118161127
0.040749789476651824 0.023129235777265722
0.04059136069789562 0.02309523594765059
0.04063807343863382 0.023389846291962668
0.040499175335305164 0.023205972084502608
0.04040594616608484 0.023719087640830774
0.04027638486517925 0.02318361932067709
0.03997997011686957 0.02295443808124199
0.040111616636982976 0.023828421166703032
0.040126392725330466 0.023318661087411062
0.039902208916996806 0.02359486755727141
0.039465830712261465 0.023254844985160807
0.039821680193123765 0.022791017718127155
0.039477164153971935 0.0230217822895721
0.039481186161169565 0.022729524015979927
0.03952624700609445 0.02350785442727898
0.0393794964125228 0.02359580353036752
0.03932982701768396 0.023217397969330034
0.039376958717505246 0.02386833893572123
0.03908967967125875 0.023031953916504165
0.039151668857192234 0.02311992999288078
0.03892576851364388 0.023534102133902134
0.03923180256250122 0.02329025821507093
0.038961286667682 0.023516912057413658
0.0387232867858141 0.023909483989346718
