0.1892620484146629 0.1100575477974791
0.18388535282099638 0.10520069277772336
0.17845685935781078 0.10143871832209488
0.17321478067170556 0.09690951005543039
0.16804291687539288 0.09296651353241467
0.16321669834394154 0.08910081545179707
0.15803486825384547 0.08515133487351968
0.1529824273233685 0.08166224879281772
0.14797925192212302 0.07810259280575148
0.14282550778794398 0.07473131988323428
0.1376051746148387 0.0708455265461049
0.1324873436701929 0.0675379674387327
0.12736321065142228 0.06405246884762224
0.12206968900712616 0.06090435903689372
0.11693247223020294 0.05781737473400492
0.11173624425082017 0.05489682868896399
0.1068171252811665 0.05189843146238789
0.10195241325890401 0.049390553016356996
0.09720924397824827 0.04639763534795694
0.0925783034148839 0.0447322110687968
0.08823762276478764 0.042882320732241595
0.08430356498261433 0.040808252157213294
0.08021624785595188 0.039219480572324814
0.07653314115940053 0.0373381478825499
0.07301306346106151 0.03685222108868181
0.0697680372459679 0.034925316651496105
0.06705352672892848 0.034204422576383446
0.06389380393117437 0.033468426498790435
0.06157473657522002 0.032694953113264924
0.059391840062912545 0.0315698233683821
0.057410653087490666 0.03065467337538913
0.05536446937802039 0.03075054704167211
0.05398883786606897 0.030185817717177158
0.0522000895681086 0.02921717161087573
0.05099603370284015 0.028970955556712055
0.049917966562978845 0.028909489901711077
0.04860592173196114 0.02839704757366227
0.04786985002559966 0.027986710514186858
0.047124761653062626 0.027881860151726043
0.04648707712219324 0.02791479862097538
0.04554894096761797 0.027702953374497942
0.04498822903007377 0.02691105357947062
0.04486530501194651 0.026797152113640445
0.0442518024123841 0.027154989584693923
0.043887087857781316 0.026947467927524164
0.043481126851524436 0.026597879025131433
0.043082383974307026 0.02676818645693873
0.04293760413290213 0.026528698938808885
0.042906491838497464 0.027104201361677117
0.04219875068910351 0.026186821810338025
0.04213834382182638 0.026759013113183287
0.04193675898351554 0.025930008046181098
0.04186004058343892 0.02672618891212094
0.041849978367674935 0.025914108823791526
0.04171149580429583 0.026511534794163346
0.04117218885672049 0.026320964689663336
0.04106570586606652 0.025915583680623584
0.04105278997137995 0.02597856936825148
0.04080350313212125 0.026525913983926005
0.040926532664427154 0.026568892109232137
0.040499444841945134 0.026323372293789185
0.04066802292673464 0.026837114090290024
0.040488389833682026 0.026941486120805304
0.040293068700703774 0.026579922975376067
