0.06755846483085809 0.02570837559661812
0.046127662257018115 0.023559081350955677
0.038619383614561235 0.021140608460344282
0.03629472880323747 0.02151456438926237
0.03464077247045296 0.021745120387009237
0.03347539474580829 0.022571259448437773
0.03219459889801759 0.021950764591292776
0.031040273783586505 0.023078339143897217
0.030036762003139487 0.024331996682544738
0.028841425445906756 0.02417488589763475
0.027853321133592155 0.024863800824788836
0.02735135661306086 0.026691804817436215
0.026548122733939132 0.027147317671767514
