0.06218367338105732 0.031442248867643484
0.04033748745207581 0.02172442700359397
0.03873521166233797 0.021772181561864386
0.03772154832881261 0.019828039384537633
0.03719418408693398 0.0197576206397538
0.03706320603139953 0.020245317608212937
0.036886834634446336 0.020282873552428315
0.03653223655947256 0.020402492041464697
0.03607477930821256 0.020134085515888918
0.03565923225778676 0.019429388002409797
0.03528962196658912 0.019783009224491235
0.034900328938699945 0.01999054656755726
0.03448256512663751 0.02066336362910937
0.033597849812072235 0.01922544270890907
0.03290963389860787 0.019692616956917944
0.032147594556039424 0.02136980589093106
0.03123443957814461 0.020401871326663785
0.03021034358024298 0.020230891386611664
0.029284491298114165 0.021455532002457468
0.028462125396967908 0.022475968243842164
0.027529218258960965 0.022476970833183643
0.026618105287195784 0.02356439299662711
0.02596294210366332 0.02503886592232131
0.025134454971950257 0.02485114827272451
