0.19024419325698186 0.10764629674157178
0.18141932187040666 0.10046126116766367
0.17237550143924546 0.09317385244785181
0.16332115461170996 0.08606090589766612
0.15437944022537972 0.07944656695108188
0.1452709207343214 0.07301531718562367
0.13629109122366487 0.06702991398049725
0.12689053121937777 0.06066655103177537
0.11765134087150907 0.05471268066666852
0.10840215044708476 0.0491747473550636
0.09964253314857913 0.04413148818586968
0.09091844722256247 0.03935155103351272
0.08315499066021557 0.035746432054808416
0.07560332997764577 0.03243909699067253
0.06936617696594806 0.030366171087113335
0.06366667400324595 0.028003906402017824
0.05890364710926017 0.026249764589541452
0.05463356657275845 0.0253298042974657
0.051134846008390494 0.024979620381959115
0.04874364109964478 0.024033779055383828
0.04664435708598726 0.023731999243733044
0.04506180430089417 0.023376836744497476
0.04356669237659236 0.02308446032108944
0.04278054760227829 0.022563700191577205
0.04195202929783195 0.022227085224145505
0.04163164407000245 0.023262785372202176
0.041128688066511515 0.023166796974897427
0.040772804959272414 0.023520086397375635
0.04037924692246448 0.02279371266007911
0.04028987303252082 0.023281301686060088
0.0401809343994978 0.022560073480638314
0.04016373331087702 0.023048695413439835
0.0399664973511759 0.022603280475143435
0.0399404182041585 0.023147496140484624
0.03979678791799363 0.023184816516224036
