0.18290794236105665 0.10389348378567717
0.17589091027759257 0.09807855196542271
0.16874661788246195 0.09239082889671582
0.1616342506851565 0.08716933820877643
0.1543165433732252 0.08201580769525722
0.14696432543952972 0.07683693582530067
0.139135987323992 0.07173552376497834
0.13095678802863683 0.06630053957064412
0.12239081888764414 0.06122919169676612
0.11402925144814383 0.05615191734591937
0.10585672637680911 0.05176924444737686
0.0977131867805244 0.047604971400916386
0.0902684872749647 0.043908809072186174
0.0826725787715475 0.040723114499448675
0.0761012115334881 0.03841781481272937
0.07017063683089994 0.035877790474663954
0.06469001207450434 0.03408158757385535
0.06041260531676537 0.03270726563190882
0.056589136761036045 0.03163895608681354
0.0532675612335636 0.030176754422857437
0.05052039508801626 0.029226086525095618
0.04842289331230879 0.028396371653192153
0.046573783747634434 0.0271364339552543
0.04564350991178763 0.02644173804634993
0.04434020249193501 0.025083954105707795
0.043316743274373924 0.024638750462891316
0.04290209872841573 0.025171903995477484
0.0424252699489013 0.024052366587986658
0.04176758118920615 0.024507172418897296
0.04175888171643346 0.023963809477216075
0.041377656168798536 0.023570084681475503
0.04105485162654191 0.022405067770397618
0.04079891859568658 0.02279566740205358
0.04071291494713632 0.02259970504064462
0.04060705620029858 0.022221920470867556
0.04048449274212131 0.022170730391112073
0.04032275053562324 0.022446285931938394
0.04038144923468387 0.02304473326406084
0.040144171952677624 0.0220437955637049
0.04026684313685235 0.022455255260811623
0.04013087138285785 0.02224851540132677
0.04014640068386953 0.02258238439893908
0.039965437765513465 0.0225853813719235
0.0398003991434931 0.022121368721259284
0.039653563821132484 0.022051429006376154
0.0398234429313054 0.02165390300716998
0.03962978749653745 0.02219474935514749
0.0394269945032738 0.02244146054905128
0.03947370210186157 0.02185293385870346
0.03938775351326556 0.022195388961268433
0.03941260231001309 0.021641342978111457
0.03936979439253339 0.021691302423305126
0.0391375634750304 0.02195994643976126
0.039222968645816994 0.021664379593505426
0.03893829910666134 0.02150095618146445
0.0389736356277394 0.021360877043457894
0.03900914690432445 0.021504629193829866
0.03904814850322722 0.02149290443099258
0.038964553129197964 0.021981048044232374
0.038916926268765195 0.021654889403951435
0.03876869529625971 0.021637441920525708
0.038630085452282956 0.021894489365244737
0.03860454720915168 0.021454897793856533
0.038714841873173735 0.02147186894614156
0.03864358232280921 0.02188033706778387
0.03856719262105453 0.02211764173369379
