0.19176937224972498 0.11195027541715648
0.18313265303929946 0.10431298309400579
0.1740957856946409 0.09763825408924917
0.16526812418965112 0.09035696828876046
0.15648442372836613 0.08382259250642198
0.14796878683404055 0.07734856627121157
0.13890972314307323 0.07090304861995493
0.12991377611533475 0.06494049210450409
0.12100988541236936 0.05921879166802726
0.11194108564037207 0.054022613280909855
0.10319222404243772 0.048484847421888605
0.0948661002051656 0.04399567819646492
0.08713097087471024 0.039977437401017175
0.07974074820986563 0.03688808004019859
0.0732995536404924 0.03413174800945881
0.0674587491359348 0.03186090961643646
0.06250754426377347 0.03002187210024545
0.058228330418839874 0.028688240117704523
0.05446436628874941 0.02761098342837045
0.051034647096127025 0.02653089660835864
0.0487575935676715 0.02578844836430033
0.04651722060459394 0.02527986989541155
0.045168327344732244 0.024505487679189523
0.0439875661324503 0.024205055356399392
0.043114743254459374 0.023876972789757762
0.04218561896996061 0.02334100981698722
0.04126972232658534 0.023084623894181578
0.0411249856500717 0.023646812744565808
0.04063505454200554 0.023799116293423187
0.04034998880398642 0.023394381032509907
0.039920366243167284 0.02321208872806731
0.03984225937242162 0.02331895074209906
0.03963086651159536 0.023326869793197327
0.039507856163685566 0.023644787805996385
0.039489448735610166 0.023367910674124054
0.039319786732439986 0.023388420484988626
0.039091933659744324 0.02390685524935508
