0.1861040817370862 0.10046601540046317
0.18048298706782437 0.09630698874345044
0.17529222184975093 0.0924573371382539
0.17037250481693206 0.08874069122109347
0.16529023164785653 0.08528459978727726
0.1598787765574747 0.08163121280461012
0.1540589298168095 0.07783600598373386
0.14770816148243843 0.0739453062388768
0.1408134869808009 0.06962889329595198
0.133675485783922 0.06570477210720563
0.12651012697151023 0.061981190376834985
0.11940604270645395 0.05817116736353688
0.11198685271709288 0.05428158490532145
0.10501988210160418 0.05161290528034632
0.09817479028573109 0.048841100638099134
0.09207927989929793 0.046237056315219315
0.08625134173926792 0.04416701293556691
0.08077506911316971 0.04195724935298848
0.07551271637891728 0.040432530913540196
0.07128220633873941 0.038174402852930445
0.06700674822459896 0.03695799885261679
0.06338816494039506 0.03499679916268488
0.05972056872125775 0.03337532477957392
0.05715272566499402 0.03196801859285876
0.05468494809081571 0.03053306630866284
0.05304514774529583 0.029495112416092314
0.05147618322788378 0.02825386632994202
0.050044581326789 0.027944998645006578
0.048947260377546965 0.027044190338318282
0.04815506254351173 0.026445993990876205
0.0469325017435333 0.025545698448588665
0.04640017253012727 0.025104054470217435
0.04557841468238891 0.02417032399024059
0.044825802561553774 0.024688413044484547
0.04423623014700835 0.024118677820044437
0.04381571094332199 0.02335658577756069
0.04347998406919223 0.022997494168951187
0.04290162473402691 0.022802187606223195
0.042491739283245414 0.022914126773668254
0.04225830901630403 0.02237653243149554
0.04191538604554391 0.022246419814183682
0.041680107679268316 0.022152991441605915
0.04157461280691089 0.022435353255162275
0.041357030231151455 0.022034695344971482
0.041315591630795026 0.021931832107419804
0.041113191238944344 0.021617295677096
0.04101248897651837 0.02212421996120349
0.04090534230553322 0.022152408509445054
0.040896326836501316 0.02171756810504386
0.04078548396684774 0.02154426318324831
0.04069233209988822 0.021714827514259814
0.04065219578714553 0.021842655631228305
0.040587081406458364 0.021901186338194614
0.040318982519623174 0.021801029956926926
0.04041552416463612 0.021889618103437557
0.040456895735483014 0.022060096074128937
0.04055314532334729 0.021945813033620417
0.04040550325296125 0.02182179961391755
0.04035593971848525 0.02176930603308015
0.040275437277538635 0.02184069228332541
