0.17299722369757423 0.08718334943783758
0.17033649193251624 0.08507334275130918
0.16993095965890134 0.08476568503809503
0.16986328469987047 0.08471336076616844
0.1698534909009283 0.0847042585621185
0.16985170846785272 0.08470280049409637
0.16985121015322946 0.08470282193627317
0.16985113348944125 0.08470278441246377
0.16985109515754715 0.08470276833083118
0.16985109515754715 0.08470276833083118
0.16985109515754715 0.08470276297028698
0.16985109515754715 0.08470276833083118
0.16985109515754715 0.08470276833083118
0.1698511143234942 0.08470276833083118
0.16985109515754715 0.08470277369137537
0.16985109515754715 0.08470277369137537
0.16985109515754715 0.08470276833083118
0.16985109515754715 0.08470276297028698
0.16985109515754715 0.08470276833083118
0.16985109515754715 0.08470276297028698
0.16985109515754715 0.08470276833083118
