0.20143368445382484 0.11494522865372475
0.19447458313074611 0.10875765416149644
0.18789372136153348 0.10311926852033264
0.18183058889036224 0.09806527696142459
0.1759657655218647 0.0932363246384916
0.17016029867495677 0.0887310914318971
0.1644931896928532 0.08401816649455221
0.1584839845591702 0.0794039692707653
0.1523538985455465 0.0748817446505056
0.14566949859048406 0.07023096566248421
0.13880119701423269 0.06530498104700018
0.13162254946197743 0.060278940018109434
0.12426332878125983 0.05530352776825366
0.11626506627364745 0.05037948305454872
0.10884849384073451 0.045558944059057714
0.1011151582513162 0.04096258330203979
0.09402393399217154 0.036808219864492175
0.08694866155839914 0.03374719569924732
0.08079845111324749 0.030976394127155173
0.07534231293525558 0.02915327974995102
0.07031532969842744 0.027793315593808505
0.06653269435481494 0.026839394139230397
0.06345196810417648 0.025882435276798153
0.060923176929858165 0.02596550027653964
0.05904352816699081 0.025092289365571122
0.05692072677552353 0.025380633177137756
0.05534462312023613 0.024612158360443063
0.05362442066960602 0.02386992536576024
0.05236385236947244 0.02394880230357862
0.05147728387166284 0.0235211655720731
0.050471167809442774 0.022801600196809147
0.049779157864865725 0.022591532750729275
0.04890923662678768 0.022711740226041395
0.048355718837787796 0.02214870499385354
0.04761156570456153 0.021854308954476064
0.04715749982503831 0.021565877448719413
0.0467802818402655 0.0214913400446069
0.04639527978676774 0.02179793753469501
0.046102094253091606 0.02189980629469534
0.04551197263629823 0.02195057591591426
0.045411072304914646 0.021428016867217434
0.04523031212859009 0.022238717765103895
0.045202581084001256 0.021932435176879924
0.04490232610035557 0.021373055197975853
0.04487090205951399 0.021043359589717897
0.04478690797720955 0.02159999181733485
0.04451990434813571 0.02167436977746552
0.04429695288864824 0.02210904463206962
0.04423196095069887 0.021781928030217994
0.044322674367743696 0.021960751099355625
0.04427875648893014 0.022384393759115943
0.043963436958232655 0.022422572620568564
0.04383639309103902 0.022287607276036906
0.04387255567772179 0.02193098556534499
0.04365123489190437 0.02189176367451114
