0.1834653662420382 0.10225984919136942
0.17401143740813327 0.09477718443532067
0.16487871677486526 0.08761146055424135
0.15575641727400785 0.08067507727717488
0.14661395493936796 0.07417319351573619
0.13727614182692308 0.06787182669307897
0.1281469714600686 0.06209384095009229
0.11860093665788829 0.05597374452388365
0.1093624448799608 0.05043394356472936
0.10034518924546791 0.045385426207594844
0.09206038897905439 0.0410330120385955
0.08403395432692308 0.037063709931576344
0.07717049508512984 0.03433726754737396
0.07061769850869672 0.03186396198581491
0.06527328917350564 0.030282707872646936
0.06034018442246448 0.028359782842104386
0.055834972899314064 0.02736487776290223
0.05257508191450269 0.025741908330125032
0.049997688977523276 0.025143044971736847
0.04761430231044831 0.02481233019609083
0.045954576685754533 0.023789633001175835
0.044979028547586966 0.023384255757219023
0.04359882180916218 0.023326847311907914
0.04280969615078393 0.023166332777614082
0.04185923432906664 0.02330405278215203
0.041515298681712394 0.023335800075887297
0.04089517431712396 0.02347316989650974
0.04038335700177609 0.02322734078782412
0.04063266991517638 0.023387491565182463
0.040298887455597746 0.023362167024502146
0.040476247665053894 0.02335234830184798
0.03988516419264454 0.023180139253538627
0.039825917327596765 0.023664590197300023
0.03997757877572269 0.023506038321695427
