0.17169298615469092 0.08842361390822592
0.1651577047318697 0.08357870819124182
0.15893538408904828 0.07872096177415878
0.15293089977655808 0.0747448030950157
0.14697130608416517 0.0707278769472525
0.14066109060306028 0.06659947581876492
0.13429111352638648 0.06254185237014172
0.1279975309392895 0.0586142983586703
0.1211950794671223 0.054778421224534066
0.1146577201295056 0.050757344383884746
0.10784188190672066 0.04713669336006588
0.10150265222363312 0.04318218953119473
0.09511386858171379 0.04066497781144295
0.08879531271449444 0.0376544894369238
0.0833279454375196 0.03594818762936776
0.07819178054278123 0.03390194731295045
0.07365445249836984 0.032742843385041284
0.06928789170513266 0.031738364911560124
0.06541428986409632 0.030600689138082553
0.06273463201029084 0.03021462072447327
0.05992843680595731 0.029852533492259352
0.05768561984140895 0.028510418552200323
0.05545049690699031 0.02770324102509009
0.054209378508516044 0.02751049828436588
0.0530681245035986 0.02671757830635667
0.051695709659419616 0.025856525433287
0.05031699882916683 0.0250441473956491
0.04960471453395876 0.024555026831287862
0.04897510156311284 0.02414880407796886
0.04820878669540075 0.024229944996248507
0.04749918836839602 0.023496127862326452
0.04670951371661241 0.023696000726981175
0.046339956091457975 0.023255012547290912
0.04573304218523249 0.022592031116573305
0.04539095229551939 0.022690081115657887
0.0450117902992136 0.022398014561127215
0.044638694473520354 0.02233051992280769
0.04462992318341603 0.02241456470685162
0.04420303617632423 0.022208328166107513
0.043916891987958895 0.022153899574347255
0.04368561624096672 0.021986897606541
0.04360523349557283 0.021770562305862
0.04343697027536182 0.021597270877866472
0.04282063393522513 0.021274791996850957
0.04298879182334974 0.021594465516842336
0.04276760880536408 0.021594018872061676
0.04246682824481046 0.021313478721508003
0.042353988853337285 0.021658239914496374
0.04233232874611459 0.021335960741721154
0.04206448361385119 0.021600744181991594
0.04224214054104075 0.021557372409967638
0.04175779488081464 0.02141612335949936
0.041712095118780886 0.021735204501669863
0.04175083338746764 0.02107440771717548
0.04168172596314128 0.021032826572414166
0.04150117240357556 0.021667862343290562
0.04155540885243028 0.020876008375482927
0.04121112614019111 0.021329633498891824
0.04128156457906387 0.02128347390778376
0.04130457485212141 0.020941877010900053
0.041111386230009116 0.02129875428692629
0.04105391800123059 0.02082777883545181
0.04091061848549773 0.021354158480427987
0.04082065052024092 0.021133378322022434
0.04085329867920458 0.02102185206485798
0.040781830858578304 0.020991187404312765
0.04057626571631334 0.021149931166506843
0.04057826223813294 0.020910460745693728
0.04066936491722967 0.02143538980716777
0.04051909433250559 0.021265058918896605
0.04025527575863616 0.021177158956186992
0.04063109106728752 0.021487052169923946
