0.1838436698662947 0.10153961586239946
0.17641429478049186 0.09565042998442196
0.16942780014439388 0.09026713351889805
0.16248797994420366 0.08480953643405018
0.15542508632376592 0.07962255155911648
0.14810753261426485 0.07440836682049065
0.14025413263154798 0.06893342051675469
0.13177359638843672 0.06338063469829967
0.1229080870230589 0.057563381184953376
0.11372570094775343 0.05228309570657758
0.10426861178084978 0.04673424798818113
0.0954374810008041 0.04260102316371034
0.08723215538829453 0.038779930531483396
0.0791639179758747 0.035329361865519215
0.0724315471612137 0.03347584112638379
0.06692391105495793 0.03199875689825658
0.06221302499834523 0.030941741171923335
0.05848280963479868 0.02970355396159487
0.055472045173039775 0.028603753205721342
0.05299930557172871 0.027988336059721362
0.051425293054935865 0.02722985798844352
0.04970314618257124 0.027264966420198426
0.048430808146119754 0.026322066583712656
0.0471127868112485 0.026149283792307926
0.046520986756947574 0.02524854320507916
0.04599262907808547 0.025372097048423137
0.045201835429577945 0.0251124980320289
0.04504626514879435 0.025116144820576277
0.04484020431336906 0.02498022372465115
0.044668675282597714 0.02487640353886087
0.04448810152373551 0.02492619083398472
0.04410572834183599 0.024576557679333956
0.04405460575749181 0.024402296751742863
0.043910052903567434 0.02421851155613344
0.04374156910681715 0.024448841857640423
0.04365048500810224 0.024131816710940262
0.04346716766575879 0.024058012400116836
0.0432756722421135 0.023894481446520902
0.04322485609641295 0.0242752040130038
0.04281676600896762 0.02438984588196869
0.042684058923861026 0.02335390438560633
0.042592208728537036 0.02368946827319858
0.042274757446152604 0.024399723500060765
0.042200833911480905 0.023559154923863686
0.04228084312609092 0.023635605314247007
0.04213467668118369 0.023900650237503037
0.041889774747678424 0.023925988944318157
0.04181231759239738 0.023676610106774517
0.04177427610765312 0.023007923414160553
0.04163279721637265 0.023522697827705167
0.04128658858252515 0.023124240324314732
0.0412398375369565 0.023056189415837126
0.04101353259863647 0.02302022593085033
0.0411655501063955 0.023512232191933113
0.04108278294399282 0.022995243271437767
0.04092983175599149 0.022838104987114968
0.041003549402199496 0.02301712939737963
0.04108861964253319 0.02304793019502939
0.04093139746593628 0.02306681149668
0.04058629967217194 0.02294638655475241
0.040879221498754635 0.02277141892701382
0.0404521274273005 0.022608399117226858
0.040677675845219065 0.022362421611309136
0.04074146775223578 0.022888812071362084
0.040610043878949384 0.02282499596911183
0.040387143282435915 0.02245889966808614
0.040249968896477674 0.02298543308656587
0.04013967013718645 0.022657478363538812
0.04024303093406176 0.022035146615141502
0.04018623923481045 0.022137004494224524
0.04001013995895561 0.022801251383621785
0.04004918933955118 0.022242719553501884
0.04013885615953931 0.02236932137839803
0.03994237392577933 0.022270048888976737
0.04001330728962374 0.022155645733611288
0.03991276189778678 0.02175622393517227
0.039762889460533156 0.021915971885116063
0.039780124240185386 0.022230856701407686
0.039770074010295114 0.022145596835139954
0.03982492892155661 0.02209475218712367
0.03991416720625404 0.02204273824706945
0.03971944938874684 0.0222779439703955
0.03973801286720543 0.022038248543269814
0.03957040289939987 0.02196371730233284
0.03949826293339617 0.022205554408531464
0.03972518793115917 0.02153379006374845
0.039398067073137095 0.02191783304199305
0.03946730784228584 0.021606443963835598
0.0393672125322067 0.022063677610599977
0.039211670980045944 0.021933536890308743
0.03946521783497421 0.021613546030585032
0.039288266276641774 0.021936470235386606
0.03914679217346511 0.022178171126480465
0.03917296394887255 0.021805949191733554
0.03895352036330753 0.0213486130464745
0.03897839935068716 0.021610240454131773
0.03899448259137388 0.02153604233330249
0.03897676660728907 0.022170096672696024
0.03910861422776236 0.02164693491522533
0.03908353414002285 0.021460282459093823
0.038926323933685454 0.022108273896434313
0.03880617843891575 0.021301257393270368
0.038799750409555245 0.021590284266951483
0.03872311680812896 0.02087082980019224
0.038674033956006444 0.021732540039580386
0.03839228038155289 0.02148051377381245
0.038555023241838925 0.021840879599787182
0.0384874343685035 0.021058480267982422
0.03853984495277168 0.02104866873444612
0.038499658397522014 0.021392402830995475
0.038336053678550766 0.02141537867777546
0.03839319251532806 0.021917267951607936
0.038231783141952184 0.02165432964215035
0.03836011390017945 0.021695202265566305
