0.17298466384026795 0.09422236874061193
0.16639649281613428 0.08850912946477164
0.15953948125699846 0.08300775403720666
0.1522301016373959 0.0772556529481915
0.1447149693694258 0.07184977915095186
0.13660898647760983 0.06559380850531174
0.12824634514232675 0.05956394537032502
0.11910028021496347 0.05377692604928596
0.11016513813072155 0.04778396356649741
0.10145233360529134 0.042786803157518066
0.09268269530636099 0.038528692178384054
0.08472001985354785 0.03421855197057455
0.07773205560650931 0.031231836673068235
0.0713016906287448 0.029170908939543605
0.06580984069737889 0.028195210094445262
0.061574213800425805 0.027481860377073536
0.05779468632898446 0.026235353901011733
0.05472383045014881 0.02605887598710706
0.05243871467922462 0.02526587071380562
0.05054867276976024 0.02468140753915774
0.049026247054811505 0.023850186200807918
0.0477230318421072 0.0240682311607794
0.0463971886341815 0.023037726104321775
0.04552758873473843 0.023053011467381247
0.045055518299458294 0.02306876984758686
0.04404626079237388 0.022177725127249054
0.043677555883378516 0.022842266384378536
0.04313880048719158 0.02247262474386919
0.04289244886053895 0.02294596343537068
0.042864396477315145 0.02238032262277952
0.04246209969071684 0.022544456915089744
0.04211700597724393 0.022682338755789306
0.04221119176998615 0.022867963439452445
0.041988801454085144 0.02250106157803112
0.0419095794903151 0.022641664596020822
0.04156144505005746 0.02266760878926659
