0.17385026379312038 0.09086388322543866
0.17292139370187018 0.09006399528692094
0.1727630456963107 0.08992860608713754
0.17274365027183522 0.08990585874572775
0.1727394105202931 0.08990175572059496
0.1727391994919358 0.08990096913028453
0.1727391035699552 0.08990092661188936
0.17273914193874745 0.08990087346389541
0.17273914193874745 0.08990087346389541
0.17273914193874745 0.08990087346389541
0.17273914193874745 0.08990087346389541
0.17273912275435133 0.08990087346389541
0.17273912275435133 0.08990087346389541
0.17273912275435133 0.08990087346389541
0.17273912275435133 0.08990087346389541
0.17273912275435133 0.08990087346389541
0.17273912275435133 0.08990087346389541
0.17273912275435133 0.08990087346389541
