0.17662784421027083 0.09928005273126768
0.16872391057997804 0.09296220735924518
0.16149247570554434 0.08711042803716634
0.15449903831892664 0.0819790566875801
0.147605078576997 0.07631098164124646
0.14062416686993764 0.07103862630956392
0.13355485719039892 0.0661437945123989
0.12682352060616014 0.06115714564263578
0.12006342667045833 0.05649527134523599
0.11353259672122909 0.051688070366360264
0.10680926584655515 0.04807308872028018
0.10050159983954873 0.044090083531741646
0.09452239775368217 0.04089846922058677
0.08898235097275883 0.03775534478939947
0.08358799661446586 0.03530177358647887
0.07877945239261164 0.03319019130836933
0.07442826305826993 0.03131067371418983
0.07013911318495165 0.030031009678792592
0.06651941683347143 0.02853267859165083
0.06344674218949185 0.027873694190756474
0.06021775510863863 0.027086565092888235
0.057541458850193176 0.026118229445750287
0.05539748482056179 0.025172934381283697
0.05309917584092893 0.024712457196628623
0.051394141651569455 0.023694838654853775
0.05001327645423523 0.02327724630090485
0.048790777790307716 0.022931610587546402
0.047681857736779014 0.02246093345400679
0.04683297002478476 0.021975762224121526
0.046152666659720724 0.022159079433182894
0.04546673727268381 0.021340073303470812
0.04496187960730501 0.02040412852931448
0.044556911363541646 0.020323620007740687
0.04400882190889211 0.02043945005004516
0.043591677517148306 0.020464954642581922
0.04313497381175352 0.020288643745097337
0.042740122831333716 0.0197682656309557
0.04238957617543735 0.019725477904086613
0.04221380967279707 0.01943052634768042
0.04171520527098982 0.01978379280423452
0.041642794777121045 0.020219899623116273
0.04162668280781149 0.019435674199709017
0.041261221208557235 0.019046205544568675
0.04104246232183657 0.01930073762879853
0.040846595359415754 0.019373108309360912
0.04070360821543617 0.019237305895903306
0.040765436999892136 0.019486638878857224
0.04061187293460354 0.019402011536194787
0.04048571597550452 0.019555733653583228
0.04038060752073977 0.01933042712697971
0.04006715909313774 0.019572346501706955
0.040156471593444175 0.019249919954070317
0.04020590397714458 0.01950233328652209
