0.1829701471398824 0.1018349593738881
0.1726829487689858 0.09366694397613302
0.1624906602155806 0.08565347098388021
0.15214238003735914 0.07775694313178261
0.14160887356075452 0.07019850291978462
0.13075771871937775 0.06286736192959438
0.1201663266321656 0.056127982893738326
0.109292922816634 0.049255881439301284
0.09895621210497305 0.04324615266776513
0.08924325736464968 0.03790890731499344
0.08063085650416463 0.03369256267130237
0.07267247978931896 0.030050894264393568
0.06624274635595297 0.027871564027996298
0.06053001362689858 0.026368555660414073
0.0561824157505512 0.02499231929945322
0.052359209448493385 0.024684814387974503
0.04920051062591867 0.023941341360106075
0.046822793858708966 0.023739315101502734
0.04510521611648702 0.02376884184916913
0.043668779282520824 0.02327453689290162
0.042657053833904945 0.023655517990744807
0.04190190929691328 0.023040804059622954
0.04150205456118324 0.024024283370605207
0.040880346452413036 0.022903738274648082
0.04066597639024988 0.023346389746076376
0.04074182864557815 0.023649076235461884
0.040587473396925526 0.023791573943033103
0.040445788101727095 0.023961377852201843
0.04031617945400539 0.02373501788337679
0.04019419765892945 0.023379184876954166
0.039861979804630084 0.02362156372396065
0.03989047523808795 0.023871133556953
0.039635516348450514 0.02397493458455874
0.03967447597684958 0.02374029235894136
