0.1781075789631097 0.09948247107427745
0.17241912011659377 0.09520486363341325
0.16592254426199768 0.09039738213234157
0.15872606254535293 0.08521669282284393
0.15051208004116085 0.07929264666736179
0.14107432523742866 0.0722158161262457
0.1305893834025476 0.06531547180898666
0.11945550985874405 0.057875008976710274
0.10826551973832592 0.05125672433282327
0.09768507438491636 0.045173471041823184
0.08840005051641041 0.0401518054494846
0.07992886544003364 0.036186227702369574
0.07239395575822727 0.03305462895717557
0.06650039848515121 0.030976447701685964
0.0616510835593829 0.02944553827721048
0.057430355689462434 0.02838607067899146
0.05402776154078576 0.026918764267790458
0.05111173928905009 0.025916320897885085
0.0484948394583268 0.02435425462835729
0.046627502914231504 0.023928524433396953
0.04493936115510208 0.023054862330063968
0.04387718257093442 0.021866086137490748
0.042678054641687425 0.02216022310059716
0.0423413264533772 0.021548180312935025
0.04184605457181941 0.021145504187290082
0.04152918264999559 0.02097664870662868
0.04127314358703593 0.02054231133544447
0.04114132708923739 0.020639234451474666
0.04075751268809204 0.02079857240743976
0.040429881897014554 0.02050746589324827
0.04040053082067946 0.020021237310470574
0.040172655384310835 0.02094370353257717
0.040247608361300966 0.020872156885965398
0.040082679731627165 0.020413016227734306
0.0401272785245347 0.020780461193163614
0.04023088351470415 0.020903657640440634
0.039587082259010524 0.020665042493502244
0.03982110801471886 0.020692803401586253
0.03985241503145899 0.020257249535109986
0.039597247403392155 0.02082267304033236
0.03961982091878886 0.020866944298045424
