0.1725186116678606 0.09202268256383936
0.16669772188953547 0.08780189727241788
0.16068732880976094 0.08359407913741382
0.15438134891161953 0.07933671885292246
0.1474719195876592 0.07478949786195767
0.1403441038800463 0.07037642985011747
0.13281533656016328 0.06593637685877943
0.1251306255121141 0.06191477330816079
0.11768671542279159 0.05756832613962597
0.11034426985714776 0.054458931755898145
0.10337227329904519 0.05135679554901579
0.09693547622931918 0.04869663621134233
0.09093684145805939 0.046780959973116654
0.08542206060303123 0.04528001295793628
0.080340367861988 0.04359729792978356
0.07559089285560958 0.04184794061614867
0.0709332371100573 0.0400859511801088
0.06657893997440043 0.03770110135168052
0.06263532596062793 0.03583112911329566
0.05873643089280808 0.03411968960905251
0.05568183891588817 0.03208807820116261
0.053288103167686396 0.030850864600029643
0.05088125791170294 0.03027354471088398
0.04888973872827655 0.028492016091238692
0.0473780917355823 0.027924792787091878
0.045869789200648145 0.025844751542635967
0.04497051338212421 0.026290767581898824
0.04391789561274606 0.025319906020654478
0.04309612688408926 0.02549160693162107
0.04275453220983063 0.024835390552954285
0.04215674152987803 0.024962105777002735
0.041735445264815124 0.024710918716653128
0.041707367152387986 0.02485677376376416
0.041042658568312955 0.024310939030971424
0.040985860284232525 0.02427325440525234
0.040685089077188784 0.024367508853903642
0.040537242961650934 0.024419455207464212
0.04052736291594705 0.024720790158795615
0.0401967551208344 0.024806063015641467
0.04032743333930289 0.02440949263607034
0.04014428594504372 0.02454168097574598
0.0400000717764717 0.02410959699085637
0.04011336648096653 0.024447072731177542
0.03993552565829662 0.024982926130671712
0.03968697446973191 0.02458141868989329
0.039563275051732724 0.024478391710660297
0.03942524669257085 0.024979680321159208
0.03934558343366068 0.024264455071949652
0.039453255328439935 0.024128034582628886
0.039247360350776694 0.02464151307063636
0.039056352522483954 0.02475770286615004
0.03891921537985987 0.02410631901807867
0.03876831469151105 0.02469939622689734
0.03876142213780347 0.02415802414715028
0.03859380874362771 0.024840121233209916
0.03842809756969658 0.02443874780603647
0.03843447024709046 0.02498485592658336
0.03823375486661727 0.024648527342720775
0.03805699691995564 0.02450964100306846
0.038036657058649635 0.024883624729657036
0.037930633435316614 0.024531241315918398
0.038005876547688555 0.02460332455376257
