0.16833672285603624 0.08669613762967866
0.1638755642735625 0.08328886676433443
0.1597874344872725 0.07996624520527502
0.15576405520718936 0.07698374297199714
0.15179183859416673 0.07407888946155376
0.14809988193613705 0.07125608365275136
0.14431075164057597 0.06846179294215102
0.1405645681093358 0.06596634672183134
0.13675849849915184 0.06328778963524165
0.13315425474216544 0.060586865225738966
0.12929798002934284 0.058259551753667205
0.12550710696653397 0.05575994404542138
0.1216416300596172 0.053406193520350635
0.11782428991618783 0.05081354875972763
0.1140254977956101 0.04854201865693812
0.11028058782505099 0.046446312768407876
0.10646029838320227 0.04440637945411987
0.10256065557771317 0.04219471324573864
0.09885961163331994 0.04043339451674147
0.09530326524871549 0.038282293880369536
0.09175452192562068 0.03661511869535119
0.0884283165741685 0.03516529084601333
0.08500320439358135 0.03396683629848614
0.08202173180964661 0.03271354024891808
0.07910971137323011 0.031229753902450145
0.07615579270553469 0.030593828890152438
0.0734531963960033 0.029433200162841018
0.07091067613087593 0.028496009872539075
0.06861868344544242 0.028095575959428614
0.06625951282799263 0.027690610828271466
0.06374737129414908 0.027025312512090446
0.06199581360495274 0.02665342068478207
0.06005737764318422 0.025661942138240072
0.05833750097288545 0.025192039443867175
0.05663096317498333 0.024807970811420842
0.05510170406632413 0.02458281866180884
0.053771292785510474 0.024147152436846425
0.05266877226145768 0.02360173304004217
0.05135399800765316 0.023376883151550617
0.050301323499580816 0.02309738607173848
0.0493212180112199 0.022538741401534727
0.048670801953308855 0.02226782098101524
0.04769930975692265 0.022103322113112674
0.04719345241195923 0.02222837320603707
0.04686408855341279 0.02217077627003214
0.04619636930639855 0.02202069012993083
0.04567783859631168 0.021900881378314165
0.04528507439739322 0.02181857189695279
0.04483204109376226 0.021989213142624413
0.044653598963746766 0.021891053843759674
0.04438026219952394 0.021425763330233574
0.04409075696003785 0.021637300235625496
0.04386756305676626 0.021709667485132207
0.04345983691375608 0.021631148412196426
0.04326575775673145 0.02132377853906319
0.04309325252613155 0.021277143966194425
0.04279579471412182 0.02183473746937663
0.04272908598867224 0.02143390413978558
0.04248902458810941 0.021271768036266497
0.04215395364560862 0.02153004881430735
0.041985896301748316 0.021472265663862143
0.0419083144322884 0.021389223469159693
0.04193874104179332 0.021387794475737586
0.04168706917261531 0.021648745676802375
0.041477961041989427 0.02133375990293791
0.04158281913400631 0.021085283719991518
0.04119482360590877 0.021449189916448116
0.04125140608759707 0.02105487004412667
0.04101568245386531 0.021531274051349157
0.04105844728094603 0.021429022082938377
0.0410794753956503 0.021442889661218826
0.040712493618790695 0.021156298890736232
0.04053493244804332 0.021646863291699597
0.040587081406458364 0.021134611655344252
0.04070330100034074 0.021460047027944126
0.040462382579620336 0.021883997935729267
0.04028820639910427 0.021938467008889587
0.0401631820003628 0.021355000493549228
