0.1866992467322827 0.10602395228378052
0.18117019682967636 0.10144255246300281
0.17571470583184504 0.09713718850520925
0.17055644034085335 0.09289711597575971
0.16539093012187703 0.08920905084574807
0.1603728443676035 0.08511689717292618
0.15530918199124683 0.0815108001242617
0.15036574760073007 0.07786530843627866
0.14526641739691482 0.07439324107422218
0.14005733339732204 0.07078015387592218
0.1351043735311218 0.06740700999651436
0.12997227914082585 0.06374497566913315
0.1247332675149157 0.06053784784356886
0.11950346512656271 0.05752280439828792
0.1144302772745226 0.054598273741807375
0.10940628840855789 0.051720240445709095
0.10455068197039429 0.048777044374327574
0.09948456635281534 0.04630922672305902
0.09496818759444979 0.043998188907979095
0.09039141693693208 0.041818412058428386
0.08590631700415088 0.03972534469156887
0.08220043739757718 0.03859325404245071
0.07823328280934146 0.03670148047080845
0.07456789605739603 0.03574523979386692
0.07114616599028761 0.0343486223701599
0.06806606892933194 0.033764272127297226
0.06528591414821011 0.03229101768344897
0.0628553797816738 0.03164318519590945
0.06035202919081065 0.030893952654301334
0.05817977033522315 0.030252627867419418
0.0561454535920358 0.029360960305899242
0.0543376256366161 0.029226437449224926
0.052894698147066904 0.028441391111823183
0.05165026278813318 0.028144497371360662
0.05011250219258434 0.027911857793939652
0.04941452631591859 0.027386604870599036
0.04820829827242753 0.026473471009833896
0.047277595092229605 0.02678499635568763
0.04703736432042765 0.026432438724262527
0.045948786442898355 0.025792349542818484
0.045348149619808945 0.025550803421210806
0.04522676688565933 0.025706891747197765
0.04452717627795468 0.02566014512151024
0.04390527004512737 0.02551454201997656
0.043945274168105904 0.024952574729416883
0.043451501874276294 0.025103514252700684
0.04319784056507958 0.0248271379951599
0.04310152209818362 0.02519246712313916
0.042543941575140326 0.0246800044582574
0.0426696510218363 0.024908208185353723
0.042130488973907324 0.024747512471627712
0.04206591889829843 0.02480692338298541
0.04195007033135929 0.0247001708255341
0.041541241514851925 0.024430109289059754
0.0416232430193021 0.024676804213370585
0.041628518446227405 0.024108800950042815
0.04125136135721891 0.02414099637850211
0.04108283997630169 0.024921834688707623
0.04112052981117402 0.024375798935507422
0.040978864713559555 0.024842608525718263
0.04080964377557504 0.024765322879728942
0.04090473562185985 0.02398072146749572
0.040738538112022354 0.024848845518893818
0.04045767074098924 0.024931258525409495
0.04062590463270072 0.02442249463602505
0.040587663776850726 0.024656651247454385
0.04048326207178674 0.02440492009186858
0.040373412446274015 0.025166363953162053
0.04022148877550144 0.024656278689632553
0.04021663020792446 0.02454898739748924
0.04001902929384678 0.0246500175740081
0.04020816844230222 0.02489885671599854
