0.17977716575820676 0.0978037941564001
0.17674822390984812 0.09551692488269437
0.17383497672709455 0.09311957122634429
0.17081483877388534 0.09100433550490071
0.16792920902743752 0.0887003316507711
0.16503561749755022 0.08665237467476873
0.16195591927976483 0.0842926671466376
0.15896010687163156 0.08218294750051426
0.15575597707925037 0.07987743975577077
0.15262641245100442 0.0777617642684798
0.149238089860975 0.07554100646049691
0.1456301387953209 0.07332667683477695
0.142242294677854 0.07102366109650196
0.13860253475624693 0.06872474441026119
0.13484633375183733 0.06641564252982676
0.1310336442767026 0.06380652261573508
0.1269632590488731 0.061799588735322895
0.12301271205903969 0.05950352238327811
0.11886420183121019 0.05734938095736135
0.11476646711170994 0.05478637673595668
0.11039963942307693 0.053027785687530575
0.10641891995345419 0.050790012741699656
0.10221443800526703 0.04902213231839864
0.09806363110913768 0.046979246222661114
0.09422831945124939 0.046011799362880274
0.08994950200575698 0.04427063335750561
0.0866305866456394 0.042904508896430514
0.08315566052180304 0.041743166017014874
0.08004482809437775 0.04038554641025979
0.07671081214018863 0.03980514778825359
0.0738485079311612 0.03861711220774356
0.07138542208935571 0.038063370996979796
0.06890890073799608 0.03717077934239348
0.06711918847225624 0.03680034991028342
0.06462460956638902 0.035528617659363326
0.06343773445155561 0.03478772893449925
0.06149261908225135 0.033858552561856485
0.05992558316235914 0.033554153157349394
0.05862050140096766 0.032412246842546365
0.057472320362261145 0.0325293222836934
0.056221779688265555 0.03176359764686833
0.05523261422097011 0.031786381318208226
0.05440275619334885 0.030726903953749055
0.05352431884646007 0.030807579269911383
0.05271400642301568 0.029940776353288727
0.0518300283638535 0.029751419151535535
0.0512612584593949 0.02915150524140083
0.05070388577137433 0.028798704447641935
0.050191403379164626 0.02838659227117061
0.04967886835497305 0.028283448177731943
0.0489820687622489 0.028024730129272483
0.0485168451050343 0.027068426718895935
0.048157411731381675 0.027531310133907725
0.04772589168146742 0.026727040834940957
0.047046671170688385 0.026783463879001455
0.046854923291278786 0.026500585854976038
0.04629228262034542 0.025476886971186455
0.04602141451800588 0.02609874574002624
0.045481343397844196 0.026133381372413438
0.04534744763596276 0.025525049475286592
0.04501044027131308 0.025666626932103108
0.044699394827902986 0.025159973242256994
0.044435115292748656 0.02484090411775457
0.04406576318287604 0.02490174653712084
0.04367803294187898 0.025697885597119063
0.04335762857514699 0.024562418322994963
0.04326779535154336 0.024617171885597814
0.0430969232300343 0.02471308427399067
0.043018176215703086 0.024983344818641867
0.0423238311872244 0.02432058511139171
0.0427199394827903 0.025016519994079122
0.04239548723817981 0.024663559038684453
0.042131509140739834 0.02422266120143769
0.042142375252633514 0.024568279153022704
0.041975273494916705 0.024060140574790684
0.04148665731412298 0.024682363100565957
0.0415718589233219 0.02410963866405694
0.041662098848603626 0.024483290331110456
0.04160259600073493 0.02456009190737024
0.04134464187285644 0.023724463503039663
0.04103028539931406 0.0239007987494232
0.040895250872733956 0.02375791828268852
0.041017993439184226 0.023957270656355632
0.040831561389943656 0.023981943692076867
0.040627899543728564 0.02392693767130237
0.04067549799424302 0.024403451112978952
0.04067136877602891 0.024453853165375933
0.04053755913920872 0.024521034185073273
0.04058393748468888 0.024807403189837773
0.04017823102951985 0.023973408977112892
