0.16284763801797342 0.0820969000358568
0.14804493688961012 0.07122532318622601
0.12904330619570226 0.05838936750737862
0.10759348969568756 0.04609733611229329
0.09144848433639101 0.040736230473068014
0.08154867583395435 0.04307244985315291
0.08109148670073246 0.04364365590179519
0.0794055030231458 0.04619070781091097
0.07906220660226114 0.04729524551029968
0.07905449342084298 0.04847935884716573
0.07888000603188981 0.049592376050486935
0.07847027379141581 0.0515472390519295
0.0779225948203272 0.053251020217641824
0.07757955215401435 0.054891137634860275
0.07755623546034182 0.05638126336857756
