0.1802248246876531 0.09703666878391301
0.16095323217785398 0.08293067974205268
0.1412664498866977 0.07018793225182351
0.11945800542013718 0.05816897419588652
0.10525389668054876 0.052635411396715445
0.09764194367038216 0.05213079365986646
0.09223550036746693 0.05406755502697752
0.0901819439766046 0.0557890428679839
0.08877614374081333 0.057680182600335236
0.08822841705965213 0.058801998130962575
0.08801844416033806 0.05989213966216254
0.08782405032765801 0.06095896274503536
0.0876890349399804 0.06212120415837373
0.08755331141291034 0.0635505137420638
0.08637471865813327 0.06422223707170932
0.08645982935754531 0.06546117690635563
