0.15550639000341002 0.07993822015694987
0.1361959508793643 0.0669708278755846
0.11413776659065708 0.053944442805309155
0.09521942441134477 0.04570852414011725
0.07770557720626116 0.04786660418702244
0.07727782680852943 0.04868594728620949
0.07697238869337919 0.04977001013957656
0.07635033871594901 0.05152504158924611
0.07643660464361765 0.05320961404596379
0.07650520435959364 0.05488985518296867
0.07663048736396777 0.05604572252588157
0.07658249583255647 0.05763009569043123
0.0768403496926702 0.05896018608035636
0.0771575413248484 0.06029120384442792
