0.1753351902493675 0.09577590972053429
0.1636227222415619 0.08660971210136502
0.14400098665582284 0.07212574692271467
0.12886801220299968 0.06235260716465772
0.11633594531418541 0.05516598994642975
0.10957774746759105 0.05199152525183125
0.09668760702369629 0.046648974635269354
0.08705167260340466 0.04456232106999625
0.08212346887931711 0.0457337979442643
0.07973278301294151 0.04701630766155317
0.07830311746160937 0.04844056200766197
0.07810582843235796 0.04890279245604174
0.07788508248255752 0.049708252600483914
0.07774976109277246 0.0506471280223893
0.07775482211849614 0.051544707340255985
0.07775778116664869 0.05244832867465087
0.07770262699889927 0.0531386020897091
0.07768453754271755 0.054212376319921665
