0.1882156299949499 0.11091186242915305
0.1843003975122085 0.10747311345802214
0.1748181899527349 0.09894422450545232
0.17054825473999294 0.09553320407445974
0.1665578298750711 0.09216117622870448
0.1644706379684834 0.09016760208591126
0.16091089346476692 0.08735972595484577
0.15760746573403087 0.08466700957987615
0.15348470725609936 0.08176564403235206
0.15078514560125714 0.07968697456034834
0.14644090859364275 0.07626676163278073
0.14367153638529878 0.07461919004006375
0.14048916149500382 0.07257339561156255
0.13642087248597737 0.06940962312835591
0.13223892346878738 0.06676744390591856
0.12860073067230188 0.06446773373281996
0.1241324338950558 0.061846302363567814
0.11941596969750828 0.058884721647751125
0.11494897528449764 0.056317021068339
0.11113180316771755 0.053923519377955406
0.10597550375448626 0.05192490123029267
0.1031047003551011 0.05018259405520815
0.09850730672301869 0.048082491608502184
0.0886368318258595 0.04351010119428225
0.08684546812486517 0.043667590131349986
0.08021522756440115 0.042382143022990044
0.07945798415926719 0.04288636009158316
0.07921738673108415 0.04328863431523582
0.07841658115751682 0.04347847231668867
0.07751404753047225 0.043695364526078036
0.07748412666978417 0.043775628939394774
0.0775344257002736 0.044253433764307494
0.07730651195907451 0.04427283295308909
0.0772060862698327 0.04430270856695797
0.07715666825044372 0.04430642009139672
0.07708769082700435 0.045124363473558755
