0.20305985117589417 0.11706292139340753
0.19810410031847134 0.1131026181986357
0.19293682631063205 0.1086614609103974
0.1882734413277805 0.10497182545087617
0.1853076195798628 0.10243733000063934
0.18266763764698676 0.1002670583977773
0.17824986219990202 0.09680980389874466
0.17402929400416461 0.09373916330084726
0.16945894322635963 0.09011007979806474
0.16511429752572268 0.08682550125922879
0.16005118699473297 0.08313431847542975
0.15497669838620773 0.07947606383810432
0.151726769200147 0.07728879338501823
0.14818093344255268 0.07476730088792308
0.14382528287297894 0.07170382141536759
0.13908651932263597 0.0690042834713713
0.13499735883145517 0.06618398908320917
0.12989399918851052 0.0631680423266267
0.1262633876622979 0.06109062103884985
0.12078253230646742 0.058094876365206924
0.11684518158990691 0.0562956314073341
0.11421227148150416 0.05486258109933731
0.10979674485546301 0.05363001515487402
0.1054555728656296 0.05187117979208826
0.10207068570859873 0.05100396697026219
0.09859547250122488 0.050690842828511384
0.08979244817185203 0.04873973206467655
0.08681302823370897 0.04866821310779332
0.08661261521619304 0.04944522506803449
0.08518763780009798 0.049922588180761875
0.08487469760534051 0.050381198809083684
0.08490827680977463 0.051207540553143346
0.08459640839355707 0.05088497501869385
0.07784872515770455 0.05156062366571784
0.07807410487353013 0.05152910711332225
0.07780735163522783 0.0523628434386675
0.07779053332465703 0.05134988352828678
0.07755883298628123 0.052342283028000466
