0.19440767563980532 0.10654835288059349
0.190574486229957 0.10355801618352582
0.1867799737012541 0.10081549744477868
0.18281482674597177 0.09758304640841824
0.17487887888102763 0.091732580632877
0.17071492355700352 0.0887244147658034
0.16743093435985124 0.08638839681475606
0.15856200735849704 0.07991303632030289
0.15343457987630757 0.07649303592405146
0.14777280579038526 0.07267479533871092
0.14288427225519107 0.06935026087409978
0.1375790135333052 0.06590776763438927
0.13252036305210194 0.06232580911625296
0.12812670385269267 0.059931468444320325
0.1229235708796587 0.056889525788248727
0.1119077990685043 0.05035690396066167
0.10566558427619571 0.04712207284267686
0.10204386234311523 0.045677556276279535
0.09235851391233098 0.04170421906562884
0.0877990788539193 0.04102259370745872
0.08499640408501462 0.04109127836028072
0.08232046414097305 0.040598748879003
0.07766566412153111 0.04252266427366256
0.0773503076287829 0.04333617510076108
0.07757147307475762 0.043228736393652295
0.07734240646711185 0.04376629444620175
0.0772982337506501 0.044621255681319166
0.07691847009284292 0.04463843086493281
0.07701669077998352 0.044441479110516754
0.07648733211397023 0.04512746259112067
0.07658028216567228 0.044977367353548216
0.07651856302468697 0.04600067915950784
