0.1713951553889074 0.08857880528790381
0.17133254614353097 0.0885092951245415
0.17140955800515797 0.08857858410694162
0.1711671458856322 0.08841126340637154
0.17130967815975015 0.08851618949697278
0.17123571153214417 0.08844922021734687
0.1712300041124066 0.08844717564211099
0.17122828039503618 0.08844602658003911
0.17130895036797153 0.08848582836391859
0.1713668481192022 0.08853147256199455
0.17137470060944518 0.08853417528545938
0.1714405849178254 0.08858656820021102
0.17144135101443447 0.08858755542255446
0.1713787800738885 0.08852872668126878
