0.17011639019660274 0.0849750410917876
0.17010820633721271 0.08496338190815475
0.17005735907969108 0.08490199831653182
0.17002675106225346 0.08491128813962871
0.16991394029792162 0.08479075630331383
0.1699268964781269 0.08478126277953738
0.17001072833052028 0.08483494326914633
0.1700132582355308 0.08484044318749451
0.16992141501727082 0.08476149309253139
0.1698837730972661 0.08474589926945646
0.16983077925367496 0.08468617208599102
0.1698270227280533 0.08468237682069811
0.16982236540292034 0.08467800797717592
0.1698196246724923 0.08467636229010682
0.16981935634923362 0.08467553140575597
0.16981538899819443 0.08467299050780563
0.16981393238621867 0.08467183263025865
0.16980824009994505 0.08466790335136078
0.16980776095126882 0.08466764068469503
0.16980776095126882 0.08466738873911767
0.16980555686735815 0.08466381861668112
0.16980578685872275 0.08466352378675017
0.16980147452063665 0.08466188346022528
0.16980137869090142 0.08466152430376395
0.1698012636952191 0.08466102041260924
0.1698009762060134 0.08466100433097663
0.16980068871680765 0.08466112226294902
0.16984883357579533 0.0847009832696129
0.1698495618817832 0.08470215186824828
0.16985036685155927 0.08470218939205768
0.16985082683428845 0.08470191600430353
0.1698513826467529 0.08470253782743062
0.16985513917237455 0.08470475709272901
0.16985577164862717 0.0847053145893257
0.16985596330809766 0.08470534675259091
0.16985632746109158 0.08470591497027599
