0.1974344875367467 0.11288250724820983
0.19275200192920136 0.1090468260936944
0.1878783186856933 0.10543745604513209
0.18349468704066635 0.10224754660605875
0.18087874356932876 0.10055161404707236
0.17837698279029887 0.09867248915200809
0.17434613853503184 0.09590158426895237
0.17036762003919648 0.09324388923095313
0.16641656586844683 0.09062037648647371
0.16265112077413033 0.08828268439675158
0.15822133566572757 0.08534069431144091
0.1536078745100441 0.08262568855387442
0.15101138573309653 0.08131849271634829
0.14780933251163644 0.07948429994662871
0.14396447054140127 0.07731445182199008
0.1399484397966683 0.07533105898743273
0.13635138833598726 0.07371242206263343
0.13216342326065655 0.07160543330813023
0.12923583147048015 0.07084981785658691
0.1249429947789074 0.06927890909924836
0.12205578607300344 0.06846831205836651
0.12000265073799608 0.06822858537946429
0.11694220625612445 0.06763111732753013
0.11394311152621264 0.06754566159373054
0.11150692062714355 0.0677356078645509
0.10956608280254777 0.06768528453566981
0.10179011896741794 0.06580547013119051
0.10091861947268496 0.06618001490295877
0.10089486809468398 0.06596697278133895
0.09991126247856442 0.06695425253791586
0.0997914720878246 0.06744984693108155
0.0998876163645272 0.06738712329114592
0.09943008176139148 0.0683724268160136
0.09086843727033317 0.0648241679326132
0.09087053298015678 0.0651851288259846
0.08609991272660461 0.06380092510229496
0.08645905423199413 0.06539990829416197
0.08617538698860852 0.06521602101946106
0.08647117872672709 0.06530916994098582
0.08637011575208231 0.06595424671780488
0.08650603066817736 0.06644928733175536
0.08646296813755512 0.06650583796220368
0.08040897920749633 0.06480580092197508
0.0806984742466928 0.06397268895554895
0.07653976776855707 0.0640427691723142
0.0767239031494978 0.06379641885966131
0.07702048915207006 0.06477485443641867
0.076906234688878 0.06430490762180884
0.07735005626837335 0.06584622719558908
0.07480506549332436 0.06534450322660003
0.07355914207955659 0.06412894156156879
0.07351235703239833 0.06512383849695895
0.0737149088222685 0.06534820594645081
0.07400972926108525 0.06618999378724871
0.07413289766811612 0.0669693348777186
0.07415752465090641 0.0661861661956141
