0.17105989328147966 0.08777099783109656
0.1711044677853993 0.08779494063834282
0.17113637233586476 0.08782463840606097
0.17109543422341988 0.08782094111541819
0.1711219607422832 0.08784177841569282
0.17113524314061734 0.0878525173891017
0.17111285062469378 0.08783296681112124
0.17111348220847625 0.08783204927497053
0.17106611342479178 0.08779106961304428
0.17106442920137188 0.08778992947936588
0.1709795290298873 0.08771564705561455
0.17084936535399314 0.08760373479126823
0.1707642546545811 0.0875426507721463
0.17073039793606076 0.0875190228589636
0.17072467540421363 0.08751448404108199
0.17071472317491426 0.0875093642979452
0.17075646512126408 0.08754629377070917
0.17075525937040667 0.08754448041523973
0.1707529627021068 0.08754429582216798
0.1707514507288094 0.08754295480779388
0.170749709088682 0.08754089713796477
0.17074965167197453 0.08754163551025174
0.17071657964845663 0.08752564649271426
0.17071677103748162 0.08752551619172244
0.17071160353380696 0.0875239905842766
0.17071104850563448 0.0875232087783257
