0.19479789775852585 0.11430055411673307
0.18967815796646628 0.10986795827346743
0.18288250769831446 0.10426404442117838
0.1760530161554102 0.09881590733915122
0.16343096886418554 0.08825281263435814
0.15037807840493872 0.07796799551107791
0.1455757156700603 0.0741562798479134
0.13368986957987095 0.06565988740618742
0.13035179424750512 0.06355894189061956
0.12518528289770942 0.059915859497452977
0.1203510836574729 0.05653651870945446
0.1085976770458854 0.04905813888820859
0.10320495288926214 0.046038051965302265
0.09805217756708706 0.04346771665418327
0.09334070090881856 0.04161432120742718
0.08879368248627319 0.04003692595064329
0.08565786824218136 0.03883182176186705
0.0815505657708628 0.03838649737797561
0.0794569630302874 0.038413052773151775
0.07344921111461035 0.03971610605737466
0.07146065733107909 0.04139298107183092
0.0712886404432854 0.042637749608490615
0.07126750883096122 0.042487999820742445
0.07124068424908897 0.042579079537971305
0.07126987810388181 0.042895434999748294
0.07104749738017886 0.04403713894654383
0.07102416915449916 0.04495005938119068
0.07098799697561832 0.045386282171118515
