0.17302729156844257 0.0901904024757271
0.17294276511914583 0.09014432316497409
0.17295690401908495 0.09013601081872061
0.17298922972654407 0.09013901899517808
0.1730069561085573 0.09016275488927529
0.1730438093335003 0.09019290043144267
0.17283007597634764 0.09001133625451715
0.17282311204055673 0.09000392742416079
0.1728190641329758 0.09000567067836229
0.17280168307009272 0.08997573772817072
0.1728689819316753 0.09001172954967238
0.17286936561959768 0.09001335587828718
0.17286900111607142 0.09001288817594044
0.1728695958323511 0.09001182521606148
0.17286905866925978 0.09001230354800702
0.17276803363930143 0.0899294564550407
0.1727656739585789 0.0899246518763878
0.172760820306361 0.0899222921054565
0.17275813449090444 0.08991852922748497
0.1727578659093588 0.08991633953013432
0.17275600502293534 0.08991585056859
0.1727536453422128 0.08991240657858215
0.1727528971507642 0.08991114165632619
0.17275272449119913 0.08991078024996735
0.17275136239907474 0.08991067395397945
0.17275124729269803 0.08991054639879398
0.17275124729269803 0.08991016373323754
0.17274925211550174 0.08990931336533438
0.17274716101632484 0.0899064221144636
0.17274748715105886 0.08990505089621974
0.17274725693830545 0.089904987118627
0.17274723775390932 0.08990494460023185
0.17274681569719472 0.08990477452665122
0.172746700590818 0.08990474263785485
0.17274668140642188 0.08990474263785485
0.17274654711564907 0.08990474263785485
0.17274662385323353 0.08990475326745363
0.17274664303762965 0.08990465760106453
0.17274664303762965 0.08990465760106453
0.17274664303762965 0.08990465760106453
0.172746700590818 0.08990459382347178
0.17274668140642188 0.089904583193873
0.17274660466883743 0.08990453004587905
0.17274660466883743 0.08990453004587905
0.17274662385323353 0.08990453004587905
0.17274662385323353 0.08990453004587905
0.17274662385323353 0.08990453004587905
0.17274660466883743 0.08990451941628026
0.1727464703780646 0.08990446626828631
0.1727464703780646 0.08990446626828631
0.17274645119366847 0.08990446626828631
0.17274641282487624 0.08990441312029236
0.172746374456084 0.08990440249069358
0.1727463936404801 0.08990440249069358
0.1727463936404801 0.08990439186109478
0.172746374456084 0.08990440249069358
0.17274635527168788 0.08990440249069358
0.17274633608729176 0.08990441312029236
0.17274635527168788 0.08990440249069358
0.17274633608729176 0.08990440249069358
0.17274633608729176 0.08990440249069358
0.17274633608729176 0.08990440249069358
0.17274633608729176 0.08990440249069358
0.17274635527168788 0.08990440249069358
0.17274633608729176 0.08990440249069358
