0.16151539778911397 0.08568002210306033
0.15706817176897847 0.08222898814549158
0.15365547919894298 0.0798873550528387
0.14961382958969055 0.07675976748174689
0.14536506837163182 0.07351871324504776
0.14090547061916575 0.07069691677248685
0.1376951114114714 0.06880837849690208
0.1330859708232419 0.0657125499335371
0.12882259717210542 0.06269030036292061
0.12610919474807322 0.06113669979390973
0.12157657313279534 0.05843849033697106
0.11078001512492155 0.05274653021505792
0.10100108955510179 0.04836888240764282
0.09191634073727252 0.04556802291519278
0.08929722968186186 0.04531145180161445
0.08653578625078444 0.04505955763912302
0.08452947812279377 0.046474557990609525
0.08425714680121392 0.045708498770919925
0.07992043329100643 0.04697440612598658
0.07971827229026121 0.04677501633937257
0.07941586387019042 0.047325363671944086
0.07942816857301145 0.04759473230546129
0.07935982241240047 0.04812439634136231
0.07902918020535084 0.04803099225762458
0.07882525249824728 0.04822256103774706
0.07868581675495666 0.04829238335657002
