0.17648479358428357 0.09454829224211751
0.1711823043417463 0.09087786330252064
0.16530305425465625 0.08628344271988352
0.15941844728536592 0.08204536431287601
0.14638272839982436 0.07274385522962684
0.1402617382226022 0.06830175987094897
0.1353811010575923 0.0652623795550045
0.12156518438254371 0.05608576043050402
0.11484998276598041 0.05223268702895826
0.10751300907821915 0.047999379506287874
0.10127845108175672 0.04507968942121904
0.0949420739915952 0.04231088257371992
0.0898412200949895 0.04062572849795665
0.08577924677521441 0.039749164269717197
0.08162192286886935 0.038447275702823094
0.07453890756248406 0.03846494941704725
0.07433364026958668 0.039307442026357754
0.07393796408424184 0.03907601393192572
0.07305990017761467 0.03940942637974404
0.07282239576178047 0.03897703148329088
0.07273208102779767 0.03984118337143751
0.07220698678500284 0.039707137603196906
0.07173887769427217 0.04036688926076294
0.07172130731231478 0.04099685237421505
0.07144135990674004 0.04031540123373139
