0.1692596425971231 0.08591580196956801
0.16943614087136216 0.08604820853288325
0.16928164742753765 0.08591202370556243
0.16917974342176223 0.08581051794429276
0.1691410195165418 0.085778127426725
0.16913324409343622 0.08576700313798859
0.1690322593495058 0.08569268468499901
0.16907898849329306 0.08573190306537684
0.1690789501907162 0.08572553399176744
0.16907412406602998 0.08572241422520284
0.16917903482409005 0.0858118997094148
0.16919680721975996 0.08583256141600526
0.16919952670271807 0.08583418606952765
0.1692011162596584 0.08583363552248685
0.16918227139183598 0.08581831736070426
0.16918361198202658 0.08581897585814523
0.16918353537687283 0.08581934828702578
