0.18669949626408625 0.1031159918580991
0.18057604268740812 0.0981242368705246
0.17396045137187652 0.0926666992708704
0.16810147828882901 0.08805954937747398
0.1643778134186673 0.08517273633298957
0.16073265632655562 0.08246588524582758
0.1551037806987996 0.07811219249834604
0.14952055135350317 0.07430805504226616
0.14379705299179324 0.07019109205087506
0.1382064551690348 0.06614157611037293
0.13166559169830966 0.06157876655865004
0.12506160812714356 0.05741290269087184
0.12109178826249388 0.05457234106927426
0.11630411524681529 0.052041852374535784
0.11099120376041156 0.0487274892006538
0.10557466468642822 0.045777632192962214
0.10041208927915238 0.04311227111327778
0.09517499655499755 0.0406003041616052
0.09149137026886331 0.039136250361368086
0.08670251064122979 0.03803989781622487
0.08411438556467418 0.03753654237023411
0.08226928053037727 0.03794864368828945
0.07977161547648212 0.03860704917072974
0.07731597466774866 0.03888431610829506
0.07694537852921363 0.03924785316085883
0.07656572012034542 0.039645363482434734
0.07053083659970602 0.04102295714539367
0.07064895712120284 0.04122751612952544
0.07043929522905439 0.041423011050913984
0.07046857296515188 0.04234324008878536
0.07066643093918422 0.04266350635365009
