0.20374029259491686 0.11908300107639504
0.19769988046531808 0.11409350119591771
0.19347261656853035 0.11122705104033095
0.1886191629937049 0.10759769381673925
0.1836450563017238 0.10385643520834255
0.179004335238861 0.10073185405589516
0.17582941549042005 0.0984514666227726
0.17107160345005099 0.09522818641945967
0.16670773341283926 0.09240244435977295
0.1639508862909868 0.09078054357258136
0.15950664787184754 0.08811849210217601
0.14722117294440795 0.08087699034629797
0.13488306070069814 0.07397632578636253
0.1216016421693599 0.06728323905089317
0.11706290171742627 0.06540603556732512
0.1123223545635835 0.06334725951068934
0.10855590896917654 0.062302267252028434
0.10412040353756472 0.06110767193130693
0.09285638173022238 0.05873822002053303
0.09016147945082072 0.05893042031049644
0.09013749246205287 0.059750330587305445
0.08962137481430911 0.0596894681516957
0.08948720088751667 0.060106318621910376
0.08935020214567971 0.05966058062461311
0.08909349827546478 0.060484673979428284
0.08858640088457503 0.06043813656191966
0.08834430944743783 0.06056270052866333
0.08809862714371862 0.061322935824264346
0.08795957921401887 0.06069821606350316
