0.17765449133269876 0.09205202618278478
0.17310508964756738 0.08875963890173513
0.1678197155957451 0.08464608593647077
0.16243155456989775 0.08096574535064992
0.14896673887884423 0.07163452277090561
0.14254295548716464 0.06699652632447468
0.1369506483763223 0.06270950078838596
0.12087177000127569 0.052839940196911225
0.11312004521936883 0.04829229572295472
0.10532028099118305 0.04448504157295006
0.09940265109512689 0.04256932781091499
0.09428266958336605 0.04124766419647072
0.0908570152885993 0.04270707771519712
0.08920626185222165 0.0437163985007973
0.08789033751079427 0.04622712462810689
0.08716688050752655 0.04712257137328737
0.0870806912436461 0.047930785982717265
0.08701381167141778 0.04859275958585379
0.086875721022928 0.04885969860533221
0.08704649919411026 0.0500613449957047
0.08743033561566542 0.05022476118561171
0.08682571706707652 0.050627236204618065
