0.17870042445092724 0.09397047913809431
0.17742184200283867 0.09302954705323711
0.17593810162266227 0.09180857818826738
0.17377128163430183 0.09041928962646399
0.17010516272051313 0.08745964791707485
0.16710512603994773 0.08501170977861862
0.16554775594746976 0.08389206224931155
0.1618814835585121 0.08120154603687739
0.1606277928643869 0.0801103805175271
0.1581676722359736 0.07837977022378963
0.15596629155800626 0.0769353299886663
0.15169088581570211 0.07352610408367076
0.14906131900857497 0.07181143818811771
0.146718453409236 0.07035368969530978
0.14421605037177826 0.06874729157822841
0.1413269378695682 0.06674668416043517
0.13904587480232397 0.06537314866403801
0.1368035162542482 0.06397895985719261
0.1347204649315378 0.06258353270208823
0.12943998867660203 0.05918080148195315
0.12338059716267386 0.055375830299220656
0.11941513452405508 0.05306979730460586
0.11688082783585278 0.05170065714730821
0.11387484399249077 0.04984686043319782
0.11118823238350621 0.048810421403215884
0.10664158805668514 0.046251308291019026
0.10097901618426351 0.043838474402565525
0.09805920864826438 0.042610572381785256
0.09239000856698393 0.040606329641205974
0.08830046125427275 0.04010527692826024
0.08340763449949906 0.039368839722317465
0.0810046737793199 0.0400077237853685
0.08017150025200623 0.04070058760847293
0.07946052653186636 0.04159391237775111
0.07915657375586889 0.04140147146386412
0.0788237052988223 0.04229620731238163
0.07862423554018348 0.0417798958103734
0.0787158074589546 0.04239041744645403
0.07830683450250717 0.04229689557890326
0.07804614253975621 0.042387876972343315
0.07831909333162669 0.042850647185248225
