0.18158063558573587 0.09576234829231073
0.17927456967082409 0.09405706269280806
0.1765354108504406 0.09225710988275075
0.1740045667085353 0.09019545530489746
0.1686429313534041 0.08650108617490779
0.16591661371754363 0.08452844879402337
0.1629762124531431 0.08226565051619039
0.15679998601652503 0.07816141953728811
0.1528584610909809 0.07534604564233215
0.1484931099953634 0.0724673047543996
0.14549219225315488 0.07037284900659252
0.14045060904779896 0.06690970159008322
0.1369065092002679 0.06455257917652435
0.13350911509442526 0.0629223465563521
0.12970019935651483 0.060922300712978106
0.12177363322265126 0.05599219213151019
0.11659865502583262 0.05349341733749231
0.11333917907495633 0.051811064146073026
0.10584281178856005 0.048317860158239835
0.10146066174035386 0.047148607536461995
0.0973757755308814 0.04612879080532013
0.0944683876102732 0.04657718960647945
0.08969683343289404 0.047083294665941175
0.08957332807010873 0.046984773224107455
0.08895461296746511 0.04790186048621937
0.0889319109031853 0.04710358968627865
0.0872139233245589 0.0483349120493369
0.08699718521235256 0.04796120707104668
0.08704882785667674 0.048622092483710806
0.0863659930781799 0.04937378015456207
0.08621569372141974 0.04947843941950367
