0.17952797724767272 0.0963515896026063
0.1761593390188633 0.09405288465547723
0.17293380236403724 0.09140096629478184
0.16944608188388044 0.0890313396036487
0.16711919325698188 0.08737198361890677
0.165461037022293 0.08614584585670644
0.16229157735178834 0.08384235234812812
0.1588286130420137 0.08139901330008284
0.1563142110178834 0.07959607105156723
0.1523766497733954 0.07678247630606765
0.1481520719775845 0.07406192732714097
0.14391917832863793 0.07106196958809598
0.1408061688510534 0.06891106397014266
0.13706489619059284 0.06620902859046988
0.13308592793054874 0.06406756979442325
0.12848530897844193 0.060991065651894126
0.12435249265066144 0.05875071926147483
0.1200204212089662 0.05614735973706302
0.11679906640433611 0.054518819936885676
0.11262988616180794 0.05230470205027742
0.10867774107361587 0.05091690962010485
0.10597218926077903 0.049675912115629446
0.10141084333659971 0.04826753212874989
0.09865227676384125 0.04758596564501423
0.09608118531050955 0.04634844826286193
0.09379741663094071 0.046162003831196625
0.0891844530867222 0.04535456116015833
0.08642933151641352 0.04550138051729146
0.08562220572023518 0.04658351125209872
0.08452442698125918 0.046326432824452944
0.08420652981075454 0.04720018241270181
0.08355129034480646 0.047541505860764874
0.08339370062163155 0.047669141111457036
0.08212407367711906 0.047849754573738544
0.0822688020578148 0.04877302396808564
0.08121621026763841 0.04828737045475394
0.08108539586905929 0.048013602641739685
