0.1807809556110533 0.10052513820769475
0.17637809675706043 0.09684440630214737
0.16979474727322239 0.0913837807429354
0.1633285783896434 0.08651446609322852
0.1593762438699635 0.08317724858104251
0.15582718004214668 0.08077062154180573
0.15027537057741938 0.07642594871340078
0.1443699110577395 0.07216600464660548
0.13816603774250288 0.0676275159821409
0.1316638272954978 0.06337930078605304
0.12529988957347948 0.05896653296468799
0.11804154418348772 0.05434193787875461
0.11338380698266048 0.05150947992943637
0.10943958924155595 0.049236582386332446
0.105176248899108 0.046918554421617006
0.10184654891824328 0.04525878520290818
0.09504927871641512 0.041314244835694604
0.08732423293280081 0.03779338312006658
0.08302800382521637 0.03603273113980437
0.07741684221396435 0.03460132110397363
0.07206862302176761 0.03380971346047229
0.06857086643420161 0.03412368857502498
0.06805313670656046 0.0351426315374624
0.06778903474770867 0.03515295058504551
0.06751957111516986 0.03509226654444054
0.06748738190710066 0.03563324462418897
0.06745978294334976 0.035501080406962225
0.06713591677011167 0.03563483134527188
0.06715952921687633 0.03637619192772374
0.06698498014561213 0.03686244957228861
0.06709602285132868 0.03669449300144503
