0.20016789799794713 0.12040479255445076
0.19115921253118615 0.11251047653256704
0.18254729874494147 0.10549170993338558
0.17408763232629065 0.09925963994062391
0.16924439723548249 0.09552949050377155
0.1653864919137003 0.0927743622750947
0.15725917597340092 0.086903199050037
0.1521341221036166 0.08349995229436064
0.14354157496525322 0.07820273957074789
0.13530076413751865 0.0733807496350221
0.12632205428969237 0.06860810761167711
0.11781770741248232 0.06499402807880801
0.11306840871726681 0.06370394024770877
0.10892721701020548 0.06308376162112776
0.10198939118242181 0.06215348570905717
0.09851257429732929 0.06161848205757739
0.09610808841765874 0.06324593740986101
0.09176001218285891 0.06318017739694902
0.08835356366272788 0.06460793979157142
0.0878544911899114 0.0641956654877166
0.08787330149030528 0.064489579209049
0.08760412522837105 0.06492633347891631
0.08739613759785576 0.06606030970739181
0.08718543537528976 0.06587035877702128
0.08754126755448982 0.06682231375582331
0.08778222356973421 0.06678427042175526
