0.1741355606332856 0.09596129917702069
0.17002896900494197 0.09245280322144721
0.16566341365434775 0.08900483505524297
0.1590995489335337 0.08398883874904658
0.15198213537172497 0.07861229890135855
0.14797493893037142 0.07593072999860442
0.14100290279909103 0.07073324747966042
0.1366345226334523 0.06766345655281383
0.1322149414981762 0.06462116599040779
0.127623592456905 0.06189621721934969
0.12032509388727644 0.05701767955519599
0.11198294585425164 0.051972930659917205
0.10687621648984154 0.0495509878670659
0.09936259149719563 0.045396101107899274
0.09480302401908633 0.04319228829112962
0.0906346982124647 0.04158052944403299
0.08423465361294419 0.0395188387265929
0.08049641786640552 0.03891152057033737
0.07571761601390904 0.03874180364996711
0.07517265652577855 0.038679351644715025
0.07320627404635777 0.039547801818955605
0.07304953990178606 0.039556324503048176
0.07274524029198208 0.039362990733883094
0.07267765539508649 0.039941869357216685
0.07245561535694324 0.04046656497595038
0.07216778585519543 0.040263642512491156
0.07189944278943265 0.04047930852068917
0.07178280186720466 0.04066267846791956
0.07122255486307902 0.04100536971198488
0.07105354953044105 0.04126158728800269
