0.2002710986070525 0.11208044237228212
0.1947976447738728 0.1075913967208768
0.18988924464712978 0.1039381345843645
0.18514978797510248 0.09984468996514274
0.1805630526620938 0.09647610391094551
0.17613112632136343 0.09292890074313351
0.171999299174822 0.09015046325867013
0.16437397572883367 0.08400466430728798
0.15645405940803409 0.07836331978943399
0.15190727603318854 0.07505132908827006
0.14788705001017377 0.07219698877117123
0.14049745449079704 0.06734035114991659
0.13246806296456098 0.06249809568586209
0.12471045378660103 0.057603220731436165
0.11660953756570044 0.05292418063350716
0.11222062754956952 0.05051527180097667
0.10556114125105415 0.04763120692042215
0.10144941456429328 0.046445418019502936
0.09549973592649885 0.04397840063247829
0.09286787805948342 0.04360742081764711
0.09067053103671871 0.04399386441853014
0.08909511081740669 0.04460913321144572
0.08743308337643904 0.04558027138321438
0.08648640822040048 0.04661858113426949
0.08336356861283806 0.04557846417291354
0.08308303361080331 0.045489948630775476
0.08027963713680893 0.04566332213718899
0.07741359790071142 0.04489616136448068
0.07482737066297387 0.04391006380714712
0.07485556780629156 0.04446222589528875
