0.17278700700706232 0.08999788981204829
0.17271740601794555 0.08989498466616597
0.1727717937809406 0.08993793887487482
0.17280231615516461 0.08995597730402081
0.17267796289952655 0.08984370748160485
0.17274117548473597 0.08990340330840735
0.1727474295978705 0.08990576307933865
0.17274725693830545 0.08990602881930838
0.17274800512975405 0.08990636896646965
0.17274723775390932 0.08990551859856648
0.17274666222202578 0.08990517845140522
0.1727470075411559 0.08990524222899796
0.17274706509434426 0.08990499774822579
0.1727470842787404 0.08990493397063305
0.17274718020072097 0.0899048808226391
