0.20202788369306027 0.11188763716131653
0.1968816927487096 0.10779204201911888
0.19026760108580457 0.10227247191589452
0.1836744769689714 0.09732175204198137
0.17933530655702315 0.09408688876073137
0.17537744266161953 0.09113724931522264
0.16867022366200224 0.08616015556385034
0.1617364631682629 0.08123407275107589
0.1539310449856976 0.07573071293350936
0.14588974190982376 0.07034391814955043
0.13744454524880773 0.06451647055079977
0.12863325983320412 0.05875355854366107
0.1226575379516417 0.0551490857398889
0.11763905929545365 0.05224043301532584
0.11223211564149804 0.04909917555687906
0.10783229459011245 0.04729393725024152
0.09963528736041058 0.04325581518267362
0.09149581630375052 0.040086980404595005
0.08718827928740702 0.03920930386343426
0.08111974630725866 0.03835197594805298
0.07659388040510372 0.038541980437187116
0.07391951686020695 0.03962247316811764
0.07356525828643554 0.039779212800224784
0.07388099330663798 0.040441481233292255
0.07346354460544521 0.040415115396649395
0.07342188741953369 0.040696787871858806
0.07348656769933812 0.041751625038252846
0.07306013975195277 0.0407137245112556
0.07330160672733942 0.04168785600446134
0.07308524235110052 0.0431496656864447
