0.15620031198214915 0.07895506840946398
0.1523496964750598 0.07655149877471978
0.14837350596968643 0.07375085518307006
0.14141450229018768 0.06928978330641195
0.1343161634116626 0.06550534453795157
0.13069396532176616 0.06332421210025535
0.1234792919416281 0.059565136278312364
0.11977481034096035 0.05785833789891559
0.1157736561311088 0.05637243842336454
0.11181928851890983 0.054729287599901616
0.10545626335993881 0.0527306453136745
0.09990949484110252 0.05165447158192762
0.09706114286309617 0.051897975299566676
0.0932792804814971 0.05263363028905144
0.09218671862743176 0.05266646340325986
0.09178557573982193 0.05316077368310875
0.08901571531747628 0.0538134741875912
0.0890576662147984 0.05392908366864167
0.08777209767586092 0.05458385682080717
0.08785752199793595 0.054471615392241664
0.08674357773033024 0.05495932990264083
0.08680075390196011 0.055181956012889104
