0.18751157903601176 0.10470757503947252
0.18378632563694267 0.10158135021014944
0.18028564811979422 0.09919955666390544
0.17665869212395885 0.09664726426986968
0.17312878950269475 0.09401684557282401
0.16975657229911809 0.0914953910801848
0.16629796208966194 0.08897519616379981
0.16338810249265065 0.08693572503988947
0.15707882931161196 0.08249928030418853
0.15326260870896619 0.07988069185135818
0.1495623889943655 0.07742248763182985
0.1425852351022783 0.07258593741313267
0.1380633057477952 0.06950795109682163
0.13399430809039686 0.0669167421398967
0.1262994262157031 0.06239319119116649
0.12164574465641842 0.05955120168786693
0.11739464034174424 0.05735299138067626
0.10964191113424791 0.05293092861694705
0.10484079303956394 0.05096387769844667
0.09766227875428711 0.04755879245901252
0.09405065301935325 0.04653663004108477
0.0875749479421852 0.04381351033217371
0.08150932255940715 0.04338986923253063
0.07688355030469132 0.043208169928650654
0.07570429725777805 0.04368496025993484
0.07552896577198677 0.04389071909903292
0.07517773341805488 0.04368106480320033
0.07466102132839295 0.04440074975625028
0.07442414391689123 0.044636141212570604
0.07444566082802548 0.044852462575817806
0.07426808052119059 0.04544292966404582
0.0741334766199167 0.04506811614648194
0.0740903423184101 0.04576528617398761
0.07381891440317247 0.04583681598928683
