0.17966949778886884 0.09768796582756677
0.17560609231595153 0.0946068023260634
0.17162999756702033 0.09145416486461465
0.16556788702762198 0.08729178634767698
0.15974190229901258 0.08254302665459465
0.156460645021523 0.08046974746169747
0.15056585928920221 0.07631304713580817
0.1470949755292497 0.0741437406644494
0.1434304243649739 0.0717086441153387
0.13956367389737606 0.06918981583834453
0.13347744231019082 0.06528995650203395
0.12719389499823502 0.061509641438859654
0.123444216356855 0.05926563329059073
0.1174230895747127 0.05625713660095452
0.11375298453679009 0.05465786761515631
0.11080575445658142 0.05323582080129941
0.10547246534995686 0.05114608456989797
0.10275346117405672 0.050972467941321965
0.09803981200482428 0.04980894074576627
0.09598912076587994 0.04977791040324052
0.09249635665888767 0.04976171244569663
0.09132638529695834 0.05033713125870512
0.09121925298943952 0.05072842986920211
0.0908318894538604 0.0508632437264409
0.08872825447803087 0.05142241060670543
0.08879500629387943 0.05185256056621971
0.08857027549971073 0.05192123861080098
0.08816280311127235 0.05201955983526596
0.08799206937485292 0.05246367317904083
0.08792384290979467 0.052915823430107554
0.08765273727067481 0.05322786485680768
