0.1693214055023337 0.0859699175051678
0.1693037863169713 0.08591456053996617
0.1692596617484115 0.08589390962841573
0.16922465319314794 0.08586789358197736
0.1692035867758668 0.08584398256834211
0.16919071711003686 0.08582935528912053
0.16918778696290596 0.08582506965823422
0.16918943397371156 0.08582354216007196
0.16919299611336092 0.0858231589361514
0.16919117674095938 0.08582312115351134
0.16918885943505843 0.08582143172974885
0.16918947227628844 0.08582150189750895
0.16919033408426812 0.08582224135775005
0.16919075541261375 0.08582231692303016
0.1691905255971525 0.08582184733878946
0.16919041068942187 0.0858218041586294
0.1691904298407103 0.08582164223302916
0.16919050644586406 0.08582163683550915
0.16919054474844092 0.08582162604046914
0.1691906213535947 0.08582162064294913
0.16919060220230625 0.08582162604046914
