0.1863928301312274 0.1039003633281903
0.1814396492662659 0.1000985810250947
0.17683002256698885 0.0964385125330623
0.17204182750864372 0.0929289910486873
0.1692626799649831 0.09074570334609565
0.1668296189272945 0.08894341235292037
0.16148402123973557 0.08501575434095807
0.15828009279722616 0.08250696174943127
0.15198113613677217 0.07813566680238539
0.1461471516850346 0.07421023569136952
0.139454128343917 0.06931881853114932
0.13271262603380873 0.06467466178317387
0.12851585713119304 0.0619751582449631
0.1242518469201831 0.0592945275594033
0.11692659221279271 0.055291069878472224
0.11287455039449257 0.0532581909987537
0.10871448124165095 0.05094040698267698
0.10186982443361524 0.04767875711247714
0.09577239985438275 0.045183331241428294
0.09043003473756973 0.04357587282186765
0.08845535606853096 0.043889849910915456
0.08651609179472634 0.04479767876774208
0.08589254136769704 0.045104906061558474
0.08303378817234403 0.044731461682082134
0.08307336558153583 0.044969144825817445
0.08075131505198511 0.04505156142003276
0.08057556679914643 0.04548815624591823
0.08066270232631523 0.046660696658802465
0.08034638520701959 0.04579139212538913
0.08026256858037924 0.045738695889389586
