0.1722767638412543 0.08931049862019937
0.16918808947819697 0.08690544634691615
0.16619796132410583 0.08467395499473236
0.16291615629593337 0.0824096006465709
0.1593435547831945 0.07983606376166107
0.1558852412267271 0.07714945819110257
0.15205499180854973 0.07472424726854374
0.1486755783776335 0.07259026992111056
0.1402472172035767 0.0665142640930078
0.13564760304385107 0.06351848684411693
0.13107490775048997 0.06075263112449408
0.12071751745467908 0.053898657795543495
0.11534011743630573 0.0507701038359917
0.11017548459701126 0.047785684490220824
0.09994505221092602 0.0426297936866216
0.09498920565899069 0.04059485323678088
0.09052455903968643 0.03938396883443504
0.08247057393740813 0.03704148275405566
0.07858537673015678 0.03797729904807307
0.07491022419310388 0.03888778537220218
0.07419252970357668 0.03930347539674046
0.07339780591621754 0.039818772385710396
0.07299819998622 0.039689087609001125
0.07281927517148457 0.04053759138008556
0.07237960194910584 0.04174526712050792
0.07213246608586477 0.04173584744464119
0.07175260671852034 0.04196482700632255
0.07163472064857913 0.042605807445711394
