0.19037738363050263 0.1033254543339957
0.18667339186971327 0.10049355388127415
0.18092540935396345 0.09584038709476002
0.17507412238361825 0.09124195146451783
0.17149683669877142 0.0886742400721006
0.1680778042387102 0.08602816824458216
0.16167973196499716 0.08148295209714781
0.1550952516902832 0.07681313546035153
0.1473224156177016 0.07133673918010605
0.13854576306841598 0.0658422617842773
0.1292715050358909 0.05995376294764403
0.1193144505567631 0.05457160503441727
0.11353588877249622 0.05111080017572293
0.10839383767270819 0.04884190695913567
0.10309617824882734 0.04668633028637142
0.0990585073499107 0.04562459946013745
0.09120923748049674 0.0433720156992757
0.08441094190050144 0.04182020516046296
0.08126691203167626 0.04322455516917706
0.078712340447324 0.04383343794256653
0.07840263311746855 0.04406625709821821
0.07812402253670049 0.04515280724409362
0.0778551913804143 0.04470688769462635
0.07749517823104135 0.045525933283610355
0.07719685547373314 0.04506989034642324
0.07717319511210086 0.045999703540463614
0.07691090433524522 0.046192238206459686
0.07697273847191284 0.04619230253299007
