0.18628157918912297 0.10471648979899595
0.18161392623101422 0.10119290123671278
0.1773310609076433 0.0978297023369396
0.17327862797035767 0.09452993830334905
0.16854107974032337 0.09115098384198207
0.16439773701616855 0.08790955121906133
0.16067148839416953 0.0848053744033952
0.15661246210497307 0.08211981666997921
0.15134567537359137 0.07823752033564145
0.1473263144598236 0.07494533547640822
0.1432843887800098 0.07274732062070528
0.13839191113424792 0.0694616290942309
0.13420354414196473 0.0667340655785781
0.1304985301322881 0.0642290670153637
0.12460982476420872 0.06063851460170288
0.11973769177180303 0.05797660106909358
0.11572781418422343 0.05581660152775307
0.109558609061122 0.05266574981097669
0.10579976688816757 0.05017151736721113
0.1003390456577658 0.04866726299639466
0.09679987023824106 0.0471117569021304
0.09235037206026457 0.045680025891675746
0.0885977213222685 0.04461072980456241
0.08528167679752573 0.04453461230850966
0.08223693578515434 0.04455647844369885
0.08145904466254288 0.04497566487818421
0.07966826540298873 0.04490663249856148
0.07809545431926751 0.045588380860764874
0.07722610795106566 0.04539819570479285
0.07701706328852279 0.0460912666802643
0.07657095461017883 0.04631755606938545
0.07674747749265066 0.04656136551269792
0.07645027904519844 0.04668412533461295
0.07578664238577904 0.047171896239061664
