0.17474878416971162 0.0943347448590158
0.1630597891680909 0.08629355967065591
0.14667039649695995 0.07553610275199463
0.11888172198218706 0.058366685825455525
0.07226472333338245 0.034317104295752514
0.049830965326582884 0.02661711328414125
0.04495512155847281 0.024366080491063653
0.04019542252251174 0.022458157859916516
0.03989824183834399 0.021235421824148
0.03996682365641698 0.022175745364474485
0.04032998907103322 0.02299961367786159
0.03835536076103425 0.021082081889408633
0.038461225054913416 0.02167035843262229
0.03858837683433522 0.022462274172047794
0.03883034962257387 0.022538049924419302
0.03876756389017808 0.022523947104225173
0.038853665858006 0.021877728618009296
0.03905097017793297 0.022641529068636253
0.03908034148838991 0.022321381497491074
0.037490168476599334 0.020814654470860273
0.03706308545021634 0.020472046557472624
0.03699158760393338 0.020643168482287175
0.03698106016656353 0.020848622682492355
0.03722326076950608 0.021081230192805615
0.03767481589118733 0.02130272445758433
0.03771603116819774 0.02126233596828332
0.03674928868096073 0.021110650264855587
0.036837196380073274 0.021824233833400684
0.036235636067094436 0.02124844839746468
0.03595373095833579 0.021130979372540735
0.03540505962740526 0.020080078773405525
0.03543909754221795 0.02051297184151251
0.03556755386057579 0.020242477783713346
0.03520006476268442 0.020237079276228066
0.03495454525921342 0.0201233226386814
0.03480103411952523 0.020573551253714406
0.03487503552950161 0.020636891704201906
0.035070759534798344 0.021439249695738363
0.03509156021628949 0.021519834012862324
0.035180806027031275 0.02230941522665366
0.03541450314639444 0.023226420084635418
