0.16535800302484643 0.08225562093799403
0.15346882942368456 0.073414357458584
0.1378327898381842 0.0626460587477906
0.12157523692177104 0.05257040131349629
0.08811263374764489 0.036712300729274165
0.07377074119623722 0.0329927638442701
0.062441567818933626 0.02949154316258728
0.04910967755364012 0.024376442200811303
0.048012853527392894 0.024674150743992075
0.04702213697549703 0.024664231056951792
0.046699368052727515 0.025220561735286206
0.04580209986715699 0.02452267248601627
0.044633614364892646 0.024403746132688992
0.044066168170605755 0.024110071399017982
0.04394404275600799 0.024649245655643442
0.04053275813004141 0.02149369296595394
0.04030944609799717 0.021669483972144382
0.04009414064033276 0.022176720106432103
0.03854059688738887 0.020419442588743165
0.03867042461695705 0.02053385670399092
0.03810920495971778 0.019919885434020537
0.038004592429236254 0.020156604385576996
0.0375949993705903 0.01981140812147319
0.03789341795763375 0.02078338735618303
0.03797971742570972 0.0211811089126209
0.03809207060305576 0.02195713479427175
0.036811387646765156 0.019033272865680028
0.036984369901858084 0.01998885821609323
0.036936354413012976 0.020477439656568373
0.036737922175982034 0.01954612417001622
0.036787904570143075 0.01980874661127838
0.03630995855708938 0.01942040064664459
0.0360997584285702 0.01894966445780797
0.036221258554145486 0.019863201699524085
0.03637517069192442 0.020881579124548515
0.036482488016683266 0.021539102135863807
0.03692204703354071 0.023086622899181286
0.036576353242356925 0.022109544446802132
0.036464448069023166 0.02221472368453103
0.036641447985766296 0.02266464085983472
0.03674333416028006 0.022734327934421934
0.036877021432435285 0.023159585266274096
0.03721882214062469 0.024253286378111003
