0.19179859750122488 0.10930003349604163
0.18422284572513473 0.10282064294331525
0.1760830322146007 0.0964146878578934
0.1689170826188143 0.09072285278732932
0.1643249900477707 0.08715147090708948
0.16033975379715826 0.08422234804472069
0.1534398445155561 0.0791400990183297
0.146589897338927 0.07452140662874154
0.13984484091744243 0.06927280124025696
0.1333092310754532 0.06505009356479886
0.12586975785460558 0.06024004331031233
0.11858105133819206 0.05518754091451143
0.11413327566144046 0.053286357147374244
0.10933850211293483 0.050315505392376246
0.10382397185815777 0.04705223649491027
0.09786824205352768 0.04371414496749772
0.09293462533684468 0.041171934612703756
0.087355529994488 0.03900750483764149
0.08327277146619304 0.037325612210523315
0.07798287929476973 0.03521953556296283
0.07442688077994855 0.033912271860336796
0.0721884665145762 0.03308486599151063
0.06882770394414503 0.03163314735183213
0.06487057317185203 0.030337423430793844
0.062269581968091625 0.029508117339170355
0.059440703852278294 0.028810124786653842
0.0530910715105953 0.025155974630570628
0.051066457925036744 0.025083451270208817
0.05052217624632533 0.02530228092754848
0.0488589912650049 0.02399240034667013
0.04793868278417442 0.025522207284902596
0.04765117819083783 0.02497826036535703
0.04656868665023273 0.025365816234078957
0.04297199882869917 0.02272147840504289
0.04266264239343459 0.022873008957411383
0.04163975896466193 0.022375151941814875
0.0416836205444635 0.02279763254824959
0.041582930778417446 0.02256170088573402
0.041517762815409115 0.023034403023399975
0.04157953362322391 0.02336558471093333
0.041153032750489954 0.023687297859728028
0.04113752545474032 0.02396578093988364
0.04035050029091132 0.02308623567210294
0.040381438326800585 0.023177082609438935
0.04014796763994365 0.023120491259930674
0.040128484237199905 0.022954666960220322
