0.18881476421916746 0.10953951430046695
0.18384807753933877 0.10546725122657066
0.17667794785896002 0.09956299806048088
0.169831132806361 0.0938830294288521
0.15621123792764322 0.08397035455919649
0.1412364546652768 0.0728498649530733
0.13588855485018367 0.0689487331048905
0.12142705969815731 0.059322749144189744
0.11781058040932442 0.05722921245897825
0.11191587734387277 0.05349234511569085
0.10639589349559957 0.05022800064219784
0.09283064536922442 0.042556454436947604
0.08720502264372643 0.03968131006573684
0.08215097022397552 0.03763540461270164
0.07767573501560536 0.035911461734804945
0.07327543405847281 0.034652120018204675
0.07030660079819366 0.03346747249229907
0.06630852468617397 0.032311463762932396
0.06392199540127004 0.031197123060821032
0.05655057344462125 0.02825849075343957
0.05130499360622446 0.026274462852358443
0.04903759942121444 0.026119735754977034
0.048586703763149754 0.025907667286925014
0.0480245386075996 0.025284507057883522
0.04651902873392808 0.02558387907819439
0.04369506644093539 0.02415094538376083
0.0420371029674117 0.0241726855706853
0.041880716566355294 0.023943585827972614
0.04120065850055988 0.02348969664485643
0.041055092098914135 0.023199920494852894
0.04026027297553974 0.023740369158312652
0.04017156192983975 0.023269342404547904
0.039913985033408476 0.023320494691323253
0.03980430784080082 0.02288346405188741
0.03981420219309877 0.023758628151633522
0.03968808157496832 0.024089458469562272
0.039819118194604056 0.023977061091960825
0.03959282145604348 0.023896823565497376
0.039589394643286875 0.023877653084080297
0.039724776528643375 0.02385991228370042
0.03954028498727384 0.024718775893702652
0.03969805746094978 0.024509564130325345
0.03949870520673719 0.02405130086730723
0.039347855902010405 0.024651942291312914
