0.18806754352041616 0.11059233685864858
0.18218058904248954 0.10548656315944295
0.1656678362918963 0.09254551321578906
0.15922891878334053 0.0876405556462817
0.15281442060419895 0.08261513537224346
0.14891608055168762 0.07996958988345468
0.1429541826729785 0.07553875258770937
0.13730865396519348 0.07188649385751336
0.13098829948309929 0.06727319305727418
0.1266729155890241 0.0646939802785128
0.1195932636052629 0.05985275519406266
0.11558141676390986 0.05761671816478754
0.11099463356986311 0.0542925247480997
0.1048144651910216 0.05154111989294237
0.0991654411674577 0.04785957356655747
0.09485922170406852 0.04596279576534051
0.08930112377179392 0.04325048599391517
0.08415628707907588 0.04069020306872293
0.07974645304930965 0.03861934236361615
0.07603088449530782 0.03673530134902692
0.07157391158356459 0.034624485112298646
0.06898631973624213 0.0340739225401397
0.06529379632586195 0.03247714164886286
0.0566612665155107 0.027805219801656133
0.05498737894141383 0.027439756024235738
0.04921000021910363 0.02461372147563997
0.04810797024695278 0.024900304569421734
0.04717555406405058 0.024334413077651305
0.045063813549245914 0.02423785140368128
0.044696915518849654 0.024188126147119994
0.04410441640139295 0.02453261819306418
0.04327380488162888 0.024160556749381296
0.04276531304546079 0.024170404696856496
0.04258413598551893 0.0249242433625859
0.042207111115571495 0.024060806832761125
0.041853744266532975 0.024457349232698426
0.040160479236330385 0.022451672175547166
0.04025559491845055 0.022521330691993878
0.04033529769441693 0.02294055492987118
0.03910844903818103 0.02131732672963944
0.03923190790078497 0.021630231706586556
0.03878202484926283 0.021556202168807728
0.03852065423271441 0.02195191648880121
0.03878175432139775 0.021839062948835513
0.03870923130708952 0.021821839155736947
0.03839483483493376 0.021967960200546612
0.03824641558718547 0.02161119395986513
0.038475473685194356 0.022468222985108328
0.03830559176213252 0.022046451120172603
0.03816668168854434 0.022467300498656254
