0.18824230930936084 0.11073425951116979
0.18252843520783896 0.10575687866318831
0.16746165150203965 0.09379544459574421
0.16118741603581166 0.08898652272108946
0.15497635481120928 0.08402826593435124
0.15116594349700427 0.08141372354287277
0.14539349173351115 0.07701105714919017
0.13993177833086548 0.07343178813651781
0.133884355341961 0.06885222552499945
0.12968201857876208 0.06627604993847501
0.12290427569242876 0.06152782335664055
0.11901067586268607 0.05923942578055948
0.11449179755682598 0.05587602938698736
0.10847208811275472 0.05299312435781996
0.10294859859479495 0.049294919328721605
0.09860476378790033 0.047149361496956206
0.0930556483383671 0.04428284543762153
0.08777507847893663 0.04144860022013656
0.08317751247511718 0.039150737717270914
0.07932638791424376 0.03707060359572487
0.07469071339222676 0.034927438294611486
0.07192178168943301 0.03420404168180048
0.06800196699134863 0.03243348538211784
0.059427660523286886 0.027954659909563098
0.05735853413236188 0.02789448789853141
0.051589994249678854 0.0243306422119788
0.049924184206703894 0.024647732094570333
0.04896496900679558 0.02502758881850611
0.04711987799298623 0.024191136366068865
0.045963900455245246 0.024175829025087834
0.045450835979941755 0.02401628202614018
0.04427248842121585 0.024483049381573713
0.04400717958928641 0.02428197970296756
0.04369516280472259 0.02415638667904532
0.042906940367959265 0.024131161260040106
0.042778384568853085 0.023524710034995358
0.04149268772278089 0.02259567716590756
0.041142490598462415 0.022563399580735843
0.04100593387789523 0.02259715934808713
0.040033936834874925 0.022383381204805715
0.04005182279664486 0.021930478119441345
0.039499519810645436 0.021148322895893638
0.03925761044201936 0.021512883068163614
0.03972021787940781 0.021929896845083386
0.03949230413820873 0.022082854269754978
0.03966178864865461 0.02279555192785211
0.03921436189438531 0.02183689699380331
0.03906145858742204 0.021489831696177027
0.03893440146480736 0.02138003692707873
0.03895930199865412 0.022167485658410625
0.03910034277843628 0.021852486205644693
0.0390095723005207 0.02235677745078001
