0.18640953427668636 0.10534241269431759
0.1796847401036249 0.10024299132432372
0.1728357697596314 0.09465631792881608
0.1660699221279905 0.0895206324773159
0.1517833089593596 0.0789168595890787
0.14513689392675602 0.07390834768815596
0.13974061612233332 0.070364781387573
0.12544595325594174 0.06079672460457195
0.11829210060926246 0.05661158157152973
0.11048232217374344 0.05168924041860618
0.10383676002578357 0.048153232485343846
0.09725847035196653 0.044614445109914316
0.09160590550360136 0.041528141270323754
0.08687380442822307 0.039976076105661555
0.08212313155015406 0.03777811360991568
0.07190957441017948 0.03295466377637559
0.06730430398939954 0.03211441991535658
0.06474425094419121 0.031352574013248175
0.05732872562244863 0.02812172041905904
0.054326030238651304 0.027090276667549512
0.05270882679258336 0.02712238364702952
0.05155973243724609 0.02728065639477758
0.04741414767346869 0.02387483195766045
0.0470076858514219 0.02434304601045143
0.04617711516158273 0.024400125085082557
0.04617094372663288 0.024122537344552795
0.04387180151009264 0.022804250872953902
0.043617627511812355 0.02345428386388712
0.043612318544479715 0.023243244599316044
0.04218245743933134 0.022514191826345127
0.04084252295773801 0.021445701353876197
0.04028023240320737 0.021048444824647593
0.039886896859145926 0.021029590450563605
0.040227842286948264 0.021653064625262796
0.03992830009625905 0.021696984904021385
0.03996389365567288 0.022402252942381268
0.04017100806671712 0.022052781644278745
0.039764718738193774 0.02225707600411141
0.03988712685051052 0.022869290355720568
0.03995053259483617 0.022574634642461136
0.03962312311713736 0.02254894959493155
0.039898568920898915 0.02317514960635594
0.03996620554803569 0.023438719523805277
