0.17279293498546283 0.08999263879024622
0.17273142981150794 0.0899306894885003
0.17266727719088873 0.08989153004655934
0.17261979581049622 0.08985680314731366
0.17277494002190397 0.08996105825224225
0.17287721203761 0.0900447876019081
0.17287216654143092 0.09002198711250435
0.1728356394512219 0.08996932808010058
0.17271727172717272 0.08988295196033612
0.1727225474361052 0.08987206725117555
0.17261231389601014 0.08978710486805011
0.1726072108466427 0.08978286365813305
0.17260442910920556 0.08977889881778453
0.1726020502440869 0.08977541230938153
0.17260112939307323 0.08977449816388562
0.1727281109109795 0.08989363470711968
0.17272747782590758 0.08989314574557536
0.17272778477624548 0.08989337959674874
0.17272661452808227 0.08989401737267612
0.17272814927977173 0.08989567559008729
0.17272995261300683 0.08989719562271421
0.1727356887474462 0.08989841802657501
0.17273513239995875 0.0898988432105266
0.17273495974039368 0.08989885384012539
0.17273378949223048 0.08989852432256291
