0.18598684848046237 0.10500490211045911
0.17888778169342334 0.09959127780278412
0.17135999183683984 0.0934823909124967
0.16401257270793673 0.08794305648281057
0.14925726588719015 0.07696933099722246
0.14233163175499972 0.07179846965468832
0.13661683507656566 0.06808348387170923
0.12133403347815634 0.057732803717284384
0.11358707143409122 0.05324804378732654
0.1054203655666742 0.04819401014506576
0.09832634900668263 0.04450049334160373
0.09163151120885915 0.04115610610155152
0.08556701266056464 0.03814682256101243
0.08087931908449944 0.03676751701479613
0.07625987065438983 0.034748111566047395
0.06639337527506967 0.029819340440357125
0.062201931191490194 0.029485027421113374
0.05975207755032824 0.028845091015179004
0.053469729264898534 0.026219434820242513
0.05110765566122211 0.025952661977634267
0.049522627048763077 0.025421440088328046
0.04732629097219496 0.025617992482201278
0.0441285964516319 0.023072275402632618
0.043910794629364314 0.02322163892592191
0.043222339436895275 0.023383806109030552
0.04329535690366612 0.023677357550184987
0.0413676603239137 0.022230711507604597
0.041659524157066315 0.02235047544596297
0.04142797076779091 0.022582176928149154
0.0405609943615317 0.021514759904656074
0.039870356646842436 0.021733831944709375
0.03934188680162355 0.021563105312650953
0.039259988314138766 0.021615457727434596
0.03929929288005 0.021943623542618126
0.039375422417472966 0.022156104793578737
0.03936372160679941 0.022696978342715286
0.039538680350181786 0.023181933375039796
0.03931470709296435 0.023044269239464857
0.039051707176067894 0.023122463497695908
0.03923715687971636 0.023772633182506202
