0.18841783906348225 0.10919952658318095
0.18305175244086908 0.10478524553862983
0.17495733773991237 0.0981034584802769
0.16752286626542118 0.09199436231591236
0.1516082778060172 0.08061732202820228
0.13434038367564435 0.06824354957678891
0.1282535488830691 0.06399119452539948
0.1109004088885451 0.0532811349877411
0.10696662928011551 0.05109805456232584
0.1006556727798896 0.047577446406413273
0.09482886329230021 0.044558127472019496
0.0809193224009901 0.03772916033142579
0.07586963922745511 0.03596007886226897
0.07101353140685163 0.03432791194032186
0.06716212479925449 0.03340995573324843
0.06354497885265648 0.03278085090108385
0.06094809266431665 0.031212791089436934
0.057682956405992164 0.03019223533744639
0.05542360527905469 0.028981508090910452
0.04979108576315221 0.026659732660488232
0.04543372428063119 0.02439604798745129
0.04455392307855228 0.025145137073353415
0.04387327988867525 0.024777855203775363
0.043314639865911816 0.024135854010879268
0.043213499729576756 0.024503428194424037
0.040888629093796654 0.02342033585535446
0.0401852547925691 0.02290306503205547
0.0402513714157409 0.024144254051322766
0.03951798792288548 0.02321563369926365
0.03917032110228322 0.023667976275755943
0.03906986680810938 0.02399968885038423
0.03889561973426695 0.024067558838655956
0.038867154886526596 0.0234876796784861
0.03869807800743802 0.02402458337074952
0.038822934853474184 0.02433047399251812
0.038747619312363715 0.02403289040220361
0.03883988186939508 0.02453532496299199
