0.18799824304875062 0.1062238116723281
0.18003952183365998 0.09951997766119797
0.17140136957986282 0.09286273711305817
0.16370887049853014 0.08689265513288616
0.15871360737689857 0.08309990272596625
0.15406602155805976 0.07977334555093345
0.14652461454250368 0.07440078048556752
0.1388935417687408 0.06949003471044687
0.13121771267148458 0.0638334786334171
0.12414162979238119 0.05951584125621275
0.1159601508911073 0.0546096451573897
0.10797547732422833 0.049535078460307885
0.10321159396435571 0.047889735261394215
0.09824781433733464 0.04521840748212618
0.09267016398211661 0.04208575718514416
0.086789047188878 0.039302766885097457
0.08190284710313572 0.037112958277274954
0.07682174121907154 0.035765056952826176
0.07316703381461294 0.034588954771483334
0.0684457345128001 0.03288947693967794
0.06531126075606321 0.03188911007723548
0.06343416983096521 0.030976226757777753
0.060569578523089175 0.029652501696518913
0.057065097149069086 0.02860054378512915
0.054733873560754535 0.027733455835086896
0.05246165042411808 0.02750538566574425
0.045849585451371876 0.022871893255168953
0.04485892714968153 0.023671729605809964
0.04459463804507594 0.023974342800887574
0.043964001638290055 0.0235911520153915
0.04376754558886575 0.024432760692325653
0.043394069045504656 0.024499879276131082
0.04274116452566144 0.023943724782414716
0.040330332672403234 0.021929757363048447
0.040230853441940224 0.022507135988108905
0.03988817617742528 0.022441416782663506
0.04005198843627511 0.022795607453668442
0.04004022758068961 0.02326734862151975
0.040088871493753064 0.02378455669170299
0.04041805583200637 0.023563384331114625
0.039948212522201126 0.02430933036322357
0.039768062817705785 0.023843281719952245
0.03959521938923934 0.023471513988072075
0.039334944669432874 0.023561733851884953
