0.18981632398730944 0.11040339242369819
0.18657822813531352 0.10774757653651276
0.1828211368151324 0.10460427661923655
0.17747354395037718 0.10000873965612482
0.1685902860654369 0.09352942519551659
0.1609331988583903 0.08753478855091867
0.15749398338968942 0.08477798084563305
0.1490981050881316 0.07883423872003983
0.14624772588168414 0.07709353030745221
0.14086720300099206 0.07311662004949822
0.1360145387794918 0.06986818277059387
0.12773536875171893 0.06447027054284765
0.12239819301405587 0.06083946533628309
0.11798941734993812 0.05842368173416547
0.11358808523151423 0.05572450239871778
0.10847517508447273 0.052966350049185276
0.1053493750951546 0.051348817427371775
0.10140625268581546 0.04932293813845622
0.09856657837240197 0.048045084975563826
0.09092023442718156 0.0440641009238737
0.08363761704016384 0.039957974605633384
0.07912186438719207 0.03855654704201226
0.0765057985988331 0.037619872111470304
0.07368114566758015 0.03650492817962763
0.07156264637694239 0.03595834358026657
0.06727890021842586 0.03347067465893444
0.0627289801559676 0.03227775730517051
0.06075007132758477 0.032376931461877666
0.05756707306124027 0.0309147132227787
0.05515467841427 0.030721599986768277
0.05163324821600464 0.02898454284136489
0.04911619789211064 0.027798027163472006
0.04848347732373684 0.026841751252761996
0.046580140627762556 0.026469938516699865
0.04576445847360964 0.026116243931774644
0.0454004009845739 0.026315732269659144
0.04524677713655852 0.02669230175117963
0.045171756555538366 0.026278342655916657
0.04450859514662404 0.026323853283134416
0.0445169163784403 0.02634080749320386
0.04441837572777925 0.02682452864532311
0.04438415556120344 0.026135781134349965
0.04306316120939661 0.02607021245421619
0.04291140304390372 0.02590595060672049
0.041958144789088284 0.025485887464352576
0.04166429739374607 0.025825774200450083
0.04195258131421401 0.02585237211402141
0.04182966209218578 0.026466659285473267
0.04171845014788867 0.02643524616365024
0.04108577274440614 0.025769734955631205
0.04127591409043248 0.02645200372614208
0.04092424492519006 0.025702524002484434
0.04097385097745265 0.026136559752461305
0.04051498899889989 0.025778674448213273
0.040404942506666965 0.025929532371635266
