0.18972292507330013 0.1120139478225263
0.18511563921875307 0.10795403639503602
0.17670142778957226 0.10125218850470104
0.17109011487158995 0.0968368662442549
0.16712878252539765 0.09347408484165083
0.16485640591598189 0.09187838827655449
0.16063864188231775 0.08842097918473517
0.15708632851570928 0.08613945979711254
0.15389842815362137 0.08334107286879087
0.151427900656269 0.08184449234804501
0.1451036678100914 0.07714302126375508
0.14281659172198904 0.07568078313338286
0.13845426525819293 0.07214637609343236
0.13389587551971993 0.06974649791774848
0.1302156527480192 0.06701775062457188
0.12653945198351604 0.0647594174753762
0.12314970431735277 0.06273871899409747
0.1182613471931446 0.0596265733842612
0.11289014810486085 0.05633734813823029
0.10904232254751024 0.053733336118415236
0.1046264746593628 0.05129868937440615
0.10137032466561416 0.049818287431846055
0.095739265607533 0.046489044615631074
0.09004295427077409 0.04320050179378839
0.08723516231748514 0.04224198712083757
0.08089928480284964 0.03909359750381856
0.0769059391946057 0.037636662321881356
0.07467994973486929 0.0367320834357599
0.0711879904167443 0.035295540059605356
0.06889534576391476 0.03446122928624105
0.06690626689243023 0.03299222895254911
0.06523599912481123 0.032656770260780336
0.06291378793097531 0.03212343552771318
0.06146593237328149 0.031567812766711875
0.05882312411286013 0.030293060567072597
0.05822207823010846 0.030220791036340486
0.05422399239909588 0.028313542204693853
0.0527778031015268 0.02775912784699819
0.05168676661571613 0.027230381270232123
0.04954151895047216 0.02600699430306893
0.048728312188045464 0.025630166679383674
0.04642766661375493 0.025007035172995018
0.04588582563457314 0.02481758558689041
0.045425210048368275 0.0251672268335276
0.04501818291996803 0.02465711070683307
0.044474982119305145 0.0249459946220874
0.04371508131655848 0.023784756807971597
0.0429152477280639 0.02298792811571256
0.04290208523069927 0.02380922967223959
0.04282800368860196 0.024057683326002353
0.04261750428094785 0.023659870484196845
0.042495182592998 0.024374258018791707
0.042145981394271316 0.023973507785915126
0.04188856814551913 0.024360968279758484
0.04154923044063426 0.0236778724566563
0.04104799258173331 0.02327492120347302
0.04119493948756104 0.02358298042921795
0.04114632108150778 0.023196949519642424
