0.19170602511791066 0.10978843923756965
0.18792240081777534 0.106896976974266
0.1835402413001059 0.10282289648713853
0.17872606701786556 0.0989541268660738
0.1748863677451855 0.09585832529030885
0.16974643004662496 0.09194271599061506
0.16687607323820403 0.08994329646150678
0.16165874518306794 0.08606833048747292
0.1575008664042889 0.08292382169115615
0.15536101634202423 0.08123767422330982
0.15174801087057774 0.07903749933502553
0.14482090366197148 0.07386221681587427
0.1362121984208307 0.06860118389635657
0.12852455524579837 0.06345156118732313
0.12610828506187244 0.06200479373182979
0.12246579618187657 0.06004545078878062
0.11895636087829954 0.05774987473435565
0.1149481398430146 0.055791827196108396
0.10754914488731075 0.05126212585254908
0.10243476458316991 0.04880139108340058
0.09876663212795635 0.04729946097342589
0.09467057370825326 0.04533681474813185
0.09235929088754118 0.04495793313241317
0.08765905719585916 0.042629818128620225
0.0840293805278279 0.04183433972612725
0.07920662168054547 0.04010314185753449
0.0766989184577973 0.03943609744363089
0.07378326885222192 0.03882828271553463
0.06999118925824149 0.03780681824658842
0.06753086153526533 0.03696162328730213
0.06420355019690589 0.035482214329560655
0.06325875968442354 0.03567475466328457
0.06215473578422841 0.03551670448241151
0.06071161917096064 0.03517467983206717
0.05735327795751049 0.03370506737314014
0.05620523003301989 0.03380522375440783
0.054145724413572224 0.03321265432157405
0.0533310573303778 0.03266061486648004
0.051291885591428554 0.031092389717007594
0.051327277172460876 0.03062143990375315
0.05109376551254363 0.03051433151671521
0.0504698261108973 0.030865043475512357
0.05040136025473359 0.03112672064301822
0.04978441586118901 0.030619537277950346
0.04986589501784593 0.030222706209445192
0.04943620234699806 0.031019879433220675
0.04813336413371215 0.02947530621642311
0.04810306200758207 0.029536066099152703
0.04797811421399435 0.028942373982157266
0.04793102119572678 0.029547643779569775
0.04742528354631609 0.028639403087830518
0.04718489657384982 0.02972552444895207
0.046909395714033575 0.028798729782185454
0.045807674756273044 0.028024981795244517
0.04531483071180283 0.028069765018750553
0.045309281625978096 0.027507648393801678
0.045334350662542655 0.027207624545399274
0.04518721610130021 0.027633899085547843
0.04501029171089337 0.02741352643990289
0.04400623753634148 0.026304495305107558
0.04373967075258129 0.02546730486799307
0.043620698160986036 0.025910578897406705
0.043936215637992236 0.025997630100095065
0.043382915763747254 0.025826790495563152
0.043400233316316775 0.025804644470970497
0.043322550902592565 0.0254711910823988
0.04351625660949267 0.02550611033809029
0.04340503071407034 0.026152028858682737
0.04333415658338563 0.026063050741351533
0.043235331147226524 0.026188146363815994
0.043487759492297814 0.026072186043965002
