0.18724302298196377 0.10602477780758716
0.18282025070898672 0.10281220366911668
0.17798820880272015 0.09881218702998748
0.17348108719677938 0.09530209196738319
0.16478400207666868 0.08864405484771594
0.16053813149495613 0.0851691035128804
0.15591318722953015 0.08189814768753842
0.14751603959776657 0.07585041924601758
0.14208831047423606 0.0721724533812769
0.13633831553404607 0.06805884681057055
0.132581301180745 0.06574806094106798
0.12626713742321355 0.06164019551319878
0.1222697916768885 0.058699224067659844
0.11832409815786117 0.05693201882211433
0.11417130699799324 0.054351002558995144
0.10535265227574922 0.049203062903455996
0.10032396775275744 0.04678130840848959
0.0967188051979275 0.04505411962538973
0.08919622847894138 0.04111738421052993
0.08462458471225934 0.039019047428722774
0.08046671457642338 0.03756991275349799
0.0773232021881685 0.03622694633640683
0.07142479573700272 0.03405790933715885
0.06932906171649608 0.03355069196477582
0.06716307491708044 0.033033077816918804
0.06546542719976008 0.03256646120629913
0.06017695305600259 0.0307012196481699
0.0589841028435519 0.030780930940409276
0.05647294692075295 0.029715048372693165
0.053726270257639396 0.028488609465400216
0.0518901677388353 0.027803971481390247
0.04963891164099759 0.026717568750480303
0.048949225036430635 0.026440340166411877
0.0478972780751992 0.026196539935968512
0.047452225618768766 0.026574946111521277
0.04670338331863433 0.026736301172183768
0.04618483903824358 0.026412307200523122
0.0459969504678331 0.026643461907201002
0.04575902440116382 0.026452323662968777
0.045391479034600515 0.026506084560740713
0.04454455020895482 0.02567334814187242
0.04406928263700126 0.02582992427738149
0.044225700722356875 0.026579044247561426
0.043916482124151175 0.025966634236089
0.044036365122944184 0.026309430316527698
0.043862491651313465 0.026104526194792397
0.04372492327488077 0.026352502289166795
0.04365234183340529 0.026337573173572534
0.04268824678196083 0.02592883703894174
0.04270146170245128 0.025254014211360167
0.04181461500058878 0.024988581504801675
0.04172253699947746 0.024804548661905245
0.041695086571816184 0.025069839314042466
0.041685877334259026 0.025221550755690925
0.0418744271298427 0.02515078621171971
0.04152220493794526 0.02489803655273609
0.04093227229628285 0.02462163081220221
0.04060584267762693 0.02384327175368874
0.04090902400251212 0.023676207713454297
0.04084195756230006 0.024082606650814322
0.040645712638976116 0.024994204715666442
0.04066428444166683 0.024384437452484135
0.04058359580458953 0.024538121574397834
0.04008284710603399 0.02398175605252613
0.0403781560181687 0.024494532309243533
0.03992430399629929 0.02317613326621646
0.040170447462765935 0.024190635017784998
0.03972041665158946 0.02394092746763432
0.03965879334033938 0.023799695889894938
0.039738372748231214 0.02324366272176357
0.03980231513907424 0.023890707209305837
0.03961371503287957 0.0238996298351251
0.0396586256383027 0.024412513302726483
0.03972254407171192 0.02424473362984147
0.03932936664671364 0.024127710269704845
0.03929114735255407 0.023601511210313102
