0.07969000019779257 0.02878007833513333
0.04175186568994956 0.013214071124043507
0.036477660593770236 0.012118110542826717
0.03534890130825221 0.01313067445766731
0.03344358336742317 0.014276965188368665
0.03256311892592806 0.014693247629095628
0.03126105395996065 0.014526542745322517
0.029898026907916365 0.01647770042560148
0.02831029110543663 0.017192435185016824
0.027342547336822662 0.018760997424451493
0.025843825379669744 0.01957599714270129
0.025001115458118266 0.019963250896454527
0.023914269703053548 0.020817897199600248
