0.21067447406295933 0.12264334368676058
0.20131277560019598 0.11487855556659736
0.19218508849828517 0.10753921104313068
0.18362791294096031 0.10118069637714597
0.17527927486526212 0.09472179565538272
0.16686301904703577 0.08846957945268023
0.15814362215213132 0.08219289923876423
0.148663894077658 0.07562912793542075
0.13864601834272416 0.06888518293564312
0.12840104039073982 0.06255605657252102
0.11820355562530623 0.056065959621633715
0.10803615721460069 0.050012620736899015
0.09861992244916708 0.045055362936907914
0.08967741379838315 0.040475880287440515
0.08158635664196472 0.03651935582143135
0.07472957209241793 0.03371776505480286
0.06837490143465214 0.030661240397685575
0.06317887601053405 0.02806806063825943
0.05852926146803038 0.026142611026000434
0.05508908680640617 0.024123450569189478
0.05179440129685203 0.022201449861307624
0.04935337782490201 0.0210016288275482
0.04708915953423567 0.019818628837451075
0.04544831922158256 0.019012732133388603
0.044190783278723667 0.018385237846652757
0.04327841265770456 0.017836312343378208
0.04293041956302058 0.017613222115066548
0.04214574848419892 0.017227381876070206
0.04197249356932876 0.01714475340233263
0.041425896083414994 0.01684189046368737
0.04144026461446595 0.01697013785758067
0.04147393951341254 0.016720563952682323
0.04100242394200147 0.01640329053872337
0.040744876515801075 0.016434705293469107
0.04092185394720725 0.016690275758595
0.04069722543330475 0.01688491422242275
0.04044058710497305 0.016552809569530695
0.04034460072421607 0.016371251425058513
0.04019171917105586 0.016381697221235794
0.04000221293560142 0.016498103512497777
0.03992732958721215 0.016340832929979374
0.03993135593382533 0.016193101465903532
0.039741684625336844 0.016248396592003618
0.03977370640158011 0.016487621069166545
0.03947156054783194 0.01625483970458854
0.03957809964095419 0.016380718606495176
0.039437677513320675 0.01629957366384151
0.03948039554369794 0.01645028847770915
0.03932441588069574 0.01629529409064154
0.03939506235454434 0.016424380297169652
0.03933355949136453 0.016825606911616317
0.03909920123790421 0.01666455624303324
