0.17181020737928768 0.08884035447302567
0.1714953608253741 0.08859691515351556
0.1714876424020377 0.0885967047618686
0.17148997899669535 0.08859716330776582
0.1714908600077958 0.08859715791310821
0.17149131966576125 0.08859708778255922
0.17149118559885465 0.08859707699324398
0.17149116644643944 0.08859706620392876
0.1714911472940242 0.08859706080927114
0.17149107068436328 0.08859702844132546
0.17149107068436328 0.08859702304666785
0.17149107068436328 0.08859702844132546
0.17149107068436328 0.08859702844132546
