0.1798061422318697 0.09775416101294437
0.1725074138467799 0.09201152357567652
0.16522592162128374 0.0861996143666265
0.15802825458527808 0.0805620018736735
0.15052260610426635 0.07491093876086068
0.14261907045467917 0.06900317499398932
0.13419017666067717 0.06326884973753372
0.1255773634681666 0.05726173921739587
0.11634803199827914 0.05074215036506235
0.10729046843438676 0.04498615406577478
0.09812716103138727 0.039262391755974756
0.08972293409689265 0.03438685511294548
0.081578609297782 0.030324940635915943
0.07426485193909094 0.027330574653660573
0.06840777509370342 0.024451054403374545
0.0633509635626054 0.02260902925645837
0.05900154317251971 0.020994220810557237
0.05558154917376745 0.01944480331955253
0.052562118736149785 0.018324873242481124
0.050097539427140535 0.017287038095350774
0.04817552090738498 0.016658438867083868
0.04658413501903485 0.01605587592595535
0.04529823612037182 0.015322165393053451
0.04434688629159966 0.015091537459393378
0.04365325056350751 0.014202642828742649
0.04264600769943079 0.014660828856558271
0.041845670567809655 0.013967273173755582
0.041644864520721386 0.01423474053084998
0.041465455250639806 0.013856239440291856
0.041062478627162106 0.013742015772503427
0.04066326044404024 0.01378543477282745
0.040242190640811304 0.013224578468800435
0.040059848829687744 0.013693415152971762
0.039868987089120594 0.013418630108126575
0.03973262033980208 0.013479199728275888
0.03956118039962151 0.01364028601415342
0.03979248966136845 0.01326075534665378
0.03947465966628343 0.013551502207542502
0.039363704282810295 0.013504968838173887
0.03940526736654157 0.013442806949622226
0.0391290650907863 0.013344492472057256
0.03884047671923414 0.013595454212967314
