0.18277099422507015 0.10278942135627087
0.1736967999308186 0.09543206372203254
0.16486902221777913 0.0886149042083617
0.15633401392889035 0.0819739940274103
0.14767056504585108 0.07591567851109642
0.1389415302920093 0.06952106925445722
0.13010802196080212 0.0636590568667113
0.12134823544491982 0.05806217163450454
0.11251196721733754 0.052728617775530257
0.10371919610658352 0.047487892460450334
0.09565621634459698 0.04280354070805842
0.08785308849270405 0.038545368301120896
0.08057133189839165 0.035054756136407926
0.07393053248827351 0.031928510881990495
0.06809841625646429 0.029237667789321863
0.06291864178139658 0.026878497647878974
0.058440374508738444 0.024724888294835764
0.054243487296196984 0.022871035212857348
0.050715199354981554 0.021149470980758305
0.04795850369304801 0.019975533243350524
0.045413510290733615 0.019795751312003913
0.043884345622436365 0.018622676622212175
0.042747661217813475 0.018154604623842465
0.04144582384746728 0.0176977334825766
0.04079489557932065 0.017266233797004683
0.040106663190986054 0.017438532408649465
0.039763635862185495 0.017106509681914742
0.0389534481570332 0.016818795873393036
0.038970103365018986 0.016909799151987637
0.0384500377875812 0.016609636819699767
0.038340564293779314 0.016509369180593217
0.03795575040892465 0.01637524434432568
0.03809271745376867 0.01637600286132984
0.03794138313586786 0.01652271023496852
0.03766324691228927 0.016287350181366508
0.03738729800241767 0.016590211547658582
0.03717911029833867 0.01636358918110097
0.03723280369899711 0.016911459580553283
0.037097952095558655 0.016613322193836592
0.03708728864176913 0.016804697642149626
0.03696293279008351 0.016458295255601038
0.03685528485273806 0.016707096873782086
0.03679374539250633 0.01645654771819216
0.03674452005325373 0.01621163919523565
0.036578106926511936 0.016415972419013755
0.036607124170344486 0.016633792771996586
0.03635767697375523 0.016915743995504346
0.036223838769766994 0.016428508051623155
0.036216541335427996 0.01688994637654658
0.03604556671328847 0.016973909920471823
0.03601591459745991 0.016895063015984542
0.03558749099583808 0.017025892457705735
0.03583186400794605 0.01690608965540192
0.03580456451211778 0.016759016424621655
