0.1709834384751634 0.08547088070910823
0.16998389600465136 0.08478699856183032
0.16986428132911702 0.08471488852126514
0.16985105682565305 0.08470399589545274
0.16984933189041862 0.08470141211314883
0.16984856525253667 0.08470117088865987
0.1698485077546955 0.08470115480702727
0.1698485844184837 0.08470113336485048
0.16984860358443074 0.08470113336485048
0.16984860358443074 0.08470113336485048
0.1698485844184837 0.08470113336485048
0.16984860358443074 0.08470113336485048
0.16984860358443074 0.08470113336485048
0.1698486227503778 0.08470113336485048
0.16984860358443074 0.08470113336485048
0.16984860358443074 0.08470113336485048
0.1698485844184837 0.08470113336485048
0.16984860358443074 0.08470113336485048
