0.18416587094765538 0.1071875094945974
0.17500314482658025 0.09945147337162476
0.16611943109052932 0.09250495617984356
0.15728295678663534 0.08585066219638003
0.14854980018668243 0.07890108623373143
0.13956812184674636 0.07285365346929136
0.1308874332883073 0.06666399595150367
0.12173322041580047 0.06032823492154355
0.11284180740882838 0.05475454480483251
0.1040105521380837 0.049511514831942174
0.09571170528202161 0.04418625948769224
0.08773494459282885 0.03938274305996719
0.08061338712455138 0.03504129793822228
0.07358177897438663 0.03136934061574708
0.06778367255069721 0.02880901183596512
0.062340819488946146 0.0257194914201639
0.05791502670919218 0.02346899940581083
0.05361500305212889 0.02108951843056722
0.050302506652782956 0.020214259508580353
0.04757108974331473 0.018609533635301812
0.0452206574656421 0.017594941496448677
0.04336402712165859 0.016840911320373957
0.0419121878615976 0.01651915371028151
0.04093571633556993 0.01633398613365838
0.040060364773836024 0.016117903122911188
0.03938431324495234 0.015846582864185135
0.03908476947080498 0.01562275042777477
0.038800612268240456 0.01571213855578197
0.03850471463514189 0.015801081624535973
0.038224024019733426 0.015580618151805838
0.03832477051193027 0.01561776576413901
0.037838658272954705 0.01540938902179407
0.03771603493446503 0.015804033850915486
0.037560859672245483 0.015543071334809196
0.03736297691812204 0.015325496701231605
0.03722470845044397 0.01510379515457895
0.03717338955384372 0.015223873489754812
0.037237418471998865 0.015398862696123856
0.036916754371960125 0.01543180652151096
0.037236934873514385 0.015388740969774726
0.03691483673638554 0.015342404906859725
0.0368761632219388 0.015682118634821902
0.03673675039745092 0.015357604354688466
0.036868600411976114 0.014927678464768484
0.03669029621431828 0.015460908002012164
0.036507232641476595 0.0152952380666721
0.03653207332402577 0.015620076026262402
0.03662333218852963 0.01517531347923825
0.036420216036945466 0.015315686516359709
0.036397072737195765 0.01521814975802587
0.03618939112863191 0.014863639832891634
0.03623576391399983 0.015431882046717563
0.03620970465903185 0.015205430504035377
0.03607161813929843 0.015039505671123029
0.03612926451507923 0.015350680311640308
0.035863709095803754 0.01585278941777057
0.03589064217971646 0.015456532934686837
0.03594226512090843 0.015320994859452338
0.0359302421922498 0.015302894434491421
0.03573571111079105 0.015514195081263397
0.03556639897208221 0.015650685313566847
