0.16931769015237685 0.08606889182955374
0.16918100740679912 0.08582393617903254
0.16917325113498197 0.08581681145262204
0.16917976257305067 0.0858162447130212
0.1691819266686441 0.08581543508502001
0.16918135212999097 0.08581571035854041
0.16918142873514472 0.08581566717838035
0.1691813712812794 0.08581561320318028
0.16918135212999097 0.08581560240814025
0.1691813712812794 0.08581559701062025
0.1691813712812794 0.08581559701062025
0.16918135212999097 0.08581559161310023
0.1691813712812794 0.08581559701062025
0.16918135212999097 0.08581559701062025
0.1691813712812794 0.08581559701062025
