0.1688939628245958 0.08589416406180506
0.16367664058672218 0.08183301332857532
0.15837318371815287 0.07725075092461584
0.15278365767393434 0.07313879366299368
0.1472251653601176 0.0686935753271771
0.14125974170137187 0.06417551330772717
0.13501014361832436 0.059852419576490505
0.12860962571962273 0.055454071593271884
0.12170643411624203 0.05073077465329512
0.1146469446656051 0.046251368594750715
0.10702196763228809 0.04174491965119641
0.09934277008819206 0.03706215989269453
0.09178080789135228 0.03306980536853985
0.08422046293177364 0.02915733892538861
0.0773037784021313 0.02646023869578089
0.07063190914380206 0.023940676282127014
0.06487625742589417 0.02180389474876579
0.05961223626592357 0.02101472543452775
0.05573735971184468 0.020053154335096624
0.052184112414257716 0.019322023254296807
0.049153797349644784 0.018795430798098787
0.04687227749111955 0.018445204806230263
0.04495732024742773 0.017438329680706976
0.043596362460191086 0.017149053335062572
0.04264950832159481 0.017287371909781676
0.042181365981749146 0.01743326015774412
0.041959330789135225 0.016683990093041858
0.04124229659174424 0.016808445185152496
0.04113162588804507 0.01674114200827533
0.040996667917074965 0.016855521847654164
0.04077645570492406 0.016660458548301015
0.04061252622029642 0.01672145977200106
0.04058964566235914 0.01675927420566778
0.04042430468367222 0.01650189852888443
0.040047663044310386 0.016881850791813067
0.04026224602676384 0.016633070908583604
0.03992512143633636 0.016491466305727127
0.039706636510135965 0.01634156044385035
0.03960450893403969 0.016324915849447803
0.039576525466223665 0.01658609740103379
0.039829027399252814 0.01620737349641342
0.03943356743400907 0.016391422290052093
0.03957258285230892 0.016664956647122676
0.03941518212579618 0.016620705887381026
0.03939769395363792 0.016226666187014238
0.039329798697023514 0.016439730025466025
0.03904000222011269 0.01686034434165337
0.03917006063204312 0.01630507888074575
0.03930963586324106 0.017096836569894146
0.039001516279550466 0.016378268676388627
0.038878024903539934 0.016408449643618102
