0.182736500026965 0.10434901288426889
0.1740739509383825 0.09664661149739123
0.16567452140164143 0.08985840966434161
0.15737452535446736 0.08337507055638155
0.14918665052545008 0.07714548505655565
0.14109643769181932 0.07098799962899606
0.13265135148344348 0.06522741543770173
0.12425351150364272 0.059437339197083924
0.11588557626073698 0.053838885711788666
0.1076648378207611 0.0489331067641548
0.0992962610096927 0.04388273635178773
0.09149237908948953 0.039463052658550636
0.0843162285260433 0.03516275671036959
0.07754960911454248 0.03187799875416602
0.07102866721893876 0.028827436492347785
0.06574755100983978 0.02627917553875022
0.060790024545823364 0.0241573078707414
0.05665689401952757 0.02233759202339812
0.05293812076986341 0.02096186537686953
0.049781346867216913 0.019776854702302157
0.046847053482347724 0.018465910440289092
0.04501126842660368 0.017958999649981624
0.04357098141620254 0.017797473466223443
0.042238315071175384 0.017328679962212178
0.041159111240795125 0.016587649042799482
0.040571856132150634 0.01666168817412866
0.040068323274821294 0.01641067110863852
0.03931724804488326 0.016171323481405587
0.039191122447056644 0.015978051783720595
0.03877879041917727 0.01609668117721552
0.03854305720980129 0.016015215058355396
0.038377151991979136 0.015958443942911682
0.03807431745574061 0.016149315093573133
0.038070930071598244 0.01611093467817654
0.03788791078364621 0.016354399263795543
0.03784337685629609 0.016451225375218318
0.03756804835807578 0.01600271305263696
0.03756258784696006 0.01644845239931423
0.037653685738234674 0.01627082811213231
0.037692160676705416 0.01639264609057194
0.037490263006176215 0.016201630556250277
0.03739602430359787 0.016329825704579307
