0.18368518363029282 0.10682612138100472
0.17408193280658574 0.09877926666491736
0.16478494825477064 0.09156939307771345
0.15553819091188786 0.08468924096390534
0.1463217231136863 0.07749980773440263
0.13683190246916002 0.07120804013728843
0.12764963130834592 0.06481052646161559
0.11796001266817353 0.05831448475927225
0.10860492926476789 0.05264377172536514
0.09945689304617172 0.04743726358452471
0.09101575332118202 0.04224943444567433
0.08306368967142423 0.037653536810899384
0.07608569391958314 0.033443052397403104
0.06934325851072044 0.0299501680371111
0.063800415477174 0.02751975879665818
0.05861439630361451 0.024558156502211034
0.054424676193946246 0.0223856874209359
0.0504981820910515 0.02012457062841115
0.047445176977509856 0.018997605074120006
0.04480227774311616 0.018339396155257728
0.04326741276304693 0.01742204137124083
0.04166159766076997 0.0166050326135105
0.04045228543472612 0.016521098484351522
0.03956403472133695 0.015663774101603932
0.039084752712441655 0.015822269142316766
0.03875955667214988 0.015371196194548098
0.03844280684697312 0.015379802022107565
0.037787305859627814 0.015864737235722196
0.03753709152494901 0.015366790107941489
0.03765033975618516 0.014927163274966303
0.03756226258666085 0.015589016285047148
0.03704413947968557 0.01521211313615529
0.037097991283199565 0.015147218102382143
0.036737808568392205 0.015521514282981815
0.03655132150132872 0.015520590447865338
0.036668941271340384 0.015162030483527046
0.03648965790645409 0.015403070529063135
0.03630793260862637 0.015591593582722456
0.03598018211495371 0.015527542812865974
0.036081886227911905 0.015717842057544857
