0.18492269148789878 0.1064327164254343
0.17558276823776128 0.09840415920043648
0.1663744691293906 0.09176687827221569
0.15735628738655116 0.08457207488747932
0.14827293625009821 0.07809173467058789
0.13944335630549662 0.07156929592769015
0.13001219206742104 0.0650955248028507
0.1207266949490708 0.05925024465084574
0.11162936798004577 0.05365431362724769
0.1025194368627711 0.04868810660994373
0.09395796844611917 0.043357702964110394
0.08597678964325003 0.03915133421448456
0.07878196964506719 0.035322573989660884
0.07195841567276147 0.03222037075870505
0.06613398505029075 0.029316040166617686
0.06081295777806017 0.026667362055019482
0.0563578997583073 0.024457120347297055
0.052530291394094764 0.022728635973317497
0.049309576604981926 0.02107619574907888
0.04662558846216653 0.02078269791079913
0.04436433808001336 0.01929364392085592
0.04302680198265362 0.018593667567461388
0.04160313274282227 0.018664617481982403
0.04074514419912974 0.018213118629894037
0.039859271135679414 0.01800781855887131
0.03936141207591742 0.0179048562788955
0.03898992782753443 0.017808202665801333
0.03850813090342237 0.018058835318262093
0.038248997672856014 0.017333886051211195
0.03804581813161785 0.017824438049252628
0.0381575408604616 0.017615620909730387
0.03793595868724707 0.01778814328418547
0.03776996569983449 0.017582736917174848
0.03776317442360866 0.01732203139116107
0.037801900525222726 0.017599676511545956
0.037563337763394086 0.01784947739790143
0.037635984275394614 0.01776190411957329
0.03754075772916298 0.017654030964956678
0.03740188188566346 0.017829532284472555
0.03765861227061601 0.018115608005397455
0.037426289233624815 0.017998083175079865
0.03742213581186523 0.017982364655869717
0.03706595351743601 0.01827170233492318
0.03708527700042605 0.017952042396622476
