0.18282476137622822 0.10618306740404587
0.17199405141304988 0.09720636792289973
0.16123100693286788 0.08893877460654388
0.15031678286309302 0.08083474191440085
0.13921988305688482 0.07226040836608681
0.12778270228934183 0.06466880880608372
0.1168930794969258 0.05714796018069427
0.10580737427741768 0.04980512986192438
0.09549746636529448 0.04359685538070919
0.08595383701018847 0.03828184988592673
0.07758676925108847 0.0333746643228246
0.07012983383977427 0.029190786360682838
0.06397668951881778 0.025590375684819415
0.058342805479490674 0.02296428333138838
0.05391094617221361 0.021353878232306212
0.05009392248665153 0.019302195535018836
0.04714758196161182 0.017780796891917645
0.04475584750050256 0.016904808342488427
0.042843900193240206 0.016433877660040935
0.041541138545200924 0.01597985788055037
0.04032072749453314 0.015831533118105198
0.039551183450719764 0.015808480397454205
0.03875412217432927 0.015678725395182405
0.03847260082291033 0.015747155278357426
0.03837516291044392 0.015698874441372416
0.03777802651445042 0.015694561412609654
0.03753245424641222 0.015601185283960966
0.03742338363574742 0.015460241761796778
0.03709685889664928 0.015665122766007546
0.036809472118067135 0.015593062278257993
0.036955250726566025 0.015456060902145572
0.03659300194496607 0.015808800030917863
0.03636413297705755 0.015719769298977622
0.03639668968889123 0.015368583831598297
0.03612560400971901 0.015569796468631231
0.035891690774450126 0.015586378297473677
0.035806656444894974 0.015518626792493675
0.035675749686819705 0.015561272909600384
0.03535367309615799 0.015822052007347782
0.035348509126202465 0.015739846865954237
0.03507937220527957 0.015642988485815416
0.034853242032748484 0.01578701235747746
0.03467057587252275 0.01596928165429722
0.034391055948495015 0.015673404914110147
