0.18435519786632681 0.10597870500193203
0.17410890782158572 0.09723680603176157
0.1637772088453265 0.08975684240029606
0.15343995598639104 0.08157465558399186
0.14285668243163602 0.07402901697640467
0.13251916099115493 0.06640514452172588
0.12157606490280724 0.05897877532735763
0.11104198013969924 0.052399888100087624
0.10106694786387121 0.046355233878385145
0.09143437624314887 0.041236197147083715
0.08279125903661795 0.03597497890237232
0.0750475303006026 0.031982257116218764
0.06835671796113763 0.0286324533258569
0.06228195494981976 0.026138085099887614
0.05732440963474138 0.023780182320579175
0.052990275659820445 0.02185845981280341
0.04953528582141138 0.020266226964809054
0.046444622053583705 0.019113468235272307
0.044826101698479 0.018773024773938198
0.04289704352340926 0.018208582448610566
0.04170680042334591 0.017851122328314123
0.0407446358126326 0.01768779322811221
0.039850628565228176 0.017981055886518743
0.039311362384494584 0.01803324854527563
0.03906322900705249 0.017590089942137566
0.03875692374448103 0.01743112694963849
0.0382847406008737 0.01738850624459166
0.03819984005585268 0.01745863635130603
0.038135418853687826 0.017259231721511996
0.03804068390760672 0.01784849150261369
0.037862777410204745 0.017701656882333574
0.03789816782494377 0.017837103216210463
0.03787891148734014 0.017657844333522455
0.03787138640796278 0.017962931091882593
0.03771327580930526 0.017986237815928684
0.037508201808950425 0.01792413969979972
0.03744253362103789 0.017608245296870238
0.0376916765773257 0.01811212016829461
0.03758361087399197 0.018109465425996903
