0.15371832511636452 0.07684536282224304
0.14683243508084273 0.07113033417513565
0.13980268748468888 0.06579129989833048
0.13256045022354238 0.06043304079602439
0.1250443544065409 0.05479525892023217
0.11706101099338559 0.04934179865578022
0.10862712824595787 0.04389309437752958
0.09997907161011758 0.038159823591567894
0.09101873507165605 0.033231134284032536
0.08312255978993141 0.028711538513324752
0.07520856140525478 0.024351705331603864
0.06792542909419402 0.02124554278311452
0.06172684097103136 0.018458100532514093
0.05655125589478197 0.01688125222163191
0.05254990468826556 0.016174173889540202
0.04930915260595296 0.015889280272047623
0.046908866287971585 0.01576356288907876
0.04451195320155561 0.01521611413037813
0.04315185188020578 0.015044589162275813
0.04187391865200882 0.015238919518549996
0.041038515127388535 0.014986829175747198
0.040217886835497305 0.014752671506943132
0.03981518040329495 0.014876927075660053
0.03981473781617467 0.015027882131981354
0.03951289579250367 0.015148384760673561
0.03911412958185326 0.015162089438948253
0.038969688284695 0.01461205773454526
0.0390212102102217 0.01470161523498307
0.03877238533883513 0.015489815435594478
0.038776086324105834 0.0153842648457132
0.03863277182983219 0.015331795622373133
0.038659157199289564 0.015438365546054973
0.03838959054231994 0.015272925362810082
0.03838350437132533 0.015161880414440547
0.03833497050695125 0.015353242351244913
0.038359226673505636 0.015782757853935715
0.03817790710359505 0.0152973975178356
