0.18227450036675957 0.102361371180891
0.17246711276813925 0.09440929333103702
0.1627108024184052 0.08686943596954319
0.15310439852351676 0.07940686693431077
0.14321865095038566 0.07241809495865262
0.133150740633525 0.06506636589582326
0.1229615194548162 0.0583021631982945
0.11291889860508704 0.051961105778203495
0.10306295407961749 0.046050880655931624
0.09355183369048437 0.04054717240299216
0.08517933346662611 0.0358260231949461
0.07734451472128727 0.03177127539954495
0.07037133466595441 0.028664250376353086
0.06423779558490177 0.025916202236264656
0.059125777524139896 0.023857860474726364
0.054797378374433305 0.02207532809317981
0.05123397841822366 0.020395488996989862
0.0481066229233313 0.01958525078212484
0.04564037760595549 0.018654314554074767
0.043843455074406804 0.018413824459674297
0.042561253216812554 0.01785164006707456
0.04161666430797745 0.017365295313666453
0.040686962548512846 0.017087099151370102
0.03991178623713275 0.017125792899534652
0.03942122903092065 0.016973255934079542
0.0389731531463432 0.01660183052720995
0.038539973994109765 0.0167585004722425
0.03812701491601329 0.016806548370034334
0.03782376890605681 0.016753902465455797
0.03792864975979702 0.016838420825705636
0.03759588100415456 0.016522525296193653
0.03737119141966616 0.01644270545293425
0.03742589582403146 0.01672804856078394
0.036998787485525875 0.016866653471865806
0.03704694911471724 0.016314719779910634
0.036726444169442915 0.0165228228063967
0.03642671031928321 0.016795863465309646
0.03636965089917424 0.016457523337236383
0.03634781130251163 0.016886452641864873
0.035921436061480676 0.016904368920714036
0.03589424676984795 0.017069121226262654
0.03561042065573911 0.016726164329497986
0.03548038449649677 0.016706105173105265
0.035386028143429976 0.01688179030854778
0.03516804903615219 0.01719970944349489
