0.16779499036000745 0.08821236037263441
0.15949604763369743 0.08136487757733739
0.15092296378905024 0.07458951104686672
0.1419030995364469 0.06770868237296052
0.13262506634006316 0.061020361647658186
0.12312130648251196 0.05420168001912363
0.11362178863534966 0.04782474762060046
0.10426444037790242 0.041618190639888517
0.09560292545889551 0.03609317581182155
0.08715556982283985 0.03163352888044554
0.07962541248045037 0.027584727678275335
0.07247034269775161 0.02473196833218877
0.06671064536624617 0.02271503924817469
0.061484617838337384 0.021233738459670422
0.057724042113836485 0.02031218073669153
0.05429918847564324 0.019583276695356717
0.05150072560401631 0.019196785925806814
0.049216053498588014 0.018336915109618882
0.0476532509082307 0.01706155264887828
0.045733152305141 0.016944062132105035
0.04433156526084974 0.016653887408337155
0.04335171352706062 0.015823578809232818
0.04232240837870401 0.015324981549117605
0.0415431280887198 0.015072399202825156
0.040912155376394824 0.014782165106337189
0.040192052567682185 0.014268063469999115
0.039737908489321856 0.014224375943054696
0.039324298112939284 0.01430210292992931
0.03896566390392733 0.014292325322434891
0.038461341055949956 0.014268248335059389
0.03829953900167551 0.014020983895354782
0.03797427830667678 0.01415447940833163
0.037610547461029424 0.014397643082210188
0.037565891444215516 0.014338232579482585
0.037418926850657945 0.013996484552038656
0.03716776727844564 0.014009951364458513
0.036938859109486535 0.014128868175893863
0.03655865336796091 0.014484899390658853
0.036576021192662574 0.01407446927049365
0.03638532223804714 0.014260492098807951
0.036173449140153115 0.014378441404781875
0.036107259893402396 0.014625717988906498
0.03581412548475741 0.014519496144529869
0.03575561590467009 0.014588059491810969
0.035670545881431155 0.014881337789583426
