0.18915227530007464 0.1099382411806644
0.1836885784700122 0.10498912124341475
0.17818200451462557 0.10113590231177616
0.1728706509741376 0.09654176845570468
0.16763252427363273 0.09253252827303204
0.16273605248359657 0.08860912741538499
0.15749405053507584 0.08459075109255268
0.15237276639912875 0.0810407627255856
0.14729470470763595 0.0774301643863201
0.1420580935744244 0.07398698754279051
0.13676104200124253 0.0700338397529307
0.13156301068862467 0.06664325816421217
0.12634824099039368 0.0630809607218467
0.12096526250699846 0.059822117065727314
0.11574277108932991 0.05662093366824223
0.11046558495832842 0.053556197115620104
0.10545032338752848 0.05040635468028888
0.10050473954342978 0.047694696195862175
0.09567841549779978 0.04448415077924313
0.09097143758042099 0.04253347855916384
0.08656518466439278 0.040360435132405684
0.08252305158668768 0.03792121592235665
0.07831623006050605 0.035885950697709855
0.07454334518622063 0.03361459145434681
0.07089807491491337 0.03254506248333279
0.06754227799663337 0.030266366159405204
0.06467806684058473 0.02899634966822046
0.06138676306595503 0.02776040635595584
0.05907343184444003 0.026483531116152093
0.056515461203625945 0.025813454495452914
0.054302003948302195 0.024358188013962362
0.05224607936170291 0.023804861591568978
0.050255396110202535 0.02293847488302339
0.0490761936301052 0.022316739020219706
0.047266826902416806 0.02178026316930757
0.04607549988397277 0.02112120678515353
0.045160375412541254 0.020758649772237462
0.04433285648598342 0.020059372314963346
0.04346261390927039 0.02008637149588898
0.04287832434889694 0.01987609943003241
0.04220706232872171 0.019730123149854555
0.04153852928889429 0.01969526338062399
0.04126496459634803 0.019362008185471364
0.040865775681920874 0.019413278726533246
0.0409233912195628 0.01932931419699419
0.04060624437513506 0.019360897392397845
0.040188911818079126 0.01900803723097761
0.04000941301579935 0.018996052358342314
0.039797161653246794 0.01878312023538864
0.03955170449906319 0.01936492999643866
0.03943400103472959 0.01938360753021187
0.03941089822570427 0.018999225293581015
0.039099360419091574 0.01877229266032156
0.039115132390750235 0.018993949026481816
0.03890941811117496 0.01848206076626992
0.03868175208634145 0.01859411666801025
0.03861512707667251 0.018638512516054945
0.03835363656343313 0.018388906948577234
0.038553178263557385 0.01861754696114227
0.03835992664731038 0.018372547996040007
0.038467603866622714 0.018863218248367973
0.03820433400064337 0.01886544382061455
0.038033487361012884 0.018663599697898298
0.03818885459102551 0.018676764455999244
0.03785387824845542 0.01858026895818707
0.03788988975801877 0.018853978469620097
0.037839564290901746 0.018946987459029275
0.037647003312915 0.018550526012073864
0.03783430536831585 0.018783873608202852
0.037658593086219896 0.01914236612828174
