0.18862640096766292 0.1027047727863425
0.18558235852523272 0.10036914922486546
0.18246302364037237 0.09772228002760296
0.17953452275232729 0.09556528826749021
0.1767623292809897 0.09332259103001023
0.17366756874693778 0.09100716412226473
0.17058046377388536 0.08840533563450675
0.16741852569206273 0.086329977445767
0.16433620544463498 0.08391186249805417
0.16109585527927486 0.08143670829117372
0.15757002924424302 0.07880151189109477
0.15404772476727094 0.07645678897702254
0.15045763029764822 0.07399963259463674
0.14667293146741794 0.0717282311345012
0.14273619319573738 0.06883231873742161
0.13896521695859873 0.06702570634430317
0.13530161953392944 0.06443813495673312
0.13109969262922588 0.06210962908693404
0.12721311742099461 0.06024229643162916
0.12332542258696717 0.05766189159860901
0.11898735109933856 0.05515715363737825
0.11523417404152377 0.05351710934546511
0.1113336848511759 0.05106210835865226
0.1076241827688633 0.04979416026570283
0.10393545596521313 0.04777127537220913
0.10015200116364527 0.04599128781508517
0.09660200269475747 0.044328652588715864
0.09340665765862323 0.042989348415122974
0.09000876561734444 0.04140761110244368
0.08679707595847623 0.03928863465669337
0.08369959770026948 0.03847066746596191
0.08092055250183733 0.03675011344873021
0.07769590580597746 0.03507287908206947
0.07505152671025232 0.03353315569543898
0.07219494503307203 0.03214789870539884
0.06964280587793974 0.030890586430906423
0.06724738562591867 0.03035991663950615
0.06493066454097256 0.02948723389062778
0.06283615568348849 0.028172369296812456
0.06088777234658256 0.027143854705533658
0.058743043008941696 0.025568483139225395
0.05765587200667565 0.02456850446515439
0.05573892431712396 0.02382065278104013
0.05417535253858403 0.023443621432011376
0.053053659740935816 0.02258206584491333
0.05175846800741058 0.022005687551425457
0.05109058251163645 0.02137801138622187
0.049981143396313085 0.021166150117340386
0.049229529986832436 0.020478102516563863
0.04836938464600686 0.020006169969130825
0.04767540325667565 0.02000933112548437
0.04713026989680304 0.01965806136837932
0.0463195029244243 0.01941788677981773
0.046005275638473786 0.018863043439831518
0.045447237873591374 0.018734396999150783
0.045008722554813814 0.01854949174795132
0.04470770111158746 0.018240075755259294
0.04428903283470113 0.018045274415191777
0.04413247661226115 0.017940302035961683
0.04409556723879226 0.017929328249307146
0.043639980018985794 0.017638709531986634
0.04333118818134493 0.01742017033727456
0.043435533477768254 0.01744077689620953
0.043213804507594315 0.01703521777378497
0.04300575985270701 0.01773108207676848
0.04262835026488241 0.01737811297756182
0.04270091541370652 0.016995504474622926
0.04231731917564919 0.016935825263069016
0.042109346291646255 0.017342957498509358
0.042106781678711416 0.01685302169737369
0.041837961438939246 0.017134295390437367
0.04162370142546546 0.01744937676166941
0.04159141888167565 0.017206564935325536
0.041520054698983344 0.01642495036400885
0.04149815022507349 0.017217185823460573
0.04164935233953944 0.01678042368540198
0.04128979456302058 0.016982942644630628
0.041303349690715335 0.01712836669530972
0.041521250880389514 0.016931419460783224
0.04096643323585252 0.01708342099694505
0.04093309805242528 0.017001738562700142
0.040800819527804996 0.016865054179586735
0.04079515919739098 0.016603897059436712
0.040614956860913765 0.01673543726797737
