0.18357441970847624 0.10443894868642702
0.17937901916952476 0.10087062345028687
0.17527755236403725 0.09737688467354563
0.17092940424424302 0.09365832239384117
0.16669124739710925 0.09027144671801336
0.16274748514821166 0.0869652327853279
0.1587601531877756 0.08377872203045778
0.1554031801200392 0.08116777790248066
0.1485345725134738 0.07542782376148038
0.14438368906173443 0.072280528175939
0.1404861281234689 0.06923055114366049
0.1333107813265556 0.06397886739424424
0.12872149260472807 0.060300568121011054
0.12450097225624694 0.057442703613541854
0.11686431092295443 0.05209445597077366
0.11242798987934836 0.04889818892914128
0.10844380626837334 0.04661137394751545
0.10093179660705537 0.04177811111425764
0.09648461423628124 0.03938769870032579
0.08990365476482116 0.03548920160933886
0.08634955100134738 0.034290945544783236
0.08075473305058795 0.032093435605423576
0.07579900611679324 0.03148963438236635
0.07211563820584273 0.03202878731125467
0.07012123059315287 0.0334283855542066
0.07001779917932387 0.03378519581806785
0.06974624686122 0.033722879368731654
0.06962408803129594 0.03448212424581786
0.06961475303160215 0.03432612952717766
0.0695285561994733 0.03485479865543275
0.06995201877143557 0.03498450786357799
0.06980256786654826 0.03576016523642507
0.06985718550955414 0.03568532360425052
