0.18636665582895331 0.10694914115324487
0.18114384965384692 0.1027434337090662
0.17644045697969168 0.09924793293983118
0.17156668441967876 0.0957472209313406
0.16709181836400988 0.09252853083361874
0.1622759435552276 0.0889519159924927
0.1576623469798633 0.08560860930387683
0.1482343407554816 0.07879426122364991
0.13889019338117045 0.07268349517881607
0.13348554459969308 0.0694969572404764
0.12833657098528603 0.06672548425899329
0.11911733566308419 0.061363685504062994
0.11044195232366295 0.0567758636717369
0.1020580687439938 0.05375749339521279
0.09441864912039852 0.050784292586894555
0.09146855472197435 0.0517420331264777
0.08653118656720077 0.05185796431861245
0.0855827876937918 0.0524297602631419
0.08405643596229088 0.052461847686632715
0.08384903445779972 0.053489659433970084
0.08390847397845613 0.05301303603907493
0.083632085474318 0.05363830922453652
0.0833780286863343 0.05419656457845368
0.083508380024368 0.054528611149281314
0.08277913266219185 0.054584089808188414
