0.1796760085508639 0.10048253270284603
0.17610122940119438 0.0977538825135065
0.172949258970072 0.09526775455188262
0.1698061561071996 0.09304506930020329
0.16675389314974798 0.0907788275829448
0.16362488646448253 0.08829491143094285
0.16065479694456158 0.08626006276274141
0.1551716615654847 0.08193505246541895
0.14953573779393595 0.0775966526278974
0.14595634291219675 0.07528883428440428
0.14246783581691638 0.07276331992753723
0.1364486051832258 0.06861979130702282
0.13005836353796899 0.06419496365986002
0.1234727959860215 0.05988464840987935
0.11669930493586853 0.05572412122322178
0.11285663137821393 0.05319537007178606
0.10650264525498147 0.04945935388746796
0.10259391501720959 0.04733731136824399
0.09649029884202966 0.044137618557311464
0.09353894996040812 0.04321677477848241
0.0907333126538322 0.04214807422375624
0.08812495480030007 0.041292530078021424
0.08575472850149052 0.040728559084361744
0.08330821813283257 0.04077552497355323
0.07929189920252408 0.040313577744698216
0.0777212144178769 0.0406210219794751
0.07536353295104091 0.040520843187574575
0.07348499703214173 0.04105184203389468
0.0717005569292519 0.041838404692713396
0.07131033604521318 0.041632447454308545
0.0703320641921542 0.04246772117405703
0.06881966978324981 0.04271184291775538
0.06896444288994931 0.04305462755456459
0.06872104920914315 0.04316524500894909
0.0676848029951926 0.04334557222902764
