0.17186200548790062 0.08790248252376823
0.16699155502374738 0.08439574316183251
0.15967014408499008 0.07866189602534088
0.15235359171380977 0.07346276317270112
0.14784998705915256 0.07001037972894344
0.14362702936713737 0.0670874840384436
0.13633518190170352 0.06222155725267049
0.12926150999450475 0.05788569715892873
0.12192090435977763 0.0532150174745164
0.11473833154144505 0.04882911134013262
0.10762095169200048 0.045002926428289125
0.10072865672470217 0.041514193134317916
0.09667864295588581 0.03992575131672119
0.09344767635124526 0.038686548953690385
0.089930351331742 0.03823656075117606
0.08773965483509312 0.037746167446761646
0.08263679809702078 0.03696120955833919
0.07829597941362629 0.036769843490978504
0.07676383444056287 0.03889632849037469
0.07413995400019381 0.04008510153385325
0.07224046490301111 0.041609768957114275
0.07190796926211411 0.042786322640091176
0.07166858179198232 0.04329100179479597
0.07148571469969874 0.04309013684311463
0.07194292315804517 0.04438107113793804
0.07200609411951946 0.04390357530286646
0.07215019808389594 0.04504329132610772
0.07197234288676574 0.045555357310718754
