0.18571876718921893 0.09981390973990988
0.176749697500442 0.09331575963024644
0.16845494015082313 0.08695342390431797
0.1595082682445142 0.08074935758956756
0.15470350746012101 0.07734048777613146
0.15034299973663662 0.07432389799122692
0.14050550039657983 0.06756072540974127
0.13469294491530626 0.06407609313093217
0.12340471194859441 0.05679047576893667
0.11285356266513928 0.05080055335140195
0.10240439763144842 0.045895615341521354
0.09287994926724816 0.04213169832671407
0.08827000602543514 0.04149469570264879
0.08469952132629557 0.042278915612550615
0.07983825769923533 0.043116969125522465
0.07946967748881473 0.043439893679351436
0.07943210005291824 0.043691389986713854
0.07806299603174603 0.04429367102633283
0.07739741259282178 0.04470739095562304
0.07713947838701281 0.04627323715332202
0.0769167619363778 0.04522399477159798
0.07711740673927883 0.04646607401976391
0.07718595738270814 0.046711091586664054
