0.17986491762616363 0.09699005360409069
0.17687942108647722 0.09474694374680329
0.1741987115690838 0.09267146611548768
0.1711652720786379 0.0906108699432791
0.16803692277070065 0.0881135374217499
0.16494956899191573 0.08590631462929194
0.1616956684835865 0.08383968117779587
0.15878540696962273 0.08165936011094001
0.15221652414563938 0.07721835484052549
0.14847333759492895 0.07475956426653398
0.1449824879042136 0.07250113318429216
0.1379974296453944 0.06821139650696051
0.13382520631736894 0.06608554125468388
0.13041663476849583 0.06408071390697273
0.12342581570002449 0.060934118689262365
0.11997922472133758 0.059324505108146346
0.11670290298873101 0.05850793050926492
0.11089831309713376 0.056912872634776394
0.10787240476482117 0.05660375524852395
0.10295751546423322 0.05612362323972047
0.10188766995345419 0.055849399373234854
0.09783266283378246 0.05602709735082448
0.09441288545749632 0.055803403123123665
0.09308962173873102 0.05616447260065491
0.09256231626653601 0.05675638114360489
0.09245478434284664 0.056544093681896015
0.09198367068838804 0.0566267859488275
0.09124450713498285 0.056864856719292055
0.09090746149252817 0.056703272631023725
0.09089164318961293 0.057860920934400574
0.09072184284664381 0.057196907080104185
0.09067297165911319 0.057413032991863656
0.09090428443471338 0.05872978423545632
