0.1810630979392582 0.10002283450411986
0.17335921999007936 0.0939164063690515
0.16556128094673306 0.08806920225966562
0.15697143880822234 0.0815571964679799
0.15209678926877063 0.07822812836745689
0.14804121752158475 0.07518144087357954
0.13780128710415684 0.06792009088562076
0.1319203776195142 0.06409842591798916
0.12015329253349442 0.05625682207650318
0.10990352052085789 0.049808110230810256
0.09952561592654802 0.04419352957613582
0.09059861761845828 0.040925757057033156
0.08631499136241749 0.040152296958506126
0.08296496415127004 0.040467042036066485
0.07963063457224628 0.040957154234458
0.07863650875760009 0.04130904975978807
0.07853385305397169 0.0413010376997004
0.07811045822774242 0.04177656608855255
0.07772341303605806 0.04188779952508653
0.07711955539164407 0.04264287838990661
0.07738007949092901 0.04262808996059055
0.076976046516482 0.04313660730928629
0.07701652559229137 0.04353234195742446
