0.1832328418874659 0.09970983431409647
0.1797318569936653 0.09684506612382889
0.17669688866716352 0.09451653768975385
0.17366479320294573 0.09212554990981858
0.17072162240262606 0.08992470223216259
0.16769770501971012 0.08756789500287254
0.16481691363578418 0.08522325272650312
0.15806866546890017 0.08022803174579062
0.1506871235401263 0.07476779127871166
0.14672028487455627 0.07177665323382534
0.1428288205391114 0.06894791056710713
0.13468313554761813 0.06352875041776229
0.12625794978451235 0.05845406073573117
0.1174235630938781 0.053420208611841526
0.10862919537486027 0.048941083735789176
0.10483673944993038 0.04801581903504508
0.09720603417526329 0.0456591466721954
0.09401831576112005 0.04533761428905836
0.08867686037368354 0.04542768888724699
0.08741571213582831 0.04685446793311936
0.08676204978034478 0.047813675819573645
0.08543125378451726 0.0483350317154079
0.08517959104843692 0.04852903978719673
0.08487798838965267 0.049344124000823095
0.08331179005827237 0.049998765702337813
0.08362556407693326 0.05004286163367841
0.08329055002978583 0.05064219730532968
0.08289907466254977 0.05056666130941201
