0.16888611586743998 0.0862166381447316
0.16592396693353859 0.08395400855243522
0.16291254173448777 0.0815568673640205
0.1572396715569354 0.0773685105832845
0.15073739737973604 0.0726842566518173
0.1475348806246568 0.0704288759288916
0.13957701276977272 0.06506663411170466
0.13534400348645376 0.062336401168558764
0.13061771446685264 0.058894516007403495
0.12555005373085484 0.05576298284918586
0.11612094559563264 0.049852455552070435
0.1057427379080297 0.04412201920878057
0.10066670805898474 0.041322751984732876
0.09188628279007001 0.03732277404979467
0.08752808153423576 0.036025183252281295
0.08437370154264394 0.03551304766260612
0.07925597455084867 0.03523334547703368
0.07794296700340249 0.03557561571453838
0.07697733031345604 0.036148265599782785
0.07666306245802038 0.036527786821622416
0.07611499567334092 0.0364314087043603
0.0756995132585136 0.03680170556450632
0.07566970906588288 0.03669496420882892
0.07540757580539595 0.037089304321850404
0.07506677862765238 0.03789723210424174
0.07479057874580816 0.03719507952144638
0.07469611980341279 0.03819734771048428
