0.20433907160122772 0.12014492682945355
0.20018613849310635 0.11664996552597998
0.19735949098702663 0.11400586041077426
0.19431291629689737 0.11146920608593336
0.19195684363294044 0.1093355650528383
0.18892922983388574 0.1068643155569151
0.1862952173201573 0.10435025405816356
0.18298081525549628 0.10179210741738665
0.1796906409960972 0.09881596112601092
0.17712728174214046 0.09687410017110991
0.17450395627610857 0.09466797651830697
0.17086417382915922 0.0917993349638722
0.16723659147070938 0.0887192605935539
0.1635627177246563 0.08607996751294027
0.16037543023985565 0.08354534697402002
0.15704750657004451 0.08106723547361123
0.15313272416906099 0.07811788984126414
0.14909203379037636 0.07552109047867962
0.14426707116056894 0.07184552143293155
0.1412994235735894 0.06994135295078277
0.13765570530531096 0.06759054997541762
0.13449851584103925 0.06606938599992267
0.13108026938101847 0.0635998250318328
0.12748728586067584 0.06169752849587624
0.12357655419551276 0.059607433139045096
0.11950499012348252 0.0578714377133695
0.11577793012034458 0.05600578708658797
0.1111878431346712 0.054192863843330163
0.1072508056271941 0.053100051866396165
0.10523701535196317 0.05280819010013865
0.10166425678210006 0.052479547558265754
0.09917404060189453 0.05251260602012717
0.09641072055676224 0.05316204187704393
0.09432983937099178 0.053072954501198734
0.09295949363772088 0.05376472763107378
0.0916169476351517 0.05345026224941168
0.09112918350036282 0.05400612777000564
0.0908583875014709 0.05408162060866239
0.09042351276133087 0.054475926923018496
0.09047725443845732 0.05485315375136722
0.08939941396673792 0.055425699553305084
