0.17458658010053238 0.09584760250674852
0.17153211728817971 0.09349698366001066
0.16802534396854865 0.09081817595064329
0.16451076259969746 0.08824682817023957
0.1616202496365708 0.08618575427973159
0.15921405634564573 0.08447768405022749
0.1556858444633526 0.08159346997384949
0.15278409903629872 0.079799576363718
0.14969784767957822 0.07786996403624064
0.1454017323816645 0.0749976710549052
0.14177896061090484 0.07231573292869427
0.1377405205294525 0.06989285938418398
0.1349455650433905 0.06852602584982367
0.13238270238156627 0.0666515173624717
0.12892126178996247 0.06496664623232595
0.12561523399131208 0.06308547830133229
0.12289769713578501 0.061892736335948384
0.11945598769558875 0.060194620725710773
0.11667963148156334 0.05894970868946741
0.11347359275548091 0.05801098224635907
0.11143738972809111 0.0571546086198733
0.10917530002860777 0.056613259097916126
0.10728322936925389 0.056317102531239116
0.10459720288435094 0.056079520368692314
0.10313895856661559 0.05623285233123258
0.10103060302542531 0.0566771855050369
0.09890463620859855 0.05656117406384698
0.09807876714010687 0.05729251171977044
0.09638596480323255 0.05746366420468151
0.0961657087513997 0.05822082115606496
0.09496825711449493 0.05826292499687065
0.09429718693828087 0.05886504393510809
0.09395023713448354 0.058338336685483605
0.09350959074004499 0.058907594219062935
