0.19144686988277573 0.10835255857993235
0.18705647531107822 0.10509558705672975
0.1826934862331346 0.1013378876023888
0.17751187533093427 0.09719225759003582
0.17359865426194304 0.09434241020599354
0.17060297142198777 0.09214866376403873
0.16657599169967838 0.08894003782754742
0.16360455439088484 0.08715158576547025
0.1604663380867342 0.0847729472756428
0.1566567637907662 0.08183328515866808
0.1526955208660182 0.07888076075151441
0.1483380090565677 0.07589610490775336
0.1447131776645111 0.07358259289434195
0.139639110822531 0.07013492159173815
0.13574709022983997 0.0676760543645124
0.1327605808570462 0.06625741878330053
0.12821836444626117 0.06320647059880173
0.12447355980778847 0.06156461518014072
0.11922281275432911 0.0586631297221823
0.11627765101327169 0.056972993487050094
0.11236187324727408 0.0552046687770826
0.10942889172566285 0.05431307403704789
0.10654376927385668 0.05332859337519621
0.1038424608884727 0.05262061147079225
0.10018512018429361 0.05230940665969336
0.09830543079980683 0.05211281278844347
0.09554439912143081 0.05147326604022042
0.09276909973316892 0.052533835541624295
0.0909216419671223 0.05346247346147363
0.08857683481600055 0.0539974648496225
0.0885404569436137 0.05473961845319685
0.08784801338322679 0.05452186630351576
0.08740671981940795 0.05408584384223282
0.08721290878042144 0.054981054920672866
0.08690270578595662 0.0552410210743362
0.08614307950573129 0.05579185418370844
0.08606836075389276 0.055977205020781746
