0.16784171810295762 0.08798591939422591
0.16442529221169508 0.08542457632831713
0.16034659660311953 0.08227950216240064
0.15611320305293605 0.07914226511210314
0.15258128316475478 0.07667408830437325
0.14912080434419955 0.074189283088538
0.14480736421616489 0.07115732712630918
0.13986948795029241 0.06756169922046537
0.13611389187707298 0.06511155528342098
0.1321257074534375 0.06262728612200565
0.12770342391211018 0.05987158580507312
0.12380219539023708 0.057474168180770245
0.12031271849179637 0.055589765357401635
0.11732725808588307 0.05418172729427861
0.11441837522140502 0.05292665772041871
0.1124189644592811 0.052011157179389714
0.10866188302516534 0.05096773261159538
0.10571048050715856 0.050199250355768596
0.10280861237930053 0.05036201791982753
0.1005576389791818 0.050410997212173944
0.09872152208591742 0.05066356997319899
0.09707929749597669 0.05139698890942001
0.09593280012646459 0.05235130515099409
0.0955471237739927 0.052461700198228635
0.09547129370449238 0.05288050343486519
0.09480412708770829 0.05280036329908989
0.09458614318894373 0.05347473584095874
0.09450354754013503 0.05315714503934382
