0.11240193226359628 0.05298688203451621
0.05440409113179814 0.022123623522039282
0.039472029450943164 0.013924572056795944
0.036848569175649194 0.013468328563158802
0.035814049294157276 0.013576791923127975
0.03604334291554385 0.014036953947633594
0.0356137032628001 0.014419962854661926
0.03528494476512739 0.014206596337864565
0.0347873835397783 0.013712205871571173
0.03469534934238731 0.01422854391117364
0.034435057876041154 0.014528388210175153
0.033864046327627385 0.014387849089387176
0.03361334105907031 0.014879982362457748
0.03309079399650906 0.014817294012374077
