0.12533899695663045 0.05515211852228511
0.06536480293477408 0.02498719006576511
0.04325282584921409 0.015344945626247043
0.038305439992425284 0.013330978431337327
0.03641215079923689 0.012418306375671538
0.03543405859007295 0.013126953524416481
0.03492206804498745 0.0130714926569547
0.03411793656434465 0.013397718766235741
0.033617343429790454 0.013631506947860476
0.033021635421211906 0.01456454114775629
0.032413309107464164 0.014545042606727537
0.03172589276029206 0.01562620094820177
0.031189673441422185 0.015652450437380477
0.030544016478687833 0.01679284656094206
0.029993852627924478 0.016554183069370135
