0.14743760028204614 0.07367754715880215
0.09112341862337955 0.04005811912802308
0.04799992668455451 0.017002826574014356
0.037862273200929365 0.012894978218961989
0.03538084079715723 0.011812278527726296
0.03493063694268004 0.012370167044925672
0.03466431782084739 0.013494903256957642
0.03368539239161878 0.01339277294766509
0.03309936200240493 0.013183759635721645
0.032129838015000786 0.013004340066786725
0.03137256348719209 0.013211157753081083
0.0306420065786248 0.014943962238777732
0.03003603134300413 0.015342367144256425
0.029297677007387623 0.016204966153486555
0.028813302850093894 0.016248801792597252
