0.1508889876501601 0.07576584558543409
0.08371883418113017 0.03566605618754898
0.044327125147643115 0.01694574758010806
0.03922608294765023 0.015316348339945794
0.037958613061013134 0.014930687894060487
0.03771009119954964 0.014672417874869384
0.03745671328781874 0.015134285900577025
0.03707251218285891 0.01526169758646881
0.03646902863416922 0.015391066447237733
0.036660894177796687 0.01582539052508177
0.03569483273662188 0.015535227723422262
0.03540393254413332 0.015063233676167657
0.03550692157664427 0.016003001819957386
0.034501119658910645 0.015916831648669482
0.03403876851831388 0.015390426013910658
0.033626164914901086 0.016151117306891654
