0.12408378148428453 0.056003878117864045
0.05659115769066591 0.02231391117398148
0.039183734198059976 0.014049864393241289
0.03671405578041897 0.012933829914135232
0.03575183420029856 0.013416868551908594
0.035197159713976606 0.013672171170066996
0.034279067726937076 0.014063024529249873
0.034261209855773946 0.014813716479016172
0.03301669064582188 0.014866353002642363
0.032492820627894825 0.014711119683455148
0.0315920187208371 0.015405101096004
0.03085817856575545 0.015917457890137834
0.029978475970655553 0.017144734382461876
0.029180554471614772 0.017565334741541146
