0.19144766658500734 0.10877498564951743
0.18624720572023518 0.10412396775554283
0.18100205551812837 0.10029498624368996
0.17583661884492896 0.09577290118111768
0.17069267515923567 0.09232920884364992
0.1658857675465458 0.08828463891162883
0.16097985439122978 0.08452324018086473
0.15610217111709945 0.0811653347588841
0.15121889928343948 0.0775140892290768
0.14644155170565898 0.07409346016716054
0.14136117788461539 0.07052546068349994
0.13628885197207252 0.06700139978012142
0.13137235500367467 0.06395943625883962
0.12640788637616365 0.0604045048788166
0.12144422158255758 0.05728840009319127
0.11633416332373836 0.05412075040688656
0.11138886230707987 0.05112011944605052
0.10627239251592356 0.04828802195971302
0.1015365763565654 0.04532042772951043
0.09684571747917688 0.04326353427715264
0.09221194994794218 0.04056636618244502
0.08810468405499755 0.037891913893977384
0.08353486916646252 0.03577804633294787
0.07985755393342724 0.033879788908918566
0.07598222761513963 0.032151864741837254
0.07230056785123713 0.030778182823236803
0.06927191787114159 0.028754898882955657
0.06562293299853013 0.02704206791409308
0.06271198248407643 0.025788729819851062
0.05971008390494856 0.02440430349863375
0.05735052995621019 0.023250395919563634
0.054954827405377264 0.02246455063791891
0.052703982422831946 0.021539226288346713
0.05058772698738363 0.020210752027396566
0.04873211948034052 0.019851573271548656
0.04702222600747183 0.01939407563086528
0.045605688847378735 0.01881099905201685
0.04440926820492406 0.01824024948991505
0.04343224637126409 0.01828688367196534
0.04228815148824106 0.017786549580222324
0.04149215974859138 0.01770377044596296
0.04102749111954924 0.01745907739904974
0.04023594917473052 0.017023561264225395
0.03976410345725135 0.017284856829179223
0.039175534358157765 0.01690023137547117
0.0388648047066389 0.01682014648567801
0.03853496486097501 0.01707998702288989
0.03848251709103993 0.017106333611974764
0.03834450646512126 0.01738335080597244
0.038062867945400536 0.016792762917866595
0.03816519408761024 0.01690162125271721
0.03804898267163768 0.01677694627768288
0.03794206558519108 0.017261250632828483
0.03781829908745713 0.017074618893487454
0.037960771470020825 0.016522042247838046
0.03771398249938755 0.016625695329525996
0.03766081223588315 0.01712921772366252
0.03748779894965703 0.016634249046717942
0.037571847439980405 0.01696866789951674
0.03757005316787114 0.017153422490194414
0.0376821162267271 0.01703801924510902
0.037366647304476974 0.016841249817144275
0.03752439970832313 0.01717761368370633
0.03741115003751225 0.016617946492418916
0.03730929758313939 0.017439909580232747
