0.19364420013909878 0.10384213574716208
0.19067669822557062 0.10150384492537436
0.18769008786283436 0.09898605092053837
0.1845918358585363 0.09671820837061414
0.18146579323101683 0.09427780990292355
0.17833900313156242 0.09186320637391863
0.17513169688855415 0.08927431547137109
0.17200548176751124 0.08716668886646704
0.16867601177801111 0.08445773785549414
0.16540865862289758 0.08217218942808054
0.16181565686147037 0.07953979234881378
0.1581781038561272 0.0772133322480733
0.1545461664732695 0.07460927636598674
0.15067001659311033 0.07193769906916937
0.1468064204082684 0.06909409654846138
0.1428976405032579 0.06676467742732303
0.13887629899122722 0.06389862494750956
0.13459205818352207 0.06143689151390688
0.1303367292069407 0.058321906082579485
0.1261089800281632 0.055800885030135694
0.12169097049302789 0.053300185800750376
0.11731770386127902 0.05082674493861705
0.11314701170686711 0.048137745873152886
0.10879297810298216 0.046012349064229095
0.10452827697829373 0.0434755572907518
0.10068054061463505 0.041467138277338944
0.09635739293441996 0.039338927182710676
0.09318749862005181 0.03779150960986903
0.08928656717035797 0.036303315329338115
0.08575003787191136 0.03495118506193873
0.08266997435136302 0.033637050331821974
0.07937088238793594 0.03215574971113099
0.07631410549305243 0.030807854273648835
0.0734532620748533 0.029561986073906553
0.07074469210596039 0.02817176645970106
0.0682483658346908 0.027673093794771265
0.06574210201987617 0.026596026451583907
0.06324176048269975 0.02566342309428794
0.06133992355700351 0.02481330779112644
0.05922143955734942 0.023474404666538128
0.057147660129187684 0.0227061582746561
0.055373976308436205 0.022014585086588656
0.05357317267261005 0.02113428187877039
0.052125918470514496 0.020434541901615744
0.05091775466637146 0.019806810114686484
0.04957933908608178 0.019443006061531844
0.04863066783052519 0.018650165492864728
0.04757138989454743 0.018439620738496015
0.04665520012775254 0.018380989786319274
0.04597029542697437 0.017637624360336984
0.04511674476662316 0.017310038824062995
0.04454144532553284 0.01682991498219785
0.04405824305150089 0.017098383096909035
0.04364480003324142 0.016535181541047533
0.04302335378314329 0.016566986989916346
0.042727953832760096 0.016075265610676626
0.042365391612429595 0.01619082822251902
0.042125860397694934 0.01635909436479009
0.04197487585832777 0.015815320761241876
0.04138109565279522 0.015544279585315162
0.0411384068482842 0.01580658575446958
0.041271720384471966 0.015438877885002004
0.04098850997641208 0.01552455948334303
0.04097357970366073 0.01532379772213752
0.040534641184339 0.015061919056382976
0.040576111502266796 0.015292528327688609
0.04036415050236247 0.01508783058690497
0.040338362720607715 0.015162586056032353
0.04027839247229064 0.014907523322226857
0.040106543403816995 0.015446173585656866
0.040152558446938845 0.015315860096314828
0.040213578030856865 0.015659381190356442
0.039980376370135226 0.01558800152393839
0.039965470054817674 0.015481956558321349
0.039915612239312455 0.01538266051785087
0.040052174403525063 0.015168037729482753
0.03992676682049511 0.015433135402028807
0.039842649874639376 0.015346648381921877
0.039890938478229936 0.01585382689035946
