0.1833950362311735 0.10248808832104483
0.18017907527161123 0.0995111077507351
0.17709638812828482 0.09679758013201384
0.17422446091421204 0.09437044492491488
0.1715893393816677 0.09197297448777966
0.1691113733220407 0.08993783417125874
0.16664857508285613 0.08805377043976056
0.1643005505152769 0.08619300240461675
0.16183365390036672 0.08434809228325632
0.15939329139558656 0.08232482111323289
0.1567451948651259 0.08052924972226522
0.15410288202377334 0.07850610809272196
0.1513432196625206 0.07649987689336366
0.14842000529801244 0.0746249079830789
0.1453425751833621 0.07256568932980247
0.14215911396027808 0.07026682078817265
0.13869460757937518 0.06835429053615251
0.135366649885031 0.06568700347133943
0.13184538866084386 0.06391758306481031
0.12826771731656436 0.06127121139002808
0.1242616891038055 0.05920723752162462
0.12063770994408436 0.05701198517158759
0.11689950292447834 0.05463749197712626
0.11272719364986174 0.05278116070342899
0.10895926383060088 0.05096913767147705
0.10500723267559127 0.048273373291101984
0.10116579063566344 0.04633749336752741
0.09712754038010865 0.043955481427694995
0.09322262139465505 0.04193649318979788
0.0893724176402671 0.039708736974272914
0.08557706317596388 0.03859314515390791
0.08188397659191637 0.036432091490641305
0.07804316654450698 0.03435273738897517
0.07451909008091956 0.03278102544157759
0.07114880803912868 0.031137313276033838
0.06791561570779485 0.029855280829943404
0.06495046002160879 0.028283099298305126
0.06201894836138512 0.027027355473413457
0.05940846017359341 0.02584233265442607
0.057286401658287085 0.024957754690401707
0.05502233633921742 0.023276683590122867
0.052701760355791105 0.02293147710173384
0.051259591731300985 0.021869280248047566
0.04944845438377589 0.02099106056259258
0.04805656267925606 0.020366432559671528
0.04682916139112508 0.01966276732189393
0.04586357257939971 0.019054810908897463
0.04510745098495843 0.018496029951313504
0.04397134867663065 0.01824813535114797
0.043265633273356606 0.018000424266662707
0.042802646087560306 0.0175044758394914
0.04228105595914555 0.017153411692513734
0.04200010655776887 0.017122779417088566
0.041835865108129706 0.01735557850317184
0.041425098698080094 0.016896345356474676
0.041088438198639 0.016739751156623767
0.040871865853344645 0.01632796221079656
0.04097840447092191 0.016375486025086636
0.04043768220535819 0.016224131467783454
0.04017205862255354 0.01645307672458105
0.04024159695086974 0.01611818489692723
0.04030677357324433 0.015558030270501249
0.04011087025599604 0.015831666992964743
0.03994440486298709 0.015899627167384953
0.03986904693689696 0.015573692524184344
0.04011665155119308 0.01608905583082428
0.03989378082591387 0.015883570894741277
0.03997165954034456 0.015525306456072996
0.039680473775298084 0.015679513602700385
0.03984301794199948 0.01587543413332928
0.03985718989544316 0.01564140576206419
0.03974541818830037 0.01584562767846533
0.03985319924571502 0.015574846244086045
0.03986142233018782 0.0156551127641244
0.03980116758894165 0.01605627399305594
0.039435411494542036 0.016107539638091535
0.039551403666874214 0.016085689127719315
0.039721395290866705 0.01586801524207834
