0.18153528671625252 0.09736171248356572
0.17880097300398126 0.09495640728232169
0.17594655449582264 0.09260328999883993
0.17294923981765675 0.09022315627002497
0.16982492547412187 0.08788479876977638
0.16665414737124673 0.08521379589170497
0.16322312625026966 0.08278573062998552
0.15962402353326208 0.0799827312694035
0.1559190654172959 0.07712749543914067
0.15190548528236483 0.07408292870524075
0.14790745690859794 0.07139812089833392
0.14374155761536803 0.06805528354493051
0.13929781423444274 0.06484830524888965
0.13494390525713879 0.0618440581860002
0.1303153889503128 0.058796988330967165
0.1254725571170988 0.05523327751085491
0.12096101418627057 0.05226779106292536
0.11624177288851517 0.04931764162659371
0.1113635569681696 0.04627071203265865
0.10674312298056934 0.043034241143439546
0.10213832694000176 0.04088502033915392
0.09718171060792524 0.037658305688230566
0.0928402985815568 0.034972192374181046
0.08860958751519936 0.03265315584017865
0.0842948739556571 0.030563780670139044
0.08023572064869383 0.028709831055723275
0.0766389449501363 0.02656636904844109
0.07265398809976172 0.024861711188847887
0.06945897261541704 0.023432197051564987
0.06633634368442214 0.02211697682783084
0.06363950167254212 0.02086605148221023
0.06048439503342633 0.01997908615319999
0.05788720303797142 0.01906028425227801
0.05605029489356773 0.018011318703769943
0.05339972990497951 0.017194295110731173
0.05192536261650797 0.01660922561114134
0.05042499113626223 0.016822120379238387
0.04863501119726804 0.01612718598000127
0.047317296301040424 0.015853711904222644
0.046292824034350546 0.01568840745693596
0.04532335750419208 0.014958105682378441
0.044110435047877976 0.015032814947016694
0.04370764539134666 0.014936208767121349
0.04296696882538391 0.01449137608954821
0.04255629316188295 0.014253649712451803
0.041937086001392454 0.0145162562504661
0.041676565273269725 0.01436126234254505
0.041524959542438074 0.014078748169268991
0.04105283335468189 0.01446535765587367
0.0411324786734026 0.014324938764162487
0.04093628611992292 0.014323695295582353
0.0407719871258997 0.014339208982217137
0.04069019194856979 0.013875856445053557
0.0406202712686805 0.01369420753385946
0.04027589169048716 0.013890029559271147
0.04041445941465316 0.014298096296537338
0.04036257552180372 0.013962905988984886
0.04034999238499971 0.014297370715088192
0.040342278749767105 0.014263574533798005
0.04036512279302889 0.014349364425176358
0.040155865898312625 0.014563502661853538
0.04011355581902469 0.014287952991557749
0.04018681859537106 0.014382505155566388
0.03985845283035924 0.014389129795116945
