0.20406350065810153 0.11789724894078174
0.1998752975883526 0.11438350750568727
0.19577200465582273 0.1109737979539468
0.19174445171916746 0.10773045225286268
0.18818697404059603 0.10464912289652996
0.18443091867780528 0.10165017293081678
0.1806277656225444 0.09862273564034744
0.17719464119961104 0.09576882655011865
0.1734933764721338 0.09307751843257467
0.16971076990511552 0.09018700100411442
0.16567796044392386 0.08732991897864692
0.16178329781917924 0.08446570980719098
0.1579560107936017 0.08178143848404573
0.15378059412386552 0.07885636422992043
0.14952641591586613 0.07565306554227622
0.14538873495329444 0.07293238252847713
0.1410812049396904 0.0700003671463422
0.13631339330222084 0.06679055782943932
0.13182861865288092 0.06398160131249184
0.12724363431041766 0.06132537087095361
0.12295658363966977 0.05845961509287378
0.11806442833876021 0.05528565941268831
0.11334120123786932 0.052680397897346305
0.10850056563273515 0.05005383998082931
0.10385369242839462 0.04739376162452923
0.09913815827034712 0.04531848127523892
0.09464714869226878 0.04300265842013889
0.09061578765298405 0.040731171621590366
0.08603748907256797 0.038881942977559814
0.08181796747615609 0.03688800297560737
0.07823062928502672 0.03510292661767187
0.07445295790390981 0.033708171784690925
0.07078370713745481 0.03230861768785647
0.06767571026773436 0.031146090357032065
0.06461105574494391 0.029814940385808515
0.062243873923525164 0.028789510962772935
0.05950191053564062 0.028127494235355984
0.0574234490797015 0.026479574248002655
0.055163920497099936 0.02606697042658536
0.0534653196764989 0.024159959283534427
0.05168471995078972 0.024266725631177072
0.05021147823138899 0.023336141460741575
0.048738298861275633 0.02267399717813915
0.04760323967664624 0.022305952634847942
0.04682389756484019 0.021912804965315193
0.04595238881798336 0.021380202274462023
0.04550161785849344 0.020791004942253215
0.04461098226870678 0.020419182905292144
0.04404971398367515 0.019947499773802137
0.04354175913545596 0.01942335160008626
0.04321999844376179 0.018777406826039216
0.042980087978105846 0.018614754034060297
0.04268018310968932 0.018787017312044883
0.042157940682461106 0.018805798484406295
0.04233554502562421 0.018588335494968543
0.0421128621476824 0.018799503104523142
0.04197907496525322 0.018584260372532573
0.042368810768493144 0.018272775924400932
0.041890562957662955 0.017957769092970383
0.041743245979871425 0.018502280920567476
0.041870155556292234 0.01855227059497521
0.04166799038999882 0.018053168413407376
0.04189123441152709 0.0181973868236854
0.0418714313186341 0.018478459989679934
0.04147393542716437 0.01845321203515489
0.04142702478255638 0.01805632673294774
0.04139712110510716 0.017998542905227517
0.04159945413486661 0.01804913846676626
0.041415466183895175 0.01827950578913461
