0.1694035836810186 0.08613692756925406
0.16925090960959563 0.08587521801662816
0.16923756116155475 0.0858665657920554
0.16924472374343033 0.08586412611301181
0.16924635160294751 0.08586550248061384
0.1692438236328738 0.08586474682781273
0.16924451307925753 0.08586449854189236
0.16924472374343033 0.08586452013197239
0.16924474289471877 0.08586452013197239
0.16924474289471877 0.08586452552949239
0.16924474289471877 0.08586452552949239
0.16924474289471877 0.08586452552949239
0.16924474289471877 0.08586452552949239
0.16924474289471877 0.08586452552949239
