0.1880344921300833 0.10604040216793052
0.1829079839845664 0.10147039891561778
0.17782266275722686 0.0978260864844167
0.17283477768250857 0.09346267545462884
0.16783110301322882 0.09018282032674624
0.163156464355708 0.08629444870866505
0.1583503031602156 0.08263524395994096
0.15356401771496817 0.07938298549628346
0.14876409580169034 0.0758089378749194
0.14407272974338559 0.0724878424831269
0.13908453844622734 0.06896767432187889
0.13410959126959823 0.06554164862721824
0.1293068750765556 0.06257775711686644
0.1244686466499265 0.05911021969789628
0.11963108808488486 0.056070362709315515
0.1146578155622244 0.05298293500030577
0.10985184575575699 0.05007415538028431
0.10488342494487995 0.04734186302447018
0.10029296875 0.044472198133429605
0.09574777605952964 0.04249867831360634
0.09125125359811367 0.03987526872407879
0.08728448638841255 0.037276472448984556
0.08285045244365508 0.03525776261643697
0.07928457347041891 0.03339860091916057
0.07553192273242283 0.03174791537958242
0.07196801028141843 0.030437893639296276
0.06905661000275601 0.02855679522712679
0.0655082766183856 0.02689385053590192
0.06269554695155562 0.02573508381567865
0.05982196035950514 0.024454301075035302
0.05753233996049731 0.02335115659069366
0.05522661895976237 0.022654817232010818
0.05305702340304998 0.02175258873323808
0.05102806050189858 0.020511421566012916
0.04922953955628368 0.020172527688526426
0.04739836285828025 0.019608618928494987
0.04630306739190348 0.01922616787258787
0.04495613842019843 0.018543782935747363
0.04401258574228319 0.018786154996243858
0.04299354444818716 0.017910442749305755
0.04229754390464233 0.01754087927587048
0.04149604494579863 0.017511967386009217
0.040574042672097015 0.01736112905765975
0.04032280629899559 0.017178461997455135
0.039946224468704064 0.016944988408858105
0.03938227756767516 0.01700853185920057
0.03892284103610363 0.017623154851088552
0.03889211592050466 0.016838061514750768
0.03869989196089539 0.017020671568271466
0.038407078714478196 0.017254105795110553
0.03851861066878981 0.01713982232417358
0.03840880121570309 0.017109574849146197
0.038233833369059285 0.016781491882074475
0.03826221157673934 0.01727397126715456
0.037847143805885594 0.017275423580292514
0.03785980418988853 0.017561791227755013
0.03787048608984566 0.01671014258794101
0.038021032696901026 0.016735590643103152
0.03798475251485179 0.01718935163138579
0.03758299824304875 0.016593204234295778
0.03753203852278295 0.01703893542395773
0.03770613794172587 0.017271009634194732
0.037597050982208474 0.016976718057667397
0.037742200418759184 0.01706399529074842
0.03765911605064919 0.017100514858308963
0.03754413670152499 0.016999599454751158
0.037686554059744 0.017670489400969856
0.037530186833966195 0.017233185699414028
0.03742324343152866 0.017130352428132923
0.03766732185509554 0.017458820868972103
