0.19332552793751104 0.10784499347471675
0.1897552378233372 0.10506879979731139
0.18636989909818852 0.10221700100452309
0.18306174164180716 0.09971366974793607
0.1799979500103036 0.0971859480152435
0.17680200917389555 0.0948475499825718
0.17362897164421134 0.09230300686218272
0.17051860676137814 0.09000416964569977
0.16741351251398348 0.08751221346390303
0.16426082922006555 0.08529362895462356
0.16081900844896277 0.08270220251466988
0.1575076215305036 0.08011988363931034
0.15379665336498832 0.07747312566213442
0.1502871672178282 0.07470643622959391
0.14648360836211802 0.07211394304134464
0.14258856085816832 0.06923114422145343
0.13875736470681313 0.06652656205400272
0.13469757630500168 0.06393305036235564
0.13067979965912213 0.06083032449561138
0.12648207393639727 0.05839070330682966
0.1225646310233205 0.05570965928895683
0.11864523318364473 0.053274283651180726
0.11452018473213059 0.0506019558781755
0.11061233437555198 0.048096651941323225
0.10669262029774988 0.04565252253487013
0.10266263494359998 0.043472011290764154
0.09904830148310698 0.04131801329826651
0.09539900933519616 0.039255506393885586
0.09177804445702412 0.037737073283528016
0.08858839963422173 0.03615315576523527
0.08510107890482406 0.034258726043942395
0.08194931557636449 0.03274062796759727
0.07870999741029723 0.030817339756608993
0.07622071941605499 0.02972325536586186
0.07356639386879821 0.028898366783700925
0.07091852245421025 0.027052495552034844
0.0681157806044909 0.026217464820249375
0.06606207750586325 0.024970098348403465
0.06376921692846839 0.024329593724784
0.06182440994948776 0.023227642735424808
0.05978139186634006 0.02254364533644662
0.057772776658145744 0.021696651210144996
0.056149665308899865 0.021039896096786213
0.05445281297838204 0.0203214370992886
0.05293610617566679 0.020258505650528197
0.05177203363271054 0.019872969951190745
0.05037592855180264 0.019023215144626626
0.04914842151560016 0.018557009955774223
0.04805329367566679 0.018168412045563083
0.047124588545448744 0.017955828944262692
0.04615653093445185 0.017789598468651194
0.045387976457777264 0.017422965388295523
0.04455029041009607 0.017478428258850643
0.043947943026232505 0.01715377762052562
0.04358750343453771 0.01722401817130138
0.043190667709396405 0.016933825111087628
0.042506841093139756 0.016684212710596485
0.04202045248041087 0.016313289854745547
0.04161841799213246 0.01684424103656972
0.0414335145179749 0.0166260977107989
0.040964686704229876 0.01659316654764829
0.04054898689570536 0.016092393889528534
0.04033532491800041 0.01639050849393238
0.04016330575174671 0.016118369746580916
0.0398298446262671 0.016042463100586796
0.039630537942902035 0.016086422243290828
0.039417951653975235 0.016316906881943833
0.03945901229978485 0.015812329577578825
0.03917556471313024 0.0156318011904525
0.03888945785132254 0.015592149245012378
0.03903251966732822 0.01568026319028371
0.03869494505046317 0.0160495390189295
0.038606333690024384 0.015921857556789175
0.03875407918434023 0.015833304046893527
0.038391907470180855 0.015966048543029816
0.038142136848235135 0.015568274721286008
0.03814165290807214 0.016027142665266007
0.037968340040392616 0.015673023775342937
0.038114025195400664 0.016052104039328725
0.03790627591236041 0.016084866345337064
0.03773679862983411 0.015891377502473568
0.03747481690387465 0.016055810855642345
0.03778204463933061 0.0159380839240796
0.03754292788820089 0.015797299951780832
0.03730674592271309 0.016017828719720215
0.0374736789257686 0.016092480998371766
