0.18944407867299276 0.10284415251254282
0.18630002005524698 0.10032228449411558
0.18327235623393126 0.09792673233919397
0.1803911777459129 0.0956251505240811
0.17747482974505918 0.09334927787894673
0.17457722604041961 0.09112021350575816
0.17166028389520735 0.08865549424903664
0.16871580028408534 0.08656893994337893
0.1658668589190038 0.08438829200539588
0.16277640745515476 0.08205314246250878
0.15979584394871255 0.0798362304430194
0.1566779085167949 0.0775642495529735
0.1535485118485418 0.07543517005018499
0.1501398481658342 0.07314377862959445
0.14693148779573822 0.07077169493717614
0.14358089693258982 0.06854778740750703
0.14014117483268895 0.066322319959476
0.13668665662166604 0.06383703765520705
0.1329877246708977 0.06195653730801533
0.12955269822802387 0.05954805015994148
0.12582583190943125 0.05733616097036657
0.12212253970570919 0.0553016629094255
0.11844888763909878 0.053165389556321906
0.11489406444419367 0.05096617269323347
0.11103348689601202 0.0491621941144827
0.10739703593262419 0.04764453292248979
0.10402168266588817 0.04535275018217273
0.10062943461682826 0.043533829086467205
0.09709978589337233 0.04151322287581789
0.0938899305794065 0.04005874641829879
0.09059208440253763 0.03853021404267028
0.0874078731257237 0.037057610904942195
0.0844131843163062 0.03564203323640326
0.0813137152743705 0.03451779042399246
0.0789289971042554 0.0327889747157282
0.07588066280904707 0.03145457980881126
0.07339765207948992 0.03036604090103801
0.07097283395666104 0.029351222877361728
0.06861262424133516 0.028070299398829976
0.06609471232220135 0.026933322613674412
0.0643340421794963 0.026106222807031388
0.06196360263993288 0.02520790281016023
0.060312968990724296 0.02452157357445547
0.05830789469124733 0.023696036366446457
0.05673675180742547 0.02246496728910161
0.05542808177695621 0.022711567063752908
0.05383465368820285 0.021661574489178735
0.05266129524390124 0.021274099612977285
0.05163502106874227 0.020587675227612994
0.05013591339690499 0.019690966074273644
0.04907502552137509 0.01920096140931366
0.04823282110167704 0.018927671485095457
0.047233484665095776 0.018454504289464584
0.04661747675247287 0.018243258643941846
0.04592264409112319 0.018298374419260084
0.04547168852300159 0.017429808122965566
0.04465111287454861 0.017433890177373117
0.04419134097078435 0.01701616441012057
0.04357257316178635 0.016920272315216468
0.04318041871921182 0.016841472315490925
0.04290468303050115 0.016239461759764595
0.042546078578236314 0.015936805434288135
0.04190881083884904 0.01603748047475381
0.04178626856490295 0.01582619462514958
0.041470777910525385 0.015744884550602852
0.04132785744337919 0.015333468143872547
0.04078839353178419 0.015457688034596353
0.04064353251249926 0.015536811007109883
0.04045267801178292 0.01553252257175067
0.04044617596424646 0.01532118847724865
0.04002663577908195 0.015047208382964826
0.039986375311561635 0.015157553845165527
0.039568873904014486 0.015055101784297876
0.039675949258691834 0.015473622252227927
0.03947162109719987 0.014731018023521896
0.03914007656642519 0.014642203187096544
0.03906798864808623 0.014851222866640638
0.038863068737979116 0.014898052580763245
0.03880555652237111 0.014953110730231343
0.03869124602268267 0.014942176560201399
0.03867270536465591 0.014739021316011028
0.03860018621250834 0.014662511608794518
0.03848086621340991 0.015065038893106803
0.0383441507216209 0.014928936016029829
0.038195164232233625 0.014700421377369962
0.03824540057519307 0.015151826103688877
