0.2200655315950122 0.13402544351788356
0.21614677336874313 0.1306957429562326
0.21224996209163327 0.1274702656107138
0.20859437541131345 0.12423799595156848
0.20476229228670634 0.12102567804935127
0.20100314823614057 0.11808149177660222
0.19729637758697743 0.11486043634417994
0.19370835834978586 0.11181619365802421
0.19008718847610206 0.10891618399784483
0.18648140448810507 0.1060912830827129
0.18294512556724424 0.10323344104093195
0.17939206029977997 0.10018673228785702
0.17581553251586318 0.09748020258484631
0.1721780367210828 0.09460001712640957
0.16871074488866297 0.09185277606003461
0.16507750802982085 0.08934124634681949
0.1612817793358577 0.08641962139750141
0.15762255721247348 0.08366725686450986
0.1537872990703088 0.0808073686249619
0.1497393051595896 0.07813653311468674
0.1457796937617869 0.07531078183165164
0.14161529852762061 0.07237251093062903
0.137562038500167 0.06967292235562794
0.1331714208669751 0.0664657385496261
0.12894482982059366 0.06399236909606572
0.12430800923981906 0.0610515417765342
0.12011535539017071 0.05829371362976478
0.1157140040873507 0.055784357669502134
0.11117737401530331 0.0528613615019402
0.10690271646444778 0.050528866121138646
0.10266135343305535 0.047841326196365594
0.09817186901446841 0.04542125355113636
0.09406481594029939 0.04345863631941723
0.08986018143527523 0.041152975360760076
0.08589666601286244 0.039058184382891416
0.08206034313671322 0.03725681285001143
0.07852431840910096 0.03558232152308375
0.07536644210947323 0.034314659488030905
0.07217933358626041 0.033406479854444227
0.06934772631141463 0.032096937200160276
0.06671857196880403 0.030788505338949845
0.06445825682596161 0.030136156231632055
0.062257605155046754 0.028857250738459485
0.059984225438447863 0.02834516450197013
0.05833736493417757 0.0270995083938115
0.0567151659711172 0.02644176210770828
0.054835675479517815 0.025952439157026896
0.053768039855045774 0.025095666920586523
0.052391233298832114 0.024104153889888923
0.051303693863387456 0.023796663513502483
0.04989610594360217 0.02333055294917793
0.04884402886438197 0.02264878376981017
0.04787049749896865 0.02175602369796769
0.04716543257283318 0.0219775697820405
0.046424118730232396 0.021100424590819972
0.04586515736883398 0.021036553989092842
0.04510136900618075 0.02100242367607922
0.044494672071141265 0.02019282692776703
0.04421430651017111 0.020156599926392155
0.04393301530208824 0.019033675823258173
0.04334169466053748 0.019407821756254627
0.042870789677321525 0.01935070493585845
0.04234271998977242 0.01884064363793852
0.04211317869021835 0.018750026308257003
0.04173313580311714 0.01865540560593135
0.041283074666283594 0.01844460870363454
0.04132729949543503 0.018101090630850532
0.04088637492725277 0.0179352210565379
0.04066637306866847 0.01758614370358692
0.04057782269228597 0.01800762589739325
0.04015150464369819 0.01773174794780714
0.04021581073948634 0.01763278239697623
0.03976024128291735 0.01762710619122257
0.03969410307729992 0.01716814668948374
0.0393681625853015 0.017378103853476167
0.03958479998041657 0.01722335549689718
0.039409152445657514 0.01756994286633169
0.03927939398641315 0.017322796722273926
0.039081478163859915 0.017499779542121105
0.03895244631361853 0.017164001145955787
0.038775837161004044 0.017076229891350193
0.038805913498018325 0.01726791344632342
0.03894472699223047 0.017169177760566333
0.038808915856010824 0.017275259827786892
0.0386654789223342 0.01710755133288366
0.038498533909264256 0.0169334145881124
0.03859592109810869 0.017125996344183346
0.038458129172989845 0.0174674748626996
0.03851533944026378 0.017394053566459993
0.03836425992278357 0.01715923642829834
0.038228674203218314 0.017168036407396295
0.03817076610353558 0.01723802965802625
0.038248470101962764 0.017003251052160207
0.03823745106444238 0.01718888237932259
0.03827155612464148 0.017618266351129154
0.038315903254318176 0.017754159128155204
