0.18815273226972073 0.10094326625322451
0.18474790237628613 0.09845377893724426
0.1814984995100441 0.09575068486201299
0.17813062683733463 0.0932361037466921
0.1749827749877511 0.09082292937825232
0.17171984091744244 0.08813819145524317
0.16838634171362077 0.08572282911598247
0.164976822789074 0.08331352577284125
0.16141034572513474 0.08086432860937222
0.1576803745865997 0.0780567277094962
0.15397601129960803 0.07580518086298868
0.14994544455842723 0.07276416202389754
0.14593803588926996 0.07025465178884151
0.1419186749755022 0.06747157462146693
0.13771514040298874 0.06486914892082982
0.13355194106749144 0.06198272677932085
0.12911914158194512 0.05946625629961862
0.12495196135472808 0.05693568073755226
0.12058225326126898 0.054321609385771547
0.11629748361709946 0.052337646484375
0.11184837778662421 0.049951118668761674
0.1078806632012494 0.047872215207202896
0.10354241946349829 0.045658813976049636
0.09967468650477707 0.04368132540518396
0.0959204280989711 0.042900303974840445
0.09186210994916708 0.041095019023076135
0.08837069566082803 0.03958709993686483
0.08496585619794218 0.038646185616542594
0.08174671193655071 0.037371613889842496
0.07869455459946105 0.0363529614548818
0.07580511621141597 0.03557933460582386
0.07304462139423076 0.03463785564787043
0.07068931149712152 0.03323667750539273
0.0681949479039074 0.03210036870402981
0.06562931103778785 0.031261040294452445
0.0638863694650294 0.029979350876074375
0.06157525607851543 0.029248066420148773
0.05968985886973297 0.028632242215992483
0.057633771359015186 0.02782822537519736
0.05591574385258452 0.026597451069371555
0.05448977599828515 0.02598490882144664
0.05313219144261391 0.02548307355369374
0.05177456860913768 0.024861212070249956
0.05056105692675159 0.023696660528910837
0.04937279902621264 0.023266640109876745
0.04825135981902254 0.023202363716455312
0.0479788840488731 0.022932955557458914
0.04730308461691573 0.022502836055378964
0.047220749058366 0.0226161517699913
0.046613184598542384 0.02213874250899598
0.04629455058029153 0.021897883840227356
0.045829269506369424 0.02138677412792152
0.045462089661930424 0.021150026726905104
0.04505419658715091 0.02142867132599849
0.044727945285705534 0.02139448903247865
0.044302324802486526 0.021077018809729973
0.04421344373928222 0.020721787088092504
0.04380695737383635 0.02078784969094342
0.043544759194328764 0.020662656226545822
0.04346891172372611 0.020179306054704874
0.04333958059009064 0.020298861286602417
0.04305220039962029 0.02039628163751515
0.043000022966682996 0.02009702505027881
0.04259894812591867 0.02007349757744396
0.04237124303343949 0.019506053045707503
0.042340161455781476 0.01992884311699778
0.04217710757594317 0.019996447614918526
0.04204015915911318 0.019924510609019886
0.04184968880144537 0.019656444821699596
0.041636672816634 0.019398808542932612
0.04144202060877021 0.01925019076065202
0.04109959214998775 0.01941295434435668
0.041264224989282214 0.019405365668885375
0.04123929178405194 0.019004734910015874
0.04090028440409113 0.01925717950864017
0.04088971494518618 0.018889839295877762
0.04056578902039441 0.019352532688609817
0.040456051338192064 0.01875434390931468
0.04042555828178589 0.0190284198298825
0.040471529925587946 0.01903753954200765
0.040195963222684955 0.01902357426174933
0.04008639539824228 0.018636638680040528
0.04001882550297036 0.018768106951575287
0.039886709659021316 0.018493294016022503
0.039899647557110486 0.018502193845223964
0.03961665256767516 0.01843152320208954
0.039622317682814795 0.01828007273053894
0.03946751027759064 0.018708115560561817
0.03955655162910338 0.018028623034279236
0.0395649440378491 0.0184440443130219
0.0394383593367222 0.018363102965667948
0.039180048746784664 0.018024954246978406
0.03917067546928589 0.01837343610577939
0.03897415961079128 0.018340003042962495
0.0392114843941389 0.01838957849844264
0.03893641530270088 0.018741939526354157
0.03884891702520211 0.01800928962461848
0.03881135692904826 0.018147502329781733
0.03891982665896007 0.01786273358407298
0.03878813904795443 0.017714206741026257
0.03878441413905561 0.017830769122018017
0.03868021956148947 0.0180686770162428
0.03851791688357423 0.01810555355422884
0.03855998658362935 0.01793159630094595
0.03854817548842479 0.01795740947034558
0.03860414481641965 0.017744938772866956
0.038213366705199654 0.017464714274247797
0.03843403585864772 0.017307367682817505
0.038446545523793486 0.01754264648307199
0.03817931381292871 0.017352949955819277
0.03818290474951004 0.017933568460749172
0.038122165050067366 0.017515360641004438
0.038082882452688635 0.017242479146194933
0.03808252599062959 0.01757572529006738
0.03820200776656663 0.017211011456671272
0.03808372695676139 0.017485383269074676
0.03802067145011637 0.017525929951663546
0.03790768972394047 0.01749716193581408
0.03802838203546056 0.017362797181815402
0.038046913277804996 0.017193025847894613
0.037968367221950024 0.017602910691787075
0.03788508189536379 0.017547546343285085
0.037632398142760905 0.016937441809748738
0.037982178332465706 0.017313638418048668
0.03783063889484321 0.01724847977832848
0.03780003818211049 0.017474941544803387
0.03774447555579373 0.01717490450891815
0.037771025998285156 0.017274100210844377
0.03757298381231627 0.017239512084027114
0.0374601432355463 0.017399067005808296
0.03766046534327536 0.017152711263947417
0.03766947258926384 0.017292114322962997
0.037698090033225135 0.016851748548099482
0.03759679021466193 0.0173193648751786
0.037603948164196474 0.017352804724505483
0.03757791925679814 0.017268656072530048
0.037576935995682265 0.017092265176764588
0.037392616402804994 0.01702688393951671
0.03757015843183489 0.017176340534432125
0.037393451337426505 0.017388770512850805
0.03734486484107055 0.01699919226415173
0.037387609187438754 0.01703989367916838
0.037260694340243754 0.016823137979281796
0.03752965333705904 0.01695252143494749
0.03733111114726237 0.017032835708778327
0.03718834450407276 0.017357237672831236
0.03731444355554875 0.016936180876192513
0.03717433004271803 0.016992417969879277
0.037255072287634736 0.016935164256995948
0.03724201477140495 0.01722392075597508
