0.17099405545688387 0.08774980220309442
0.17076928818593826 0.08753514217749288
0.17074360377878492 0.08752394715061265
0.1707467616976972 0.08752311105258184
0.17074777605952965 0.08752272014960638
0.17074626408623225 0.08752227495455102
0.1707466277253797 0.0875225735609906
0.17074655116976972 0.08752261156544654
0.17074653203086723 0.08752261156544654
0.17074653203086723 0.08752261156544654
0.17074653203086723 0.08752261156544654
0.17074653203086723 0.08752261156544654
0.17074653203086723 0.08752261156544654
0.17074653203086723 0.08752261156544654
0.17074653203086723 0.08752261156544654
0.17074653203086723 0.08752261156544654
