0.18662976545340446 0.10788865253028829
0.18172580993096957 0.10338910713101344
0.17695229383408181 0.09939886092464958
0.1721854040829934 0.09525965396110607
0.16753041531024473 0.09159371234690042
0.16302564924399907 0.08771858444726631
0.15846620624926458 0.08448640373346027
0.15393592109117607 0.08094644023624038
0.14945879033414555 0.07754263457874126
0.1450024866032907 0.07432948552048328
0.14024032722044635 0.07103263172194188
0.13554266937705914 0.06754758259328296
0.13106135406350505 0.06435576993161644
0.12639385949940676 0.0613704447953744
0.12177407079480605 0.058468365610215116
0.117078433412349 0.05519731735483176
0.11245178854648769 0.052485954141633685
0.10774285059421086 0.049601622002260565
0.10324519923161966 0.046828883589051996
0.09887186845791987 0.044101578800510424
0.09445116697227016 0.04198378895886762
0.09046389744653573 0.039732993429188686
0.08619472095500275 0.03718484312475128
0.08261383219426577 0.03544649893966799
0.07877407546772043 0.03377313010044051
0.07526672765458307 0.032146136753121404
0.07226192880133159 0.02994845282032079
0.06869166900567736 0.02870030330608032
0.0657858583745367 0.0272863770610754
0.06280484063370234 0.02618041441640459
0.06038178610584748 0.02507790078701887
0.05805752349939696 0.023745363746213964
0.05584408461131158 0.02287750999793426
0.05352638132115087 0.022078560990076164
0.05178692245842485 0.02128734662838947
0.04986032678073276 0.020741966363605275
0.04825012953931499 0.019917558603249636
0.046997975210878666 0.01961892461624928
0.045719703312835834 0.01852048611446957
0.044564655592421364 0.01822798640895826
0.04376132128415977 0.017943614019198934
0.043231634948558105 0.01779802941078426
0.042361299857698265 0.017043658520671898
0.041431155293048416 0.01708601825769436
0.04128246468962043 0.017436040683310488
0.04050494153035035 0.01690798645775184
0.04022424588354546 0.016697295613621165
0.04002753103044963 0.016844426611518117
0.039493178962202405 0.016620016620907212
0.03945037822645586 0.016608621106790407
0.03924213669163178 0.016206083510256843
0.03885010981731816 0.01591703416941062
0.038657919456115665 0.016138151672816674
0.03846640178391954 0.016465520706959398
0.038351443781162974 0.016554385476370434
0.03821103371607311 0.016533281173139316
0.03798004045058539 0.016341466805856474
0.03795620427821399 0.016512012245547953
0.037705662335053784 0.01635940951174293
0.03770601423997882 0.016529349079813516
0.03740538928364376 0.01652491771588698
0.03775235078235312 0.01639482803803516
