0.1851717012595113 0.10134377089919747
0.1813585456726055 0.09810430893090069
0.17748975559278907 0.09487986286326605
0.17373663929513453 0.09178196704973801
0.17011514980291026 0.08886997801784412
0.16651474587925558 0.08600148759969435
0.1629853740844152 0.08308978463636087
0.1594119543261688 0.08012473798278873
0.15587543910074128 0.0774506338502056
0.1523438074538653 0.07485872315230369
0.14878975922387336 0.07205981756209652
0.14530976902626883 0.0692975557352234
0.1416918320980497 0.06679570805617428
0.13806103507964484 0.06404927175796449
0.13463589417212504 0.0614527030002957
0.1310596304475457 0.05885550273278597
0.1273511941058156 0.05649345082194298
0.12362289787797595 0.053971173529663734
0.11971782568221485 0.051247730666687856
0.11591421701259512 0.04847501384355932
0.11188101312154358 0.04617120657112221
0.1080387284249245 0.04360890396922395
0.10425947061855291 0.041143316829588286
0.10016249293700483 0.03862472874223448
0.09598655449322933 0.036495272161094466
0.0923337526444099 0.0344778761915997
0.08879368485497725 0.03223344163925014
0.08515160772768278 0.0305424660897567
0.08178508891406985 0.029370642905948777
0.07854427436993792 0.027705866918573963
0.0753822099238606 0.02600987977175313
0.07236655707788722 0.024877512459203385
0.06968738279411477 0.023867976509474764
0.06716696790366626 0.02282405026101543
0.0647921506835631 0.022118405482774915
0.06261110141204748 0.02131745669375387
0.06033236620603477 0.020565312280644787
0.05864381146797537 0.020581315927468386
0.05670993830067707 0.019434720752177663
0.055232354156044085 0.018987889757078782
0.05349700324468789 0.01831691459922939
0.0520431236073183 0.01788676733847511
0.050875541368621546 0.017560202534813572
0.04969289185374667 0.01660629477566698
0.04858668949449178 0.016715599953348155
0.04753557581642709 0.01631612814817911
0.04664233578459611 0.016209434020801782
0.045837804520807185 0.016154742299941138
0.04498761658538349 0.015464290191143024
0.04432022291027269 0.015251004489268522
0.04379208304121235 0.014994749130610658
0.043287250290180324 0.015080745118137463
0.04280248330160859 0.015172509705172777
0.0422592665807259 0.014572016712967314
0.041837866417771416 0.014631273386374691
0.04164142686444688 0.014492069995989426
0.041364752988213835 0.014012215624101853
0.04107774699186882 0.014163788780965357
0.040848846004642884 0.014279359129995771
0.040717243138323166 0.014098651509509308
0.040368321026460034 0.014081575105584127
0.040157884275198806 0.013753984773121076
0.03994367472011541 0.013930047827640691
0.03981724509558485 0.013914913181538374
0.03968467987702115 0.01414931263230401
0.039550362315565434 0.013961368286866876
0.039392857331634126 0.014219006760026779
0.03936382397836303 0.014411293410310317
0.03907976488652632 0.013762184955393168
0.038818050560473945 0.014097844580268118
0.03874357119974089 0.013905860191105025
0.03866631490218441 0.013920276967046284
