0.17309359007933783 0.08771939313665082
0.1704089583783094 0.0852067291726133
0.16999008660554826 0.08482790487461302
0.16993023135291346 0.08476391069796516
0.16991857845710753 0.08475461015377986
0.16991510942069163 0.08475272324222181
0.16991516691853276 0.08475233192249527
0.16991495609311522 0.08475231584086268
0.1699149177612211 0.08475232120140688
0.16991487942932704 0.08475232120140688
0.16991487942932704 0.08475232120140688
0.16991487942932704 0.08475232120140688
0.16991487942932704 0.08475232120140688
0.16991487942932704 0.08475232120140688
0.16991487942932704 0.08475232120140688
0.16991487942932704 0.08475232120140688
0.16991487942932704 0.08475232120140688
0.16991487942932704 0.08475232120140688
