0.18848916478921923 0.11061593309105422
0.18328888185441958 0.10626449436607853
0.17819397550819785 0.10204713446145262
0.17320446490296926 0.09806765737899395
0.16824536833312087 0.09437760367755105
0.16344682646011885 0.09069485434251812
0.15869245963283748 0.08690600827618161
0.1538401569302938 0.08362943889691422
0.14899030573689914 0.08030262907128337
0.14433493774392517 0.07663677580389892
0.1393432341871531 0.0725976284135667
0.13442342879714253 0.06917888822752784
0.12945318552163212 0.06645090158107489
0.1246840043011728 0.0626297954622039
0.11974631055534037 0.06009574675699079
0.11476690284914394 0.05672757069677225
0.10996472201724881 0.05338967484974368
0.1050289052081086 0.05087815962938616
0.10047155927626547 0.04757674245714657
0.09597338473126557 0.04497048895709271
0.09144853087185471 0.04211029813381099
0.0874101292067897 0.04000397834420436
0.08308405826501794 0.03751255013147428
0.07946371551952382 0.03601897982967728
0.07571527184478515 0.03333842571029946
0.07219893629018023 0.0318524052318339
0.06920603145562033 0.030202589461549297
0.06569660992291229 0.02832368146368023
0.06282077901453009 0.027042857576895882
0.059962917859734455 0.025641686970719352
0.057712149962798345 0.024017212604578675
0.05539077189902479 0.022680300462576786
0.05329325205252604 0.022135303828411564
0.051080956569676796 0.021199820297481273
0.04962950514602414 0.020084089117672243
0.04781957317846741 0.01975227181979323
0.04612034695902548 0.01886354648373627
0.04521973336160741 0.01811966635596316
0.04426733163341603 0.01801276177468181
0.042927730314687974 0.017944505869214856
0.042100374705512464 0.017039715242782034
0.04153947228507619 0.016515910172390815
0.040881816651017866 0.016718878770477258
0.0402934879719768 0.016304984454323046
0.04014116881367795 0.016291474882992034
0.03955931843908735 0.01585150953525154
0.03944745875795515 0.01625894509757684
0.03906695054248833 0.015888483169876646
0.03840597435844006 0.01587385690441944
0.03855802298887383 0.015732167570840054
0.038086705990660975 0.01571370165782576
0.03793220585107818 0.015478973361698588
0.03791483221641555 0.015417049435606605
0.03779731778468763 0.01556397563306523
0.037705496317986475 0.015547195550555452
0.03755217644599203 0.015759531971589403
0.037501740954544116 0.016052232607105962
0.03741073585954201 0.015599057091532063
0.03757416341867241 0.015484447590512861
0.03735473898552261 0.015613377210169647
0.03724724366101022 0.015584808452107869
0.037400314551606716 0.015371842204797431
0.03731703266804482 0.015828475695902202
0.03730535448286027 0.015539620102600345
0.037145340841744055 0.015938832858056806
0.03709189123894982 0.01609414639944151
0.0370432297399623 0.01563146549715093
0.037174241836321315 0.015635051595800142
0.037159714729371775 0.015458557279956663
0.03725186657523559 0.015784505190351142
0.03695124787178362 0.01575838560684633
0.037222156391114994 0.015942143829167678
