0.15470161341478064 0.07801001287294779
0.15080393412059465 0.07481700674012838
0.1469718039675224 0.07207218876191832
0.14289916736023947 0.06892302501153162
0.1388998078936143 0.06634463761538525
0.13463849126772442 0.06327256891696681
0.1304895131333474 0.06041805597082431
0.12636224426162995 0.057882512945451985
0.12203268758028693 0.05481928069620603
0.11767493854373003 0.05188840097687323
0.11371279221989057 0.048895396380452316
0.10908840325854596 0.046243533747597
0.1050841886546608 0.04333584835867758
0.10096804733619016 0.04129157792095247
0.09675746545823609 0.038820312241056434
0.09286387520470102 0.036847898642755936
0.08897402924834277 0.03466970582975186
0.08543039192583204 0.03284628997743393
0.0815948909476799 0.031078770869988233
0.0785389315740895 0.02971888288120636
0.07538784215406755 0.028103134373757072
0.07222806232563642 0.026804076544235847
0.06961986247952989 0.0250998502572518
0.06669106077873414 0.02402892440625967
0.06468863746194033 0.022964669049407815
0.062115074758771496 0.02210051637878472
0.06010524903349252 0.020894519090441738
0.05828938460531929 0.020110335475630993
0.05639240012245288 0.019416273662263017
0.05477440887219547 0.018413901771571036
0.05330910067612622 0.018191381585625388
0.05215421961415698 0.017884944803158005
0.050721226330679166 0.016882359823490255
0.04942830423596266 0.01670549327627138
0.04877355976901881 0.016515908823726413
0.04775822799249593 0.015738092253565136
0.046948387267045345 0.01595857460759692
0.04619149339348928 0.015205361722150793
0.045340460610989626 0.015396524112047989
0.04487723550821011 0.015304856741198681
0.04459852956182951 0.014577554396274804
0.04419169874568534 0.015138709378659736
0.04365757618983997 0.014649887314233886
0.043457806922816686 0.01472498499422038
0.042992058489331034 0.014543430489534537
0.04262224450371649 0.014491571645886733
0.04259177779919444 0.01453166069528419
0.042308417815913726 0.014154872182866636
0.0423476850552325 0.014361205698640097
0.04219295748071888 0.014147477455941615
0.0418867582422802 0.014140456309056396
0.042154197780403614 0.014327319156834868
0.041721171248332974 0.014361515891452929
0.04182185070707652 0.014274827789581768
0.04142538613567387 0.014262047845693113
0.0415387636457128 0.014337149571672817
0.04140766057538146 0.014280975001933446
0.04124015833991155 0.014321958215830497
0.04136742613909373 0.014171045366394788
0.04105505982295201 0.014391723276765097
0.041155921229640215 0.014486434583173363
