0.19123815632121247 0.11057060664225771
0.18773182424269214 0.1078481963186553
0.1842207728027267 0.10515258321360153
0.1809382458893211 0.10267449421817855
0.17771281173876316 0.10027763661670586
0.1744611525187117 0.09794439716398903
0.17123861521196762 0.09558753874276167
0.16785993610521766 0.09325799839042363
0.16465188301754283 0.09101877773900101
0.16107946069439533 0.08843981916586392
0.15756180022996719 0.08620581764744699
0.15383699624845298 0.08395841751975575
0.15000182443607085 0.08147923367565743
0.145996419884734 0.07874648075243273
0.14163597930663602 0.07632976174562163
0.13748506111074277 0.07344458569055316
0.13317721455460277 0.07131557271938131
0.12859325657733184 0.06891714193728775
0.12454265358874057 0.06623735099003233
0.11985234691158848 0.06446147986464865
0.11552061578228136 0.061991947696251305
0.11123010232803414 0.06014447559342074
0.10719699550870265 0.05832468296583834
0.10333922447769331 0.0562814827456951
0.09929959496368164 0.05443995258858793
0.09553855165790016 0.05261778424567605
0.09217904735507033 0.05072737387853481
0.08836031657016148 0.04943031303062957
0.08504926245972812 0.048023251779649945
0.082041964485232 0.04638831850461784
0.07863475818145431 0.04453019554380007
0.07575517073191694 0.04326588980456505
0.07309108160397514 0.04169167279781925
0.06990835671527532 0.039777959692731464
0.06759939473997623 0.038596684407041865
0.0654358888560452 0.03778184593782654
0.06306397808098332 0.03594450384264248
0.06101205344097468 0.03479369298708393
0.05916176160026717 0.03375795551062211
0.05706993341633271 0.03300480857538205
0.055269938266148046 0.031388073173477776
0.053833290782342745 0.03044573000938126
0.052337670464870145 0.02941344715252607
0.051143101283482144 0.028117305764916133
0.049717388905464205 0.027820628347898436
0.04902755159374755 0.026116775411714123
0.04789775372975356 0.02644171958931312
0.04689332109829286 0.02554503586681742
0.04568663697075623 0.024918213740992904
0.04490592797072676 0.023921563956680218
0.044533649967954385 0.023894756108532797
0.04383910768308974 0.023516520437402037
0.043425410569098204 0.022789772110755998
0.043077453584504655 0.02216834716371691
0.0423221830937279 0.021688161681895055
0.041947871544967 0.021248696864336388
0.0419324664748841 0.021181880535044682
0.041247885687703816 0.020917214154781923
0.041210936540780195 0.02046168934215199
0.04109820902918975 0.020286261101127794
0.04097753438150735 0.01982166924073031
0.041162030718975916 0.021036568604791177
0.04073704838396786 0.019856360265080083
0.04077470735354786 0.020270456216427476
0.04031891967447303 0.019307257779505725
0.040459272716473656 0.019997260911835898
0.04037743687873251 0.019211692371587645
0.04025057046720297 0.019573895950343957
0.040397110476951714 0.019456347203429092
0.04033274203187618 0.019907428843764965
0.04045352219373723 0.019793011842393494
0.040185561742906994 0.019674372232902842
0.04016458840185079 0.019716553138299755
0.04052155965457037 0.019506607932605963
0.04019406522648638 0.019214456067272945
0.04011822451253217 0.01910924695585298
0.0401821541145465 0.019409061433213467
0.0401090255945935 0.019646169249914282
0.040126214813515394 0.019414804073959558
0.04012729153774752 0.01915715322889795
0.03981008474208191 0.019055036002025915
0.03978125059471628 0.019823474943824696
0.039922754700484 0.01927641998471719
0.04004686575312107 0.019223264018569993
0.03991846458990207 0.01882208568715169
0.03990571655868154 0.01911371138734462
0.039822065397457716 0.01886910970349712
0.039689249425082014 0.019291107432844744
0.039766922248865515 0.018767138633608443
0.03970856811197303 0.01886504521065994
0.0397917564496405 0.019122082196391447
0.03959635618102826 0.019007406098549475
0.03982120929378094 0.019101102025780435
0.03954448157392469 0.018939120227225107
0.03950491135888142 0.01922703885484016
0.039577131018068326 0.018910795003850466
0.039476986072281894 0.019067624104392524
0.03920061086570432 0.0188989828621955
0.03923275671944985 0.019097878599947483
