0.17222594015818993 0.09191099437260536
0.16790599784029742 0.08838326438550374
0.16343330936051195 0.0851589934994476
0.1590312386428375 0.0816877704595116
0.1545837872361455 0.07822388184274044
0.15002168028605317 0.07496660073764314
0.14543654246842094 0.0714065195666253
0.14095743680813394 0.06818080836993316
0.1363261125568472 0.0651260423809757
0.13157471317025676 0.06207743092971743
0.12724550478903918 0.05927297604785735
0.12256283350154212 0.05587424687166656
0.11780315604802667 0.0535284432331804
0.11341463910620973 0.050431785995393046
0.10881242717603233 0.04762248401648489
0.10442493659940771 0.045011742942966844
0.10005234270636885 0.04193234020141474
0.09538618918392955 0.03943334012777288
0.09134310647861661 0.03691461417617718
0.08703042545465484 0.03468199450560291
0.08257112768335985 0.031816488523094634
0.07892544974363508 0.029759363528536985
0.07479223874535891 0.028018277765192334
0.07153065160031628 0.02586165972596384
0.06832393182817166 0.024756654468989465
0.06495653794243822 0.02282101250159869
0.06238744994407365 0.021710546288246146
0.05980082261155803 0.0206164656014278
0.05769475001350582 0.019389295694264168
0.05551824190510569 0.01891540027752607
0.05396257442778318 0.018299428314666057
0.05256121184453825 0.0177971771144568
0.05125192956656157 0.01703778794732753
0.05004425744262484 0.016777014657621474
0.048890090599461734 0.016430298404301637
0.048085832753197194 0.01625558766119574
0.04734221198696321 0.01578126440310636
0.0468643190874612 0.01577421830780869
0.046351433849439634 0.015777090956881585
0.045710833290360284 0.015781139505320584
0.045233899610664194 0.015321490408360273
0.044867242635954444 0.015212768214540338
0.0444577325164157 0.015608186632114518
0.04404900895711781 0.014715067811312887
0.0437641062864657 0.015488154545182427
0.04339150694505835 0.014584581513971205
0.043177874305985284 0.015259421523627982
0.042706523285559586 0.015018318306482117
0.04254300508524625 0.014658878423411105
0.042297612678399536 0.014587670741119437
0.04167127092173503 0.014787164393803336
0.04166756353718519 0.014669397740113282
0.0411625966586614 0.01492491735061757
0.041101623851698785 0.014510615450793631
0.04087964600031432 0.014758569444359408
0.04051463888367073 0.014766618708042847
0.04038364303087675 0.014650924826116771
0.04024910286089993 0.014794874839025356
0.03978996750470248 0.014433808627339532
0.0397021677178181 0.0144349672536076
0.039262614833958286 0.014538131495960413
0.03923297973805472 0.014466373731931383
0.0389154635940017 0.014497433419594653
0.03860519435558232 0.014687778973820233
0.038514929373796754 0.014495113509658819
0.038212626455865456 0.014308209288041378
0.03815361285535641 0.014348921980105473
0.03799591951731445 0.014669202421235523
0.037685830132608684 0.014295300969011233
0.037592514831840326 0.014281829281245238
0.03732200285632637 0.014616479611239007
0.037426663329349116 0.014568762013572552
0.03730268656748487 0.014662719694673703
0.037004800856759786 0.014630445575348719
0.0370176759846046 0.014896743599025682
0.03662053500446306 0.0148431159444322
0.036831563361763076 0.014597329060319656
0.036497824412742616 0.01464112566473259
0.036409703287223254 0.015173724369486214
0.036477282720599066 0.015345541204321638
