0.1665813270931054 0.08499864892844008
0.16248242099336643 0.08185063182375835
0.15870641318653955 0.07875451550801148
0.15496990639658118 0.0760645140207821
0.15133707779718564 0.0730922906025629
0.14767826017359134 0.07041511153705757
0.14394093883088335 0.06758024134284978
0.14007848301989087 0.06463755988371135
0.136124212739559 0.06192702215165554
0.1320753489275656 0.05902439467877218
0.12776949851456243 0.05584721621364779
0.12352721196494809 0.05313734318907266
0.11917827650297823 0.050328074953959356
0.1149068002160079 0.0470325195912881
0.11035245371653779 0.04417332592777726
0.10594564667745275 0.04129475389698698
0.1016776298439248 0.03875491465413254
0.09717264524108002 0.03618336243179673
0.09305912510671599 0.03392991830359103
0.08891699979638097 0.03171141152220243
0.0848700525790925 0.029164533884814686
0.08102476945665614 0.02732211216334067
0.07714784814712823 0.025787830604058714
0.07376880064409848 0.02408038202497173
0.07023213239253577 0.02268168471011549
0.06724012681570515 0.02174693311473177
0.06439594818846535 0.020802708097612338
0.06168588806718937 0.019509768959258492
0.05936343526755049 0.018889662546452333
0.057182982969599436 0.01817173960337462
0.05525953164711842 0.01777697170679041
0.05338709049270897 0.01737724664695816
0.05199940405404245 0.01709745706289865
0.050487800184729065 0.01651011295610083
0.04947118564688291 0.016123321549284756
0.0481650023980433 0.01588935657731054
0.04700942516111662 0.015472555503932324
0.04602385466600347 0.015203740293984252
0.045223743457512317 0.015288242572601494
0.044516337934898335 0.014598498670241964
0.043744841485351696 0.014621983214377854
0.04310573381504769 0.01443747864359191
0.042774958317898355 0.014186137467596583
0.042160430974685005 0.014040606733409587
0.041648455822645376 0.013898156972000976
0.04119528658763959 0.013852940781682274
0.04091253137082213 0.013821818802198835
0.040678107880976096 0.013602037830175216
0.04036433257885944 0.01347727116394311
0.04003941227853365 0.0133029382257748
0.039804809107934026 0.013251686062688004
0.03958830338283565 0.012911704267953792
0.03941545768511545 0.012997585546566232
0.039319045784227624 0.013061170981718915
0.03897971987895094 0.013236578708999127
0.03914758722192511 0.013106824056389837
0.038840972796774724 0.013180912137764442
0.038763046451815886 0.013175704369075098
0.03861276386525941 0.01317645886567111
0.038518438656856564 0.012944152982126488
0.03835985961097114 0.013468566980299957
0.0383436428240241 0.013086423165304431
