0.18698805349706027 0.10514840501161937
0.18082576708721215 0.09971024968449786
0.17467850471582558 0.09523411743837285
0.16864772170504655 0.09002852223560365
0.16255735929078882 0.08596803929495697
0.15675586990139637 0.08131063665238336
0.15075300097991182 0.07677451165794287
0.14470043789808917 0.07273540350916208
0.1385869652590642 0.06831370450236834
0.13256828760411563 0.06423616841941769
0.1262282390678589 0.059937598420682484
0.12000454548934346 0.055811791249471845
0.11395023119794219 0.052288322129764496
0.10801472164380206 0.048372076957850584
0.10221929928650171 0.04505628047305862
0.09639353219928956 0.04171677192236007
0.09099187362199902 0.038716007945928214
0.08541498882288094 0.0359970415811313
0.08061284679691327 0.03315600490383439
0.0759630552195615 0.031384109581223035
0.07149948516352278 0.02917296690059459
0.06774411191664625 0.02694321560957236
0.06363840105952964 0.02501652813789111
0.060541262516842234 0.023715176842768748
0.057436535399314065 0.022414413259411552
0.054343401671974524 0.021684063984562633
0.05218847129930181 0.020078975648308243
0.049547379310080845 0.019083554794346813
0.0475589621738731 0.01856174004118206
0.04556292296974522 0.018169574774874634
0.0444515364710926 0.0177316358559837
0.04316505772292994 0.01749313753538975
0.04197805342050465 0.01685812922479249
0.041156209808304756 0.01673223539256388
0.04027367195155561 0.016786921090066825
0.03960184623422954 0.016630828645682764
0.039121196621600934 0.016518183438257485
0.03871628921561122 0.016759576884013354
0.038364274559039686 0.016614707969851476
0.0378891536968704 0.016285129255977863
0.03782729197926874 0.016563247221895987
0.037619821491456394 0.016727606992750402
0.03800758283317002 0.01672599587527867
0.0375400505458415 0.016836174864973425
0.03744765749402866 0.016453258254480966
0.03751664606044831 0.016873314719547096
0.03736561380374204 0.0168367598621346
0.03739436522002082 0.01670389628414581
0.037265979069696226 0.01716305661977684
0.037432930108555855 0.01673114819366341
