0.19050567981251962 0.10682296617991688
0.18576577422683951 0.10300452303540635
0.18139629286211562 0.09977230453896024
0.1772512071440128 0.09637572076323178
0.17329020361037026 0.09312050883155178
0.16946549979653672 0.09016496181319364
0.16567750900263767 0.0875479472497347
0.1619967271214112 0.08470005916545532
0.15817934867540498 0.08206601002885125
0.15440374876512492 0.07947004039590334
0.15039378496259218 0.07665081314286622
0.14647824658770003 0.0741096985057592
0.14254230251497785 0.07092211749977892
0.1383843088284682 0.06833928003301037
0.1339908117480438 0.06553050237870865
0.1294914654964259 0.06291718511645517
0.12515892696709777 0.060143955528925874
0.12065990628738331 0.05765200150405134
0.11586134988086366 0.05481966907243489
0.11102939362730918 0.051871068662327005
0.10635395127850937 0.049429759567687144
0.10140544985916909 0.04658481852933211
0.09675965370487037 0.04428279783601764
0.09198706644547183 0.04157368268990289
0.08733017211952365 0.03969524317425302
0.08295407398464465 0.037178158296221425
0.07870106596837494 0.03562599076877266
0.07485194426178371 0.03357817707527304
0.07117341265694864 0.0318235269822457
0.06774350307860792 0.030294862955671593
0.06481093330969809 0.02898730563746352
0.06185378764990097 0.02779131505781996
0.058887095072817794 0.026308224991433055
0.05672938164626314 0.025145021647077843
0.05447351307864469 0.023692961923216693
0.05269245282961053 0.023016339610058972
0.05047020434884394 0.022212603001953816
0.04866980608631011 0.020926673546417637
0.04717803562476712 0.020695153672576246
0.04607070333949443 0.019398161999783753
0.0444482875760536 0.019271340520296748
0.043585981662871136 0.018764482355809357
0.04280494424217279 0.018388229332334548
0.04214872055604311 0.018045797169229612
0.04141213806363008 0.017362491376922036
0.04099958579593368 0.017780990789499136
0.040115363627045666 0.017143109176198542
0.039900261143138875 0.017188861254546006
0.0395056225118646 0.01711689477089989
0.039430097012000655 0.01663708492855238
0.03918102971805013 0.016761024132355137
0.0392194400209224 0.01685607311031529
0.03902411603014934 0.017038244808103915
0.03905353001527813 0.016223676726722785
0.03853146110465244 0.01663495560690924
0.038546597804251154 0.016182755428782444
0.03843860129484159 0.016719487517133886
0.038474131722715084 0.01673942055852328
0.038367406380075554 0.01672316592701931
0.03855040651673915 0.01703541245947974
0.03813581942464627 0.016782834161327295
0.03825117242272685 0.016786405970192562
0.03814512695082684 0.016721221470436445
0.03810728639878559 0.01695661136612354
0.03792499725370524 0.016749872856018692
0.03782919772111924 0.01618119284674014
0.037427810654581846 0.01622493569826464
0.037470707146770574 0.016561623550701107
0.03740695490147351 0.016081775925713544
0.03714344992995225 0.016953183940918486
0.03685160823327679 0.016401352290344777
0.036888390676631876 0.017041160818288215
0.03668425709317761 0.016802433905856198
0.03652455449889811 0.016874865925603003
0.036493491109052645 0.01665685469496153
0.03633673781319251 0.016765343497741506
0.0361468408187804 0.016578165600145498
0.036013648395520376 0.016890316326625784
0.035883266423838545 0.016785379092011048
