0.1840427400701622 0.1032689812538669
0.17941718281148875 0.09947569538431368
0.174675830050354 0.09597045186342695
0.1697776573133421 0.09230184732065914
0.1648823574386142 0.08871784179860129
0.15955721990895094 0.08457852640568378
0.1538580931671537 0.08042412755007623
0.14822952392305203 0.07648040086362858
0.14232958410760163 0.07218807679679214
0.13605456339234934 0.06756148356019091
0.1297396769248024 0.06342225448179523
0.12321222737686069 0.05877194093566323
0.11685768583358666 0.054323624949247064
0.1101902704351674 0.05019143050438064
0.10359424566450608 0.04660143691237074
0.09790622732354037 0.0426382786691958
0.0915400219593932 0.03920440377121956
0.08587772531207712 0.03593241715359566
0.08064869460202201 0.033345746260682284
0.07596872533168919 0.031284194037289256
0.07123801652531674 0.028884032642080608
0.06711829370519867 0.027187485650210747
0.06331248375875188 0.025545494830795917
0.06029734297011365 0.023996726392287764
0.05745649873624703 0.02255272625064563
0.05474105494107798 0.02153289320192005
0.05262720287249456 0.02032998165773254
0.05053651565012797 0.019516604853241144
0.04881053350661417 0.01894219789442629
0.04751440817045098 0.018023636055768157
0.045771571901537585 0.017518655643122598
0.04469794496116809 0.01728715200358447
0.0438010277798888 0.01701583713951603
0.04265316128999637 0.01655979301475564
0.04202407148324884 0.01640100801119603
0.04159743228165634 0.01601644309982723
0.041321920000514815 0.015622178594067638
0.040865517945659846 0.015623560975081344
0.04033100276530232 0.015581225050787465
0.040284098500411855 0.015676072572300494
0.03989494536352203 0.015370365417275472
0.03982574289920375 0.015165079813743619
0.03996636711395472 0.0157280433550938
0.039816954334666546 0.015630843762860863
0.03982678431178171 0.015563471232578277
0.03953236380870752 0.015715286338500004
0.039520506069630215 0.015697011935831024
0.039256746189282245 0.015825385905753518
0.039212145002322805 0.01563606983742487
0.039364334881818876 0.015597550633393223
0.03933170634842809 0.015848172939516996
0.03917752940585224 0.015646577281793438
