0.23676171652831984 0.1456289549313903
0.232301885118604 0.1421186080644003
0.22829567866353528 0.13851606649877918
0.22455210927847183 0.1352768551234919
0.22063318037959168 0.13226816825738577
0.216893728763802 0.12874804627079836
0.21355898683417013 0.12680561348219022
0.2103341414631097 0.12350632719970833
0.20700005071559552 0.12139575372257269
0.2039628607089274 0.11887893015912254
0.2013991567114966 0.11686032480499824
0.19829083463467612 0.11435437687129883
0.19565961837357077 0.11242027343404742
0.1931115235945498 0.11028182036636026
0.190552971596815 0.10834571011647627
0.18791359640682304 0.10616590160351666
0.18567381720812332 0.10471911916720987
0.1831021841107886 0.1027574274509181
0.18078541220287708 0.10095004452103036
0.17833683337337464 0.09921907152159382
0.17596199134249543 0.09740000376331315
0.17352496141937476 0.09571881266434284
0.17107063686530427 0.0942122790002983
0.16860520391040223 0.0927801916113333
0.16632156568083312 0.09133087368594772
0.16384745668183334 0.08928948129805993
0.16144172180519328 0.08800473279786106
0.15884643547505345 0.08644325994067086
0.15625772799954402 0.08516925220378237
0.1539317246274932 0.08297152263822753
0.15130152344439488 0.08179089102998774
0.1485462091088274 0.079751904659396
0.14595448512791975 0.07802414687589768
0.1430634855066779 0.07661895185514075
0.14050737544188452 0.07509407096054943
0.13801369267452293 0.07393514745455022
0.13517744023220696 0.07185228633358008
0.13257038474291025 0.07042154221436107
0.12967418524093433 0.06887980301472457
0.12677229747163604 0.06740773042352119
0.12417012584822217 0.06612926669944316
0.12139436630940006 0.06423227311192162
0.11852193495472063 0.06320942444958956
0.11565550788221479 0.061140287337590596
0.1128467487319569 0.05967831354544149
0.11006953360957755 0.05836635439223528
0.10710158916016199 0.05680262117350462
0.10444987981476397 0.05514071597550601
0.10164966264169722 0.05373319585731726
0.09884450414550197 0.0521978169590082
0.09621233983984291 0.0507106285371691
0.0935348609197572 0.04981963609624967
0.09078207470299966 0.04821397559853942
0.08830622283421424 0.04727733356488643
0.0862005679993479 0.04573236296533885
0.0835328759634431 0.044324063319124814
0.08103000961298025 0.04370145779185357
0.07890372762691462 0.04254815551908863
0.07665571288966738 0.040868005589037915
0.07396909347941467 0.03978897696230887
0.0723831250674165 0.03878237970604036
0.07042149160695199 0.03775354297375624
0.0682337303680083 0.03702478137394765
0.06675833363721832 0.0355708483189729
0.06530900334355204 0.03481508915513275
0.06323818675198327 0.03421404607434649
0.061872715308387595 0.033069523606849095
0.0603949484662133 0.03236399949471479
0.05921795115276089 0.031606319832763886
0.05749533983432701 0.03064885172339027
0.056506682584111276 0.030212761088481362
0.05522111980494567 0.029182192671103002
0.054203628593605974 0.02887202683155963
0.05324551944567701 0.02739169771687732
0.05237039771292583 0.028024342701969077
0.05125858085659407 0.02734765573211287
0.05061259383151268 0.025962418247200646
0.04956644581888986 0.02603181512275306
0.04873488146646826 0.025056808981474832
0.048192796293992334 0.025220369605687645
0.047465818493020555 0.024950342716124656
0.04716377532868609 0.024198154815625275
0.04640858123198141 0.023551071029428418
0.04609655487120997 0.023426578515659525
0.04574187608172841 0.022415618330045326
0.045196989868525564 0.02242255855706633
0.044982640825410876 0.02200902703163669
0.04457388519153641 0.021968571145521452
0.044146163878483594 0.02129719926207989
0.043877709262353154 0.021465211827489034
0.043623331671414425 0.021301076672240283
0.04327794180331787 0.02115373643480975
0.043191095176471885 0.020772860120584838
0.04294410084160309 0.020209790034746773
0.04262883293455451 0.02050980852331735
0.04229083589873551 0.02009235912779521
0.04224909799785248 0.02011604976670911
0.04213350359575104 0.019918601252026664
0.04237524538074389 0.019669165770578072
0.04203280019648846 0.019591618916034614
0.041475847961692715 0.01965409309720327
0.0414268369311273 0.019239614809362295
0.04129988035869256 0.01913055506236397
0.04120950489934103 0.01922180974190577
0.04102142339370992 0.01903056508347995
0.041265626264059406 0.018776132800415967
0.04098229022129773 0.01894670782819198
0.04080664342125262 0.018717936582735576
0.040736947782242246 0.0190062581049336
0.04078046685774137 0.018155678392868486
0.04050256531280031 0.018251469979464047
0.04030861838000598 0.018054834709416982
0.04056757818628773 0.01785070491127903
0.04041840481218988 0.017539770333025593
0.04045863924847761 0.017804389078330082
0.04012501853953794 0.0179194517305889
0.04042851728742964 0.018130443533212446
0.0402622072898076 0.017923172695678474
0.04011766640614275 0.017633471489795553
0.04025192723093461 0.017633509252398854
0.04023149639199141 0.01763097511198446
0.039919869837887825 0.017229609888139832
0.03997669984196959 0.01717273805890379
0.0402159206903082 0.01736775088567331
0.03974867836843486 0.017602480530464884
0.03979788092315254 0.017704001243447003
0.03996101640795074 0.016852292699276062
0.03971698112123448 0.017436739115911426
0.03962646920092446 0.017196003868530554
0.03954730269258443 0.017017363827620924
0.03973647109777967 0.01685881349166754
0.03941395639561964 0.017349491318312767
0.039580283151605 0.01692303149591007
0.0397077089582128 0.01688040291144061
0.03928434721367599 0.01662276080709602
0.039306803420529425 0.016966652697380596
0.0394339946100507 0.01707702469484364
0.03953822444776692 0.016673829333403306
0.03926188143061494 0.017147380470787024
0.03907819301022647 0.01670570771391155
0.03928490981587328 0.016324768012459676
0.039487336480509276 0.01680515283237651
0.03912201373626542 0.016477467842230174
0.03902331176439404 0.016661193696605837
0.03928147674544387 0.01653025591565207
0.039057151688047916 0.016794027699711087
0.03892436799328041 0.01649798911979558
0.039169870833813424 0.01645450413342982
0.03876866603964213 0.01637796338253146
0.03907548773157568 0.01644623277464245
