0.2025017404690932 0.11896040180693425
0.2000119963670772 0.11685661043343208
0.1977683463214818 0.11478890687870313
0.1954294952210641 0.11290221455496109
0.1931764227415575 0.11098757387261783
0.19121297519708974 0.10961169204738902
0.18899701791457482 0.1077423797380726
0.186868850138257 0.10612682643441038
0.18483469603687833 0.10452253235748475
0.18272020228050478 0.10276027446000618
0.18056213934293613 0.10121906659693358
0.1784429918234723 0.0994168454613161
0.17623523129240862 0.09794055896889924
0.17397298534574052 0.09640104592710913
0.17182668129927242 0.09460817329614543
0.16944247994783496 0.09298537652063252
0.16715958891223134 0.09123354663180934
0.16476437556994233 0.08960500689500796
0.16250601733482703 0.08803750771197659
0.15991157313892376 0.085976831728298
0.15764754612243098 0.08467356813725625
0.1549892515308774 0.08269093489537274
0.15258540095750314 0.08115481149614764
0.15014061450509394 0.07948765250368932
0.1475781433852369 0.07783743632653597
0.14497222756755962 0.07610932853814777
0.14226622711650846 0.07467251950706912
0.13965152085743843 0.07284425533741322
0.13721432789089466 0.07116983668054419
0.134797368260585 0.0696550172927905
0.13188101963298166 0.06791480826454446
0.1292847464890326 0.06684236961664308
0.12670008860152082 0.06516297444632671
0.12394395007734056 0.06360038700650258
0.12132368036897945 0.06222309103103168
0.11864120727577365 0.06101162846028531
0.11636139002196423 0.059794180039850105
0.11362670094083385 0.058312663350545524
0.1106860206012708 0.05723722368151972
0.10847298389024258 0.0557235377729677
0.10608148589791046 0.054857500290170676
0.10354784704279593 0.053460551944350794
0.1011490811365018 0.052291384340386785
0.09891364699364606 0.051521012502210826
0.09682343707101114 0.050694765536912476
0.09454201110897298 0.04898550049087206
0.0919008664962151 0.04841629962091274
0.0897344823238204 0.0472376161891747
0.0876069561156652 0.046543921520231804
0.0856312996248186 0.04532141562354915
0.08372649332554616 0.04470687558552297
0.08194562458939637 0.0436798786585686
0.07997185450046086 0.04298065153161755
0.07771785797128716 0.042365998145671206
0.07599653059088926 0.041229588090635504
0.07439970094880079 0.04028758861000647
0.07234214397295163 0.04004680524245142
0.07049517456476016 0.038696739755420664
0.06901730315080061 0.038451681552019314
0.06725570061081886 0.0375519500505726
0.06595945522857752 0.03659515596760175
0.06475440828187509 0.035896862611612075
0.06326361932386453 0.03501255452358811
0.0622900635761492 0.03501348829454949
0.06117263377404789 0.03338545862338886
0.059900969070515966 0.03368179326686582
0.0587133114937147 0.03268541916967661
0.05759310954261208 0.032424181900051405
0.056763772572474606 0.03149089131795521
0.055209070977126316 0.031203799927491876
0.054358796860904654 0.03076778826124895
0.05363421743851977 0.02992720548280946
0.052844758238731075 0.029152097320826516
0.05210634201045017 0.028286440363190054
0.051581524889933714 0.028285045104267995
0.05072385358855311 0.02811847493806238
0.04961127385024857 0.027536786905564645
0.049102246967048756 0.02709862702635855
0.04858451103543203 0.026619089758771444
0.04803202987876775 0.025907019232961456
0.047296232589180656 0.025688506032959243
0.04675437560977702 0.024748646669013365
0.04590513087530887 0.02495241924187384
0.04570666128540997 0.024524509253162862
0.045170832174042004 0.024723075917975658
0.045168471777742095 0.023920745363832575
0.044510040905619996 0.023109778777676754
0.04418741830060353 0.023267553685029405
0.04412067127257707 0.023208780089662737
0.0436881154841078 0.023450200364578726
0.0433891830228884 0.022933725168817153
0.04322555920230134 0.022847497087930005
0.04268056141159397 0.02268241933600659
0.042598881166408455 0.02263768738894063
0.042410030311127236 0.02222976981433913
0.04225902718962043 0.021730314348542654
0.04224561649989214 0.02186541562372187
0.041877078680846995 0.021711630833035102
0.04187523058151279 0.021917633931038866
0.04182993778435833 0.021493289004293144
0.04142035396636973 0.021474037399804757
0.041442167283899926 0.02132787255798923
0.041503360438279534 0.021061519788776475
0.041365978670673834 0.020915238900280776
0.04127016477462151 0.021138012092949268
0.04114934408369205 0.02052580378356653
0.04120585474804871 0.020669022928837714
0.04084324904059705 0.020593069027285717
0.04076583474491097 0.020314624463875133
0.04069625332619577 0.02063188934056296
0.04065049611029671 0.020794203562242302
0.0404747543119509 0.020677244701189836
0.040427632566750665 0.01998828095853392
0.04024073993071217 0.019635594856793864
0.04025930231703012 0.0205320230759957
0.04033878016404534 0.02058515086543404
0.04034731685086631 0.0196600334780099
0.04019409696772288 0.020505966548157277
0.03998731571864214 0.019670182165004865
0.04003742985266071 0.019782249523550115
0.03993778569892091 0.019991167282358176
0.039772134235670546 0.01966418552027602
0.039909369974701916 0.019302736544803044
0.03969180655023092 0.019112349821562305
0.039522801217592954 0.019372364552905714
0.039467746051157535 0.019582055506454917
0.039330943610027064 0.019237220097566437
0.03949181203899019 0.019395013896239113
0.03942721953091294 0.019212411746229854
0.03967442436206292 0.018863499860355362
0.03925444857618597 0.01936918001610102
0.039294647130616076 0.01894944187268209
0.03894953851906304 0.01991213544502164
0.03922825918924782 0.019323820607334133
0.03929255724626535 0.019307825056790545
0.03917906431707425 0.018872359889448426
0.03881191017861871 0.019129756823587973
0.03893562271410221 0.018977977211584167
0.038978203210031724 0.01853238899546712
0.03906985170084891 0.0191288932203867
0.03869619569996887 0.01877893691439067
0.03866543394291629 0.01903318979312558
0.03881279353179788 0.018872359889448426
0.03876866656932705 0.01871053684208981
0.038613474103474564 0.018585553218165515
0.03874745651738263 0.018555959965341876
0.0387213293721319 0.018904643805996033
0.03868224877416433 0.018748253362525426
0.03867061197252755 0.019038697962293703
