0.20717593871552334 0.12196403777130138
0.2037274284069032 0.11908759393163858
0.20050767283759627 0.11644121712817833
0.19736008896648594 0.11396776263782762
0.19424956934867593 0.11134852320007728
0.1914590838269095 0.10929254620218891
0.1885791222816478 0.10660636155126153
0.18565283041976072 0.10435018668976946
0.18293942780159714 0.10263868309985633
0.18034813386472576 0.10048268157735762
0.17759323539775854 0.09834409133767633
0.17514503787153268 0.09653626232353166
0.17272814927977173 0.09423199915711533
0.1700255858454149 0.09238311863244514
0.16763576643657668 0.09074428960945663
0.16506584391698098 0.0888564356608243
0.16250783490737467 0.08708594842722756
0.16020971691198138 0.08525791254578381
0.15785033354758468 0.083591738879909
0.15554240273357692 0.08179164289888377
0.15296891191630324 0.08039531754268167
0.15043719512157688 0.07828092026984555
0.14795201007963518 0.07668759124447601
0.14554319811864 0.07519215019436008
0.14297531873723088 0.07329402805329698
0.14036276848946055 0.07168494596252123
0.1375621536065437 0.07002314106174895
0.13501922353228626 0.06812825031871789
0.13211955961221122 0.06626776227216943
0.12969814350296638 0.06475798189328631
0.12677462378631837 0.062461706870360394
0.123975227112555 0.060808193056644026
0.12113618588421342 0.05913989878581069
0.11838962303735955 0.05737892504313066
0.11546850137022631 0.055263804957576844
0.11257104365570486 0.05380137412650209
0.10983447587922855 0.05219807453746789
0.10687714366442225 0.05042287307680795
0.1039430821221073 0.04846866385773141
0.10123296003567991 0.047221923530496236
0.09864504255252535 0.045570131711783785
0.09585747305896884 0.04378940817455264
0.09329018839383939 0.042705927855127244
0.0904361161911392 0.04158465665460505
0.08790131070863783 0.03997904512783411
0.08551378383513575 0.03847115681753554
0.08292513734492869 0.037508585526942376
0.08064293280611544 0.03675285294179674
0.07831827319869264 0.035638485665688405
0.07619043110714531 0.03446024513045324
0.07404147658766992 0.03393446797072285
0.07192047852943777 0.03331402094677241
0.07039517515507131 0.0323390103681957
0.06837929799536874 0.03162231232720524
0.06670223645550939 0.03113040904141768
0.0649147687159899 0.030356999433484903
0.06332802731305497 0.030007184652117894
0.06187985480328167 0.02940677973668528
0.060295151742434286 0.028668564730344938
0.05911531617726505 0.028170291657482693
0.057897054266671084 0.027873664731059244
0.05673105544720208 0.027078905573957517
0.05556563695571566 0.027003084645791157
0.05472526448375865 0.026302386808378778
0.0536089628424338 0.026144372507571675
0.05275662410339806 0.02536789891778779
0.051904213422876884 0.02499810580549569
0.05110680440602654 0.024667636893925787
0.050353553072941225 0.024511033672358008
0.049518782444650716 0.02382932295578359
0.04882865736699228 0.023291699108202172
0.048162311348322336 0.022860084249349637
0.04746352931191557 0.022924276396440155
0.046991003247227624 0.02275224696962894
0.04637506902545723 0.022100838581804033
0.046085490158251315 0.021895094725031837
0.045687807218919435 0.02141967396086743
0.04522442731508084 0.021898611793531354
0.04468084224717114 0.021265217918255155
0.04429082827018751 0.020885285497417604
0.04407475921280744 0.020924361231268097
0.04388617180286667 0.020904628709815014
0.04366012685950515 0.020185132426943194
0.04340032697117368 0.019964135095907894
0.04304769858612535 0.01980141055413714
0.04282660801306135 0.01970274396077219
0.04255484185765117 0.019219268618124945
0.04252086629212586 0.01942123365252743
0.04226420305255972 0.019318091998072044
0.04207831584637258 0.019059177559454323
0.0418714648913273 0.018749670216697552
0.041707759643151814 0.01904434262564356
0.04162145863721417 0.018461562913703985
0.04168299738386227 0.018650371162204617
0.041448132414385414 0.018523605224439302
0.0411390909773176 0.018163344204861792
0.04111077960474619 0.018207482285135843
0.04102627233984559 0.018341589289565238
0.04088458598231475 0.018138308842312538
0.04080841913362653 0.0178825859407314
0.040852926932620715 0.017988459402075715
0.04063144787553532 0.018202583368793674
0.04033755731530184 0.01759336385856477
0.04050890754533042 0.017899751414076785
0.04025081027215445 0.017383296412484896
0.040438563160864076 0.017623621011519423
0.040340617226482696 0.01752640004358986
0.04015252141669245 0.0178534980436436
0.04008154874325323 0.017629058051300314
0.040150252861851476 0.017636112118797075
0.039882901515597986 0.017159054396419068
0.03982876314975248 0.0173427909975972
0.03979653816037296 0.01723027536570922
0.03967748219611303 0.017766157287788988
0.039697915976028404 0.017460330443613125
0.039570500411159976 0.017536960549987348
0.039508036017399176 0.01714821752045305
0.03947796927258295 0.017413007469801733
0.039400864786534456 0.01728675573887787
0.03942474216555305 0.017421036802987445
0.03944893368905808 0.017169430213537586
0.03918391084888344 0.017099599064289175
0.039197603711612794 0.01745465025175992
0.03902869229794073 0.017283717002323885
0.039236715899198735 0.016965403036969914
0.03905684300119465 0.017042652317473633
0.03908621910775062 0.01715839403259426
0.039135662092646205 0.01684805890983175
0.038962144025856266 0.01735180356867095
0.03918752710755172 0.01695718635710554
0.03894970534302314 0.017248746951005884
0.03891015910847502 0.017156779662278087
0.03889616169345729 0.01720555357632426
0.03892896701081939 0.017031298577266468
0.03894048963873787 0.017024760045311005
0.03877371728523299 0.017344147600142724
0.03900104998118394 0.01708084047982519
0.038782633233328916 0.01695268870811768
