0.19624494248989266 0.111693285270837
0.19390410954703355 0.10958542280198819
0.19153747923944617 0.10793736637235421
0.18930083238474674 0.10614446803846281
0.18704358213696937 0.10405595713417246
0.18484212396105235 0.1023680075346094
0.1825715725460228 0.10068416411190277
0.18018729040120307 0.0989586799818582
0.1779421338660138 0.09747339111628316
0.17570853439689518 0.0956813826327288
0.173333816059653 0.0935979856876043
0.1709514888414323 0.09200110101289412
0.16853065723558966 0.09039484610692407
0.1661927950145232 0.08859972850773427
0.1637676319046474 0.08697475458142126
0.16130398357309678 0.08522665431540104
0.15873726077831532 0.08330725785950126
0.15626481527706906 0.08193630940169122
0.1536954859134889 0.08016847161193022
0.15115259597386316 0.07836755390391709
0.14843432803576334 0.07667518185538984
0.14568325757928877 0.07490112583435798
0.1430954043278855 0.07367997242364527
0.14018080042821326 0.07150016073055726
0.13743178072807294 0.0699920466677828
0.13479430683975918 0.06779055693395399
0.1319941140609974 0.06645499342840165
0.12899980857052087 0.06478642755666224
0.12622130206084528 0.06348717101696985
0.1234276544530008 0.061334355024468094
0.12077773228207858 0.0603844880345792
0.11778798828699978 0.05839788643605634
0.11506991200837045 0.05685515933938883
0.11232109355067416 0.05565360407826772
0.10983168618628933 0.053802345499681624
0.10689201322787667 0.05263532822483478
0.10429744231203265 0.05155923114014744
0.10180845659848292 0.050362323470846876
0.09922206954202893 0.04880878415652995
0.096991843279591 0.04760311735800819
0.09451513335512629 0.04677554046293145
0.0920118785939984 0.045838260030821844
0.08990230196823543 0.04446238255262082
0.08768338361455655 0.0433185898355162
0.08563666171214158 0.0427747733476144
0.08345274037777461 0.041373835325282965
0.08137965571519341 0.040578003572952805
0.0795135009914161 0.04003704961565327
0.07779745875641522 0.03876046281737852
0.07593490243919641 0.03764522035867787
0.07412384023021215 0.036823671395552926
0.07236405172107138 0.03608654564301829
0.0708835302263851 0.035047286218066596
0.06926183715722087 0.03401904539171598
0.06760841486271663 0.03317444876880736
0.0661086267997591 0.0328870324704887
0.06470931621420721 0.031793829889262305
0.06360446644763311 0.031019174966790356
0.062228447279232824 0.030378051200315902
0.06083403359315202 0.029564862005869323
0.05958180727674278 0.02903764176280767
0.05837550256946353 0.028321100499997254
0.05743881961378623 0.027842044746563762
0.056188107407193884 0.027133029687808768
0.055293728488141035 0.026742457757196338
0.05444821794257698 0.02573100347500494
0.053319607193148585 0.025326770197501316
0.052759070322772945 0.024689382730333578
0.05159407781435833 0.024687262635102868
0.051066568662235294 0.023977566787234596
0.050241067365390656 0.0234146131565423
0.04951916280383393 0.023541505278549316
0.04895060019313142 0.022892019063124398
0.04826276310245471 0.02280136153963063
0.04771257584348566 0.02229793541213236
0.047035792712769614 0.021882806828544238
0.046863303980813203 0.02192284339303064
0.04621519310688282 0.02141739768050539
0.04612266470601584 0.020977737906526517
0.04557285597450101 0.020863851804882365
0.04513458347183925 0.02054907394883588
0.044777205640185565 0.02057506186711271
0.04473723026612761 0.020080921542303183
0.04409032205537456 0.020229913847906695
0.04403008827528556 0.019505971013693488
0.043635293723505 0.019613025101755995
0.04343930754046622 0.01959489976168307
0.04309673540290807 0.01934668244281972
0.04303063205153524 0.019355854333944236
0.04298839988721224 0.01948187536751891
0.04283279156311944 0.01919381446376032
0.04246058887142318 0.018653471608499474
0.04278496773374482 0.01883151270311745
0.04232333194163003 0.0191590459740855
0.04217117827949286 0.018698516261403807
0.04218220349053294 0.018830908301759014
0.0420497524219624 0.01838199086794844
0.04197597310879634 0.018526281976289413
0.04165110551482493 0.018481619262159257
0.041564302940638925 0.018277543344502708
0.04146157825594175 0.017987591508777913
0.04166212593437825 0.018104483535581663
0.041188468301976824 0.01795314867216318
0.0413017438405246 0.018188067821004825
0.04147955112278718 0.018124911229388065
0.041337191259592176 0.01779942836657614
0.04100556766928591 0.018388004058403688
0.04121510896837527 0.017789873196541395
0.04112648562921958 0.017534153796071518
0.04101657371437894 0.01759823374142656
0.040896441558274294 0.017521911653257016
0.0411949032686986 0.01737654977621229
0.040833371218022003 0.017477770252050214
0.04086356716759808 0.0176838483329651
0.04087043336812847 0.017637273244691946
0.04073144671161413 0.017461148544625115
0.04070833737095951 0.01730165895334388
0.040641443424270896 0.01762538355765853
0.04047474759981012 0.017574663428583485
0.040675870256658093 0.01749224640165966
0.04062742353400438 0.017395593109479295
0.04068762856517281 0.016997592804743077
0.04041800681357084 0.01762210156447268
0.040535733643320804 0.017636410197075906
0.04039202258085883 0.017606797210784488
0.04045620454603998 0.017531851442338042
0.04034129990199301 0.017544671183789988
0.04020727722576443 0.017419743701231914
0.04029415646373864 0.01759322297273653
0.04058730441534355 0.01730909402814792
0.04011263098774851 0.017504999136309117
0.040087648175769826 0.01749522954450641
