0.19020082450391965 0.1078372745619107
0.18709419785031847 0.10492215905616216
0.18396764759921608 0.10282134874035426
0.1808329824534542 0.09992699452596847
0.1776845181589907 0.09800884448385519
0.17481615170259676 0.09536294168561532
0.171828147966683 0.09303367029748932
0.1688734459211171 0.09099229895078166
0.16599011284296913 0.08870266621020781
0.16320670397476728 0.08649695816677971
0.16022260457496326 0.08432059499255026
0.1572741131032582 0.08207507456691425
0.15451857047709455 0.08030497359754436
0.15167304630083292 0.077919184154218
0.1488242685111465 0.07590808607127568
0.14585306873162665 0.07385447186054528
0.142972778738976 0.07192280309053105
0.13996883229728074 0.06979686097092655
0.13703434093275355 0.06787943844268424
0.13417230945308672 0.06635748485381271
0.13115363562591867 0.06419452639411637
0.12842800710436061 0.06204710089848615
0.12516945584272415 0.060238170233554975
0.12253462227462028 0.05827804155524484
0.11941439743079373 0.05660364123515611
0.11651830827413033 0.05495360720053705
0.1138344599767271 0.053293572564796075
0.11058109535766782 0.05134607222427615
0.10777764805854972 0.04974920642352618
0.10484308013841254 0.04805835017401263
0.10209131744549241 0.0462506682269197
0.0994359382655561 0.04485485685654243
0.09670585994916707 0.043478807803257316
0.09399940860791278 0.04192012019310955
0.09149903539931406 0.04078109950235445
0.08886939804323861 0.03967573175733994
0.08604245774130329 0.03838067291428071
0.0838584697299118 0.03724023520023961
0.08167549608035277 0.036110810634611
0.07929277927486526 0.03510958052809776
0.07738845847623714 0.034127534528025485
0.07480871623897599 0.03273614524755798
0.0729965157628001 0.03185548427753486
0.07118655453821655 0.030671561322079034
0.06897277204036012 0.03007738608479224
0.06730175446319206 0.028968730954338363
0.06540934763136942 0.028447616569004627
0.06377609110883145 0.027689921730800236
0.06214196376622979 0.02658256961026452
0.06030443295259676 0.026517321388612458
0.05869526752357913 0.025045881150901752
0.05740811891382901 0.024543630548737434
0.05604470177762126 0.023995332118986003
0.054612169279764824 0.023205463794218943
0.0536512576172832 0.023159467544107755
0.051986976933794705 0.022396528090982755
0.051124396167626165 0.02215550518867236
0.04994714313602401 0.02149642512713902
0.049058844469622734 0.021293125719261476
0.04808484658255757 0.02105752659573544
0.04718772009737873 0.020638900726975294
0.04668338609290789 0.02053897615387609
0.04585208307814797 0.020305156453269548
0.045313337326984324 0.019951371615562038
0.04456181004256492 0.0200291816672064
0.0440984045810877 0.019698833363099872
0.043455595832312593 0.019390919903719727
0.04295021397292994 0.01920039677955018
0.04268468083966193 0.018846632301372644
0.04226272067154581 0.01929931151996281
0.04190627775140862 0.018902911471421344
0.041408235661134246 0.018932174902500112
0.041452767102523276 0.018733602977481903
0.04084541317062714 0.018418871790165367
0.0407594125122489 0.01831643213646371
0.040614387478564426 0.018314617423692264
0.0403723329939368 0.01840647826562083
0.04021913086415973 0.018157948125959014
0.04004494053542994 0.01784403946365332
0.039781469618906176 0.01784441543630679
0.039613619051629106 0.017890061502502472
0.039419849625643065 0.018138481700702445
0.03939792122810509 0.017679959297010512
0.03922846299301813 0.018203488322598847
0.03903916489312837 0.017954135657926192
0.03891055625306222 0.01810694343147488
0.038902257146466196 0.017923869180670838
0.03886614682217663 0.01836843037601044
0.03866137013489099 0.01817372811898878
0.038681956416891226 0.01765957126369724
0.0386406594500245 0.017526065681863354
0.0384705744158807 0.017808848694748906
0.03845979442904826 0.017866876069771144
0.03848792861572146 0.018000032824991522
0.03835136536930426 0.018052610632491438
0.03845138288140005 0.017916637475625028
0.03840104278310265 0.01785839700418909
0.038469493067889514 0.018048236048151603
0.038507555560233955 0.018360917709451027
0.03829203716392087 0.017790121999081292
0.03842078216866732 0.018016285159116623
