0.08304617478769931 0.03240805496612328
0.03805819522654396 0.013613535823892827
0.03584949560965355 0.01263097985928316
0.035452382250185085 0.01260278602992559
0.034726579928697855 0.012132567442283205
0.03475473637313318 0.013313702102345545
0.034520600491037286 0.014387638172286547
0.032982175555787765 0.014391614034948404
0.031952524954830946 0.014373818408142705
0.030439833683490555 0.014958504887041911
0.02945245246293931 0.015026752700522445
0.02934220397873806 0.01684390400668558
0.028404386814741906 0.017602978187629816
0.027459552684617024 0.0187343970317817
0.02648871436271794 0.019163444941174928
