0.06835865558514556 0.030331669099569237
0.04063461330089482 0.017993279925126806
0.03698509608389689 0.014895255455195136
0.03723103044993394 0.014912911218784694
0.03720497804000545 0.015182119095130318
0.03656975870403726 0.014583751076565765
0.035755110109225205 0.014756365131310411
0.03593033318922015 0.015383107535144006
0.03573403605008938 0.015346180308948864
0.035835046691750645 0.016393721954866554
0.034678747982568904 0.015257401899857954
0.034275487180065664 0.015069347024171538
0.03359714611772282 0.015845984044036813
0.03260813774074115 0.015825858227428515
0.03141694741111946 0.01615661945296513
0.030375704719607006 0.01642204053474195
