0.19002978507006413 0.111847371584707
0.1808313588470062 0.10389169737161923
0.17152533435520406 0.0965110181350263
0.16228540484834963 0.08945641897793939
0.15321626700428034 0.08224746248252994
0.14389808072880916 0.07589402315956724
0.13480292432865423 0.06942265122649482
0.1251964942040195 0.06279601565262065
0.11580761636394614 0.05689366141540624
0.10646223365885289 0.051344285020563575
0.09765555093684422 0.045716448725376196
0.0891994723279776 0.04063651004148621
0.08163447898995371 0.03604323960496951
0.07423769173865932 0.03213088285254994
0.06807939062990302 0.029334664576589294
0.062309897914562457 0.02602803886242294
0.057603177508261584 0.02354887810110814
0.053108330695407345 0.020996289306338525
0.049622816165006176 0.019932635453810684
0.046729599651701835 0.018246156241713805
0.044436112292602324 0.017618885684270457
0.04250152683054188 0.016581792428507408
0.04131122337661064 0.016415048956302063
0.040115945082824234 0.015797885289899404
0.03914527195050648 0.015822228682384656
0.038798234974700425 0.015509485545165973
0.03835897433147346 0.015211202787682848
0.037988123721384756 0.014889613760640854
0.03768215910003261 0.01527545046254226
0.03754904981420625 0.015146941626179402
0.03718741390989356 0.015241323858473186
0.03722070559566156 0.01484920777510855
0.03685556240531046 0.01502256509754922
0.03698681630091172 0.015357864646918365
0.0366295926342569 0.014989838407131098
0.03656073012530889 0.014945920499491781
0.036425296215084384 0.014903058596080493
0.03632515541801908 0.015275071487844844
0.03617025547176842 0.015476027878641092
0.035978003527721666 0.015499883054612234
0.03591897578399263 0.01543922687305965
0.035963811588038595 0.01549543785673792
