0.19120479465636295 0.11145177912271965
0.1822297778047894 0.10352998558796478
0.17300661078942717 0.09670456076116771
0.16402802564017563 0.08933353988769702
0.1550776031844256 0.08271497768294475
0.14638538351603017 0.07613889135495581
0.13712565104166666 0.06957278090543093
0.12792311684432953 0.06351385113255399
0.11883211113382544 0.05769248757782567
0.10957832582225857 0.05233182677903768
0.10070873681955249 0.04662558177920095
0.09228083016867535 0.04192515193523326
0.0844973465678041 0.037602463486052604
0.07705223734566537 0.03406121530669028
0.07058051080987005 0.03079258444748536
0.06468624898552913 0.027892805981079655
0.0596542682135122 0.025347301412733204
0.055274043726917334 0.02336385813958551
0.05156046741323128 0.02166034269316277
0.04831208872491602 0.020198762229991184
0.04566987460464796 0.019086035898195994
0.043620333625857 0.018725531726546174
0.04219735982038494 0.01809967822291136
0.0409740859863051 0.01787408093299985
0.04022230705562186 0.01726968327452189
0.039512719408101526 0.017726139505745767
0.03880660413627858 0.017550914555798422
0.03847522007188163 0.017175204743080045
0.03822927131754749 0.016875749014678712
0.03806175556869303 0.01703741192527035
0.03783970817387263 0.017269198299077113
0.0379081557011728 0.017302273624410867
0.03800877785881267 0.01698855430313371
0.03787835753790223 0.017424405057103905
0.03763950221403279 0.017400877768882928
0.037767054467723556 0.017319154755988633
0.037772888922193 0.01814036434097848
0.03779233230765878 0.017426759513235808
0.0377310573464573 0.018031183745710746
