0.18822845755829345 0.1089215759342114
0.17935961079066323 0.10091720489296847
0.170544617446119 0.0936443381483242
0.16189306119709954 0.08675565068528641
0.15341164499455798 0.08021774804756589
0.14501028117768475 0.07378963096680724
0.13622633207169751 0.06772089156321852
0.12743387021799987 0.06162016105854262
0.11860972255758256 0.055682646161387406
0.10989344452928891 0.050435333737729925
0.10102370722674635 0.04503911992961288
0.09271087024067501 0.040298893715663135
0.08508882022854075 0.035735101635733554
0.0778805577422071 0.03216189751154465
0.07098796115536506 0.028910682443430535
0.0653954832988508 0.02619166554686118
0.060178677116324616 0.023864810863990095
0.055838071106742236 0.021874250014594893
0.052000267811617505 0.020441418955762097
0.0487924365739969 0.01915031462791829
0.04606983674369264 0.017897279008690613
0.043865528232369784 0.017458722411763935
0.0426165673812804 0.0166655136664343
0.04146071530675155 0.01611465087070202
0.040384944344823696 0.016063364984966397
0.039569264637253146 0.01587015131062149
0.03918137922906412 0.015711036468926867
0.03897845935851457 0.015449689899521495
0.038294617120547096 0.015874142776667377
0.03817470372190736 0.01566767009442292
0.037842330717165196 0.01568540364640907
0.03793141772315388 0.015851593287454127
0.03757216349117876 0.015777972463925566
0.03745522093615788 0.01579538891161125
0.037544975843330816 0.015488870497259269
0.03752884806455547 0.015967526619705075
0.03746994827696624 0.01627850473496363
0.03727173722946124 0.016250262211521985
