0.188759145223294 0.10748693056439926
0.17994861686259886 0.10012558468527688
0.1710611755563951 0.09308826226080823
0.16253562566237514 0.0862993045701684
0.15398236180892194 0.08015039049634694
0.14539916074617784 0.07369277340319251
0.13669062397270523 0.06773743394094173
0.12801556052575414 0.06194746190668639
0.11919919613418248 0.056385393409052235
0.11031167816419053 0.050896255115245696
0.1020058658530901 0.045874143513690055
0.09377941972872059 0.04108021955759815
0.08602765661491964 0.03713255935366075
0.07884389550787 0.033637696277397953
0.07239737651150324 0.030562585254094943
0.06668440538952564 0.02793822899112671
0.061723621025442564 0.025521918128794407
0.05703554892192315 0.023441498965972467
0.05322856415317793 0.02164416076134823
0.04992265869557484 0.0202969018884897
0.04717000704846869 0.019291115041652714
0.045035327823557986 0.018408327221598207
0.043320790115400465 0.017612803700559485
0.042220832456810686 0.01742841438147382
0.04119560761725266 0.01690748875743786
0.04009640461782795 0.016671191948737073
0.03978254546469295 0.016835433662450733
0.03914152838691417 0.016490324507190162
0.03900378512121465 0.016041923025758745
0.038641716424020665 0.016183620970843443
0.038334685139521964 0.016482618724904075
0.03819852306445401 0.015854500978792485
0.03789084013775563 0.01630695503163836
0.03785528251449252 0.016267257521572546
0.037597196267270816 0.016132706522041185
0.03751679272365587 0.01616618178042799
0.03739959056170638 0.016637817200553996
0.03714884008071777 0.016201652501392882
0.03726875901566149 0.01605612846788614
0.03710375219028443 0.01639915639186144
0.0372656685066998 0.016406943922446564
0.03692287835649397 0.01630542995681374
