0.1853908099375786 0.10679128468140456
0.1764821327277817 0.09906928508549939
0.16767962196610287 0.09269907282686782
0.15907097911939633 0.08572480704301909
0.1504313534729589 0.07944356984105604
0.14207483196003753 0.07313601375248988
0.1331638909914987 0.06685699813667385
0.12437928886359619 0.06109043016370603
0.11575292922707449 0.05557061238224105
0.10697631740015519 0.05054712777185922
0.0986039016150499 0.045104672210385104
0.09067028093015775 0.04068572742936504
0.08335384145278367 0.03657559375238103
0.07631385871567067 0.03323581101627808
0.07018380147864117 0.03019638619577374
0.06462442726903829 0.0275567591875449
0.059863507625874196 0.02519253976915573
0.05570478138076084 0.023425552330960466
0.052185629329534515 0.021833864249904078
0.04904454417260923 0.02046892809892772
0.0464853649148397 0.019499692049893467
0.044636593437524553 0.018921484394133277
0.04284762451900882 0.01835192790308799
0.041945272059292986 0.01829599362555716
0.04092511781521344 0.017790637253801485
0.04028501605043317 0.017961751206416944
0.039739088088147544 0.017881670466535642
0.03922509495125015 0.01788709953411744
0.039002608713368546 0.017911796078205276
0.038805359548580415 0.017502366520726526
0.0384395514833989 0.017547215455419634
0.03859776999428458 0.017448067872709448
0.03816163912708235 0.017774651665921744
0.03820589992697652 0.01729504151113438
0.038006777885517345 0.0177219062680278
0.03807218708408229 0.017554820933353605
0.037972703999961936 0.01775049856007203
0.037814792439414144 0.01770399406536744
0.03790600704880756 0.017995165350212117
0.03777093451183846 0.01777244469547305
0.037912354685873166 0.01798236997066911
0.03779283350000737 0.017806702563672148
0.03772734756385795 0.01750186427218372
0.03763101311875049 0.017717661072011195
