0.18319049847408395 0.10309606592663138
0.17450207636203952 0.09600691776084666
0.16603410097295546 0.08941232804231897
0.15787278073665928 0.08297569211915949
0.14960680484650069 0.07712429360892763
0.141320934703305 0.07090396100474267
0.13294249303586148 0.06521218341912491
0.12464986689633094 0.05968316267647769
0.11625689744102408 0.05438660193302081
0.10782953469373736 0.04918580731167937
0.09999542508843935 0.04444468203567566
0.09221453931809707 0.039898827983481634
0.08487962596964359 0.03617233579237935
0.078106897763012 0.03291009621190497
0.07196540960542068 0.03003840443959413
0.06656576338580407 0.027611131264374835
0.061870758000939594 0.025375875462636407
0.05743079387345936 0.023549095809135123
0.05382552111443389 0.021948702658246697
0.0506524548358291 0.02102983971586886
0.04774632228475262 0.019630401305777107
0.04580133802076178 0.01897506405635896
0.04409462960197388 0.01823414571880352
0.043098671163560046 0.017661805775218746
0.04190285981229025 0.01782270116921617
0.04118368160670127 0.017731494189942007
0.04072567297006555 0.017217888389009804
0.04014980813353728 0.017062901654855744
0.03977859009237066 0.017227210375371893
0.03921250707606765 0.016577705398042278
0.0391559028472011 0.01673459914579514
0.038769035810268776 0.01653202686078641
0.03851683350879119 0.016616368323077682
0.03845575163554526 0.01654155120769201
0.03851633758991129 0.016437173371320866
0.038519095090543 0.01622821265776296
0.03825237458417561 0.016386938371495834
0.038107932819982385 0.01671066297581048
0.03776421791283143 0.016482712534427558
0.037784116957355306 0.01647491026234589
0.03772195699958786 0.01637569328990235
0.037704077566734294 0.016507483609171213
0.03763279222242802 0.016784477669430933
0.03765418141933498 0.0167628693157647
0.03758318116849106 0.01630444361668112
0.03758637229867476 0.016291204412645602
