0.17332881272223205 0.0904438652588656
0.17279640736116023 0.08996391761431666
0.17274272942082156 0.08991034443641698
0.17274006278976112 0.0899014049438349
0.1727389884635785 0.08989962980083703
0.17273724268353174 0.0898994597272564
0.17273695491758997 0.08989930028327456
0.17273693573319385 0.08989930028327456
0.17273695491758997 0.08989931091287334
0.17273695491758997 0.08989932154247214
0.17273693573319385 0.08989931091287334
0.17273695491758997 0.08989932154247214
0.17273695491758997 0.08989931091287334
0.17273695491758997 0.08989931091287334
0.17273695491758997 0.08989931091287334
0.17273695491758997 0.08989931091287334
0.17273695491758997 0.08989931091287334
