0.16754273716927975 0.08731908684543731
0.15828850364404703 0.08090650269705679
0.14878674669279765 0.07431354940075442
0.1391060792809897 0.06738072225492295
0.12932921017577167 0.061205475933928014
0.11987369281295933 0.055242951411281355
0.11036898847072514 0.04914681950915095
0.10144403976298383 0.0441414806431796
0.09304175534358158 0.03970973760160003
0.08509371363608526 0.03578565536794915
0.07811532528478687 0.03292218248862386
0.072036948608219 0.03052170160847019
0.06670102737628614 0.028487608115076276
0.06205214968152866 0.026377728307317147
0.05830024536073004 0.02512697994528748
0.05435510511085252 0.023448874190743974
0.05121178439643557 0.02205765728763023
0.04908183029152376 0.021342555943427828
0.047189318195737386 0.020509206449152037
0.04527477243844929 0.019779210072822618
0.04397364286042381 0.019420479226634077
0.04286583055181284 0.01880466316628978
0.042226050534358156 0.018394239473504076
0.041504217257165604 0.018001057588000077
0.041337694451249386 0.018040206249530916
0.04086103051506614 0.017802090688100427
0.04073195297188878 0.01769697443485854
0.040963581539380206 0.01761855902652303
0.04065157915084518 0.01755583267198341
0.04057162160093092 0.017413875170607433
0.04045441974675404 0.017899003408065873
0.0399561121042075 0.017845106303023817
0.03975989768342724 0.017541229459785986
0.039812103824718274 0.017364238636537372
0.04008625185647354 0.01768845600751854
0.03966411465350931 0.01750639430400507
0.039579408263412545 0.017963016484899678
0.0394644025982974 0.017644464492458527
0.039459873855493634 0.01781148593253119
0.039416194095265804 0.018094236370168788
0.039341939938296176 0.017541173810404063
0.03918960623621999 0.017375253142251853
0.039272303041554386 0.017663469435035748
0.03889366377924424 0.017794273985893443
