0.1862365320479193 0.10739710038316347
0.1807908440294556 0.10236596403334476
0.1754579379485998 0.0979452116311461
0.17021653672389786 0.09367306374980655
0.1651990715148945 0.08959669471419571
0.16034274524680342 0.08567097046200699
0.1553240160527632 0.08202053052526419
0.1503612852261139 0.07824969890474387
0.14535226573531143 0.07451186232403222
0.14035624039371372 0.0714055085966517
0.13506370522888395 0.06759464896775237
0.13000126321898534 0.06392088634705519
0.12496873552162595 0.060411904614680975
0.11986959964308126 0.057390718355506055
0.11443657062627471 0.05418047316301236
0.10967312810710504 0.05115656115623342
0.10459990392181617 0.04817876016288247
0.09980412445211995 0.04547243823337184
0.09512614455760217 0.042945268089205374
0.09046765109906946 0.040326437260263755
0.08621972296205778 0.03805443217571354
0.08218689252113076 0.03614156727745291
0.07801590468541635 0.03363142091139155
0.07416617492541722 0.03210880210722636
0.07072128903951845 0.03072460810118528
0.0675865008159981 0.02885559805298931
0.06429671642733174 0.027579295074387326
0.06150698654323227 0.026398252926405807
0.05891737804765944 0.025509300272414995
0.056498340502554326 0.023853656888893647
0.05445158006556176 0.0231102834457975
0.052181903418979936 0.021955706687795007
0.05032164780443501 0.021586923832011214
0.048935568515955936 0.02098676818480625
0.047487395962540695 0.020439354404359053
0.04611805490015591 0.01970807410484074
0.045316195241103994 0.019618236432448265
0.04428196821161898 0.01936982367036197
0.04355903580003971 0.018421297238663308
0.04260495212484311 0.01853301240902804
0.041971164173117845 0.018160613214838913
0.04161840701574512 0.01835701412474852
0.04130904667797154 0.01789145913274203
0.04076973681993009 0.018024947898818866
0.04080145135358242 0.017578689040840832
0.04043599210415359 0.017558754650071437
0.040246250713960034 0.017696238930334167
0.03975282016128143 0.017589977953937477
0.039506082142787106 0.017441254687638175
0.039189535284027396 0.017290817708736347
0.03893275480865871 0.017496125876039086
0.03895473091214063 0.01760713667004278
0.038999147537849076 0.017311386308106677
0.03868409208567643 0.017298748015008043
0.03851248457172204 0.017176641269247988
0.03841537078196702 0.017292942982239483
0.0384106236563456 0.017169426134377348
0.03818229002603962 0.017113555055394965
0.03844825115030299 0.017248484959313925
0.03809253272495563 0.01729422219448137
0.03793913329848309 0.017153302392733574
0.037853574917389 0.017367369385629227
0.03791420550267076 0.017431162674603297
0.0376759993831753 0.017201433428024545
0.03773863127809877 0.01700718342983811
0.037645084415815225 0.017311919313207465
0.03758154762251309 0.017479590573494706
0.037284681106533865 0.016925182956497198
0.03727831569703949 0.017177499474929254
0.037494277595014905 0.017290210487735453
0.03746696067597 0.017461328064547775
0.03719676711696197 0.01732446314970596
0.03726313111921968 0.01717862890599092
0.0371254788396648 0.01700230677051092
0.03732457324034898 0.0172911914869969
0.03710464463175596 0.01749671555509996
0.03686906223877642 0.01725091519269751
0.03708899563519155 0.017111323180871673
