0.18658655096363316 0.10590924735900997
0.18096393290753243 0.10123323393311962
0.17542890322944674 0.09683978551304782
0.17019144404524758 0.09251988375938652
0.16495325655506055 0.08875692646637043
0.15986315475474946 0.08460152909308855
0.1547308974539036 0.08092683316030926
0.1497082693701794 0.07721890185349607
0.1445213987032167 0.07368057280459556
0.13922907699558906 0.06998642881746224
0.13417531383088335 0.06652917263902765
0.1289561868750368 0.06278416780853406
0.12362988394329087 0.05949428926216955
0.11830739503500776 0.05637777071520123
0.1131453730183944 0.053338695950276106
0.108033345374659 0.050350530273609036
0.10311453922610052 0.04726287289660822
0.09796597170431574 0.044650950415909614
0.09338602908256138 0.042141518860024096
0.08874953733403823 0.039727322732378306
0.08419879403261339 0.03737135551609433
0.08037991679372412 0.03584841954860959
0.0763432712729746 0.03363230088966165
0.07256942921816428 0.03223387160201536
0.06903944509063499 0.030431329649109926
0.06577951874000304 0.029341426482838023
0.06272015923375464 0.027515764502802235
0.060326011417691304 0.02641634101003288
0.0575853289045174 0.025374178850397416
0.055187702469064626 0.02410965863711466
0.05315687392824024 0.023190987334191934
0.051061321984230565 0.022914986314745082
0.04958276499911683 0.021964939746625518
0.048246711621800976 0.021543631795711976
0.04678457506182168 0.0208375127709605
0.04556885508305448 0.020637652921316474
0.044664164884489134 0.0203181752081435
0.043858586589602185 0.019652102128830774
0.04307628054591977 0.019540546523777146
0.042559973889847016 0.019137721729261814
0.042076426628768177 0.01900928040998128
0.041717965921106215 0.018852916015968075
0.04129213211807941 0.018676248560801093
0.04089025574886415 0.018454162554771895
0.04041545295112653 0.01888476434919048
0.040308487800644714 0.0185912008468116
0.03992987170391709 0.018425617656912134
0.040050940595683766 0.01842514324875052
0.03954540759759607 0.01865795034317775
0.03948217195105048 0.018438356990201098
0.03917233764679582 0.018082709005045258
0.038998715728220126 0.018444687792900136
0.03883758761137715 0.018159008310901958
0.03888705492071124 0.017804786230503057
0.038918733835440256 0.01803126252223125
0.038681080883516426 0.01807037439284332
0.03859515035992115 0.01780530218288221
0.038391332491769375 0.01806176937926785
0.038522044250645204 0.01765436131946236
0.03830811634542495 0.017863401101047203
0.038091934045683035 0.018144947603467937
0.03823772700914323 0.018091064753315476
0.03812970294008694 0.017739879421205317
0.03782330652758424 0.017931230747069454
0.0379525137596167 0.017695957802310678
0.037925777263483014 0.017871246257482463
0.03785351924736399 0.017724647434863815
0.037531289366855236 0.018206910133864367
0.03790158265107673 0.018072645923447653
