0.18807252314837514 0.11044120013092186
0.18250259859969797 0.10553684136840971
0.17708997283727862 0.10119322489697499
0.1716765809782502 0.09698791665745979
0.16649006862999863 0.0925323178832641
0.16121457416060328 0.088908898992675
0.1562624969509355 0.0850789024780554
0.15090274143074978 0.08107715085430661
0.14577842655094728 0.07766920537815428
0.14042496259916354 0.07411278274047917
0.13533216301861675 0.07024782884451786
0.13003176083321893 0.06665073588308733
0.12485540884124517 0.06293304535068554
0.11933166076567986 0.059565047314168285
0.11419012786458844 0.05648613279523709
0.1089449995495352 0.05310913646981892
0.10410081747104767 0.05005679603429656
0.0988284544215419 0.04685940404483659
0.09415639509869776 0.04445116954450791
0.08953251367635666 0.04165190868165271
0.08501587620307811 0.03882150446038923
0.08072230690994626 0.037051015593926775
0.07667647889587705 0.03472964587050612
0.07308311232722989 0.032801015313404576
0.06949263298517817 0.030703116584334122
0.06616406770945694 0.029017580088655372
0.06329410701634176 0.02784073553006093
0.06043179771310969 0.026388720275868117
0.05777517577320598 0.024756294184403727
0.055523632203453195 0.02379165657506049
0.05312242687301428 0.02300341078306606
0.051069680585212 0.022028720229258274
0.0493107658637157 0.02057199274163923
0.04793093968490753 0.020524241929764837
0.046457601838754435 0.019996582376508087
0.045432401780285944 0.019517902268397423
0.04425331685357381 0.019049477404411846
0.04375097773079733 0.018458059741474197
0.04248033947119722 0.01829741762703081
0.04181864746562984 0.017844282571389015
0.04120208812654445 0.017499600363763922
0.040943645435473824 0.01739534321070687
0.04036541007925729 0.017094870222232272
0.04028960003168575 0.01686362957225285
0.04008759711423665 0.017344112844671147
0.03958123837831444 0.01722975149790221
0.039392678062302657 0.01655290133965317
0.039174117881889965 0.016883340302511683
0.03895593835572991 0.016710252712951734
0.038711005299549905 0.016399606748880673
0.038668834075272364 0.01670947453359085
0.03836717156519053 0.016511997696955927
0.03839359950415163 0.016440982424119177
0.03812103190685123 0.016044136574691063
0.03812393589181 0.016512537162717375
0.038209252719489745 0.016713966934719292
0.03785085117929848 0.016263375460142716
0.038147632217549375 0.016531658526631826
0.03791367349529433 0.016306226574238775
0.03784377436187217 0.016358119134496668
0.03758469964109906 0.0164545702179856
0.03775676972760056 0.016386341285806717
0.037541194929911356 0.016433117013317296
0.037406819190628125 0.01634221568384924
