0.13860312674793437 0.06656084273415543
0.08735469720563559 0.039863649412175586
0.0527548298569883 0.02443597640468558
0.03955606865564221 0.01868226175125634
0.03873254145134364 0.017613353156339887
0.03819619679763091 0.01695350902938642
0.03672041647909593 0.01535971872881513
0.03554659326057837 0.014520049786161459
0.03515869844973554 0.01521224747762809
0.034297828793354905 0.014417775963388427
0.03376467766556925 0.015240514967325553
0.03331727977636866 0.014296212222315233
0.0333153296412564 0.0163478787661897
0.032977496284106185 0.01637600018105774
0.03249441140149991 0.01672031329550476
0.032841760651360075 0.017742302387183273
0.03125959495224152 0.016398647140162537
0.030729210908061105 0.016299411405814295
0.030863456388424138 0.017649713727641812
0.029937966345823602 0.017179386280300368
0.029369537896750435 0.01692810809069938
0.029108703731870546 0.0171388954096931
