0.1873463875154436 0.10312006234869672
0.17960468982879668 0.0967405823207298
0.17227482144870765 0.09050507574145517
0.1613717822771219 0.08178481003147661
0.15104043779232526 0.07380979610155697
0.14575095725800125 0.06989715543786755
0.13652942993815206 0.0630482261072084
0.1311416171133462 0.05947859784002476
0.12545706464984704 0.05525939423244329
0.11928603115746098 0.051458147586678125
0.10950584160260433 0.045314485207858926
0.09826600787255844 0.03867656922315092
0.092110544377672 0.03484380915681929
0.08190779121908828 0.0294078911915237
0.07579271779151632 0.026609627906197492
0.07100448392946443 0.024777078105655288
0.06303191746070462 0.021317161179533434
0.059030231802598934 0.020828516946312898
0.05351692058466279 0.01917805248323919
0.051176096901536024 0.01914822848643521
0.04750756226926528 0.018337757122740123
0.04653747769257923 0.018210758874472856
0.04508060087856919 0.018602223458710095
0.04423692916903632 0.018214898772318962
0.04272310599885766 0.017576601549977755
0.04261824311901867 0.017185991123281775
0.041712707960010885 0.017104875843222164
0.04096720096718603 0.016710423731660522
0.04008730220166276 0.01608130499209285
0.03988803065156054 0.01571504007939277
0.03987118469946879 0.0162442358804331
0.03961347778052195 0.015823217175392285
0.0396843447294735 0.015854561923458504
0.03969372646689677 0.01620211228491099
0.03951953592291438 0.01553118840350167
0.0393096354077294 0.015963608020179296
0.03936538480837068 0.015779807620728274
0.03934546268057367 0.01566100415721309
0.03948071147342966 0.015945153899272087
0.03934284852970196 0.01584234733568049
0.03932209571476898 0.015333085925409556
0.03925539417105257 0.01587181239740394
0.03928555026860831 0.0156703702038069
0.0391267358153301 0.015619965463212575
0.0392692094317491 0.015908435920037944
0.039047186150983244 0.0159858552482721
0.039106428267853294 0.01597150998947095
0.039077679789997696 0.01581189047965558
0.03906092241261497 0.015538638330492655
0.038752873938099355 0.015620205652852931
0.03877833318216583 0.01555977366946382
