0.16046013306928048 0.08089367947816259
0.15559870298282083 0.07714006594646766
0.15056764993467112 0.07351220383591815
0.1423976241064775 0.06724875969308233
0.1338641259750304 0.06115314063985398
0.12958300865515668 0.05819739391325555
0.12096044745683146 0.052409125841840404
0.11624621417330169 0.049652401870495445
0.11113386390573521 0.04645497578802065
0.10618153222870745 0.04374199331882019
0.09770839895841504 0.03905801196211338
0.08933322452847996 0.034565696540889194
0.08490264097799655 0.03238540881507423
0.07737716133780789 0.029213456328276995
0.07336345345838563 0.027679281433774763
0.07010565172140973 0.026478028272123443
0.06399645773938804 0.023950885115557017
0.06123006370024955 0.023366830270535793
0.0567662813912599 0.021057734777870894
0.05444713217882217 0.020852002905247528
0.05075172828887375 0.018884689174526608
0.049502805740361235 0.01835502109048558
0.04783254527058166 0.018397533307448265
0.046859975814220856 0.01823772623381262
0.0448277081147533 0.016762555678657393
0.04442179176850045 0.01691044232935546
0.04274680571829895 0.01624092720066822
0.041667424738500644 0.015763632602644424
0.040689703585550185 0.014884434616687993
0.04016627972126755 0.014527673387341926
0.04000377146323198 0.015161479873036511
0.039929119740902984 0.015191152739280267
0.03947600743820722 0.014706382576045443
0.03911248007499951 0.01503817352845469
0.039160521082044736 0.014735498148348377
0.03866418432134575 0.015114857444587765
0.03869067294716573 0.014610865363224597
0.0386566075928577 0.014805096470091003
0.03852665413125466 0.01469845901667376
0.03823458740694006 0.014412201543051655
0.03808574119929352 0.015062903615751156
0.03808409658239895 0.014688037754918393
0.03769123423312726 0.014770268972239648
0.037592700854116826 0.014165798007788319
0.037522406049907336 0.01469201707654426
0.03740260995290928 0.014697336332512105
0.037239754577770776 0.01470705726604644
0.037289227143626695 0.01497676594332414
0.037059181866916625 0.015009790669492836
0.037054640617645906 0.014756575463979456
0.03695470680066849 0.014598661570486603
0.03686619193942187 0.014979325717187915
0.03707343760724722 0.01495322735856943
0.03684724413342411 0.014765032028451926
