0.1644904267209701 0.08781621227525685
0.15924710428405195 0.08353971200701055
0.15473550993691818 0.08027825103580602
0.1500228422801323 0.0765518544089686
0.14534209831271436 0.07305234981333948
0.14092137547464478 0.06995539927351116
0.13658818440715337 0.06687901457355787
0.13277238486036258 0.06450377408136064
0.12487116647782949 0.05921972682310198
0.12016743668851053 0.0563165718625606
0.11602381645026948 0.053778297683561085
0.10812706700146987 0.049073845524525775
0.10348532811734444 0.04642096619401574
0.0994547135289074 0.04439035553754892
0.09236501332067613 0.04028579014260836
0.08836143243201862 0.03897589870331402
0.08482166370651642 0.03715356060924574
0.0786635447926874 0.03416411653147794
0.07502176093214111 0.032813343156001214
0.0699065303849216 0.029769389829990216
0.0669386129271803 0.028824020844510263
0.062294610867834395 0.02678951473130893
0.0577858777866242 0.02440260958574014
0.05406900722684958 0.022893395633422655
0.05068067028264331 0.02145731989927212
0.04926705658990691 0.02136212145173026
0.046647419310387066 0.02022569592239551
0.04452007766566634 0.019563810317632123
0.042860275485362566 0.01828978829824125
0.04224527556191818 0.017952345376590715
0.04179884630695738 0.018448689000459356
0.04128714860975012 0.018123183549882
0.041012715886820185 0.017994630763039133
0.040374103342417936 0.017557589020768937
0.039936609562561246 0.017081165161024228
0.03992218122243998 0.016939138437246346
0.03948413719913645 0.016883521630572714
0.03927102551981259 0.016329865929834826
0.03924977416095051 0.01655187710305801
0.039010700560387065 0.016438845064563272
0.03899943253154091 0.016929565386253835
0.03902689207190103 0.016603675819211024
0.03887728805579373 0.01594143867323013
0.03876983747243998 0.01647817153265586
0.03868928661654826 0.016203768502306502
0.0386011711094439 0.016555285288375205
0.03848165584042749 0.01624760664224073
0.038332458525998286 0.016275906388900856
0.03841203808258819 0.01608935608767971
0.038329257544555365 0.01629151807648286
0.038265905384921604 0.016401995672617194
0.038019274310233955 0.015966763213910447
0.038305221475379715 0.01604580841037307
