0.1962147944551842 0.11088007999475781
0.19109330841657998 0.10703254939591385
0.1858122083709497 0.10261793754734433
0.18026769154907463 0.09859321952054606
0.16880099291871922 0.08966378044960642
0.162837221005142 0.08530067270970106
0.15794909953780936 0.08180025342937598
0.14492123869055795 0.07250309174747223
0.13849091012796105 0.06775909053950575
0.13130704360820267 0.06311552448765205
0.12477860456266068 0.058757589672898736
0.11835598071077758 0.054690850340124386
0.11223410889999116 0.05124598773987792
0.10713987683809098 0.047922428894310996
0.10138551206197378 0.04459884860656728
0.08926743955520283 0.038020664833560675
0.08247892819117618 0.03424852492833167
0.07898410878499548 0.03287715566780201
0.06869893329238465 0.027781312461061008
0.0642669182414431 0.026191085582246015
0.061249024261635726 0.025820505801223817
0.05777445367851255 0.024480139248069174
0.05265976675962407 0.021868475413628168
0.05084483782082262 0.021956705950735827
0.04912832122863227 0.021612501387308837
0.04778338922634585 0.020628808023388095
0.04486328469987047 0.018956793981592664
0.04493293375144741 0.019142381382306808
0.04421962990862903 0.018929105430668693
0.042420330799646244 0.0174770398779031
0.041271413729319174 0.01734511420489321
0.04023166589338459 0.016851219124980787
0.04019219841692344 0.01623866169854289
0.04019841776674092 0.01699273481156272
0.040005167522643416 0.01695409064843201
0.040119231260763596 0.01667758841810255
0.04012508645758714 0.0169754095327115
0.0400605858585363 0.01721807198764862
0.03972057477065261 0.01693116628116492
0.039959679543065424 0.017163917089878057
0.03983746548596255 0.016868741403831322
0.03975525794758159 0.01707693421943272
0.03974002820690759 0.01763027505424013
