0.19044228978921923 0.10878187897392058
0.18446556794112456 0.10366233810848285
0.16865256783325816 0.09030764739758264
0.16250567677587321 0.08541789197323284
0.15618816642744024 0.0799645998251613
0.15257281288611269 0.0769511926336425
0.14681875701744493 0.07274290654312411
0.14118532305987566 0.06859930779206072
0.13474546708297377 0.06362572478303982
0.13062042946763028 0.06093471311987637
0.12355226893300515 0.05568448667372834
0.1193416200215978 0.0530060121948609
0.11445517813891232 0.05011431387378193
0.10829731274760242 0.045801916285962085
0.10235885742513091 0.0425789239487927
0.09752306410451274 0.039817541674377434
0.09174676270555904 0.03644119270787299
0.08629434780050599 0.03382995724151217
0.0808834744840799 0.031695334380731285
0.07690394734342211 0.02975443367488565
0.07196194909226745 0.02778492240238173
0.0689598750389177 0.0268070813685271
0.06455592080062611 0.026161993605647593
0.054915988313655885 0.020969916173925834
0.053453524251247816 0.020668602967527785
0.04772676057427828 0.01878179314491794
0.0464888585804046 0.019126782848027057
0.045797935201097296 0.01963199118495683
0.04411341803654955 0.01879667161061862
0.04325908625052707 0.019073069590824283
0.04316365455355567 0.01948938071358977
0.04239756273258693 0.01926259470213549
0.04169456854358293 0.01920819227742247
0.0418959753421081 0.019035971879074045
0.04108872019271313 0.018745048783241448
0.04130835051432662 0.018869793497253817
0.03982936270568162 0.016500431551030526
0.03968085727206481 0.01668523229093587
0.039861095863660545 0.01670965120862772
0.038904356113420295 0.015236355378810268
0.03872334903116358 0.015837781480287146
0.038299769427903564 0.014708856316617547
0.038402153451602306 0.015041416728582951
0.03825747850103086 0.015416078397236002
0.03821248229550737 0.015234502313919701
0.03811179804866 0.015270866352234373
0.03810461828700185 0.015723975783252495
0.037971585610836404 0.014596802534643197
0.03793495182861132 0.014622641595952056
0.03783839732129724 0.014949366337043017
0.03786691526756997 0.015420492575829033
0.03796630193828571 0.015360297637502485
0.03791561267733604 0.015833070595525318
0.037972299038303604 0.015444492058891363
0.03751783377143845 0.014376631722088645
0.03763151772012101 0.01493229629168646
0.037483076925905585 0.01529387726428885
0.03761874784726853 0.015486610848216259
0.037545884877590016 0.015551348088254181
0.03756448905493096 0.01569474617963295
0.03744772156739689 0.01525825903738938
0.03755135049808537 0.01567753722184282
0.0374900172823734 0.015619676821598932
0.03744456141888446 0.015906606522132424
0.03736541406295966 0.01562210172019663
