0.15735265242564572 0.08156928388984333
0.15299640685368412 0.07845025469689101
0.14087238217127715 0.06932285545528494
0.13572798598410932 0.06578590213694041
0.13045234787159976 0.06216351902061329
0.12764957385110023 0.05996136583581459
0.12302912071108474 0.05684881023199963
0.11875803635342917 0.05436717062551098
0.1133928894283571 0.05098522739906035
0.10989507425927651 0.04846883001356174
0.10439248002632921 0.04522761452297071
0.1009005063438928 0.043127293592631365
0.09718974504611289 0.040707142293632335
0.09210757505601698 0.038136315510132635
0.08749210154396046 0.035290506844051064
0.08361385237502206 0.033832285036272815
0.07899510379996176 0.031186556129125145
0.07438182323944871 0.029175479019701807
0.0705608493682461 0.027414749088863908
0.0672987429733619 0.02644458465279466
0.06324334353978309 0.024911665718357786
0.060910047885634644 0.023915318311556754
0.057736368191852655 0.022528961435189534
0.050755475637208516 0.019207191568434985
0.04950905081855891 0.01882902876699015
0.04544471678327679 0.017248657075512087
0.04487691470525505 0.01679864957262228
0.04392146295493881 0.017318597462819156
0.04252157940928435 0.016263890649944896
0.04201712873272912 0.0163310824591974
0.04162399189347212 0.01601979992552783
0.04117938293829306 0.016194314402026802
0.04063010124579566 0.015666580672227853
0.0405248395717091 0.015553106746636496
0.040193890624693564 0.015580546672592446
0.03989997526657098 0.015323433244694073
0.038979222904541914 0.015134188655578818
0.03912398643503378 0.01468399908299452
0.03877823985320363 0.014549254022429346
0.03809085727666139 0.014154048148916028
0.03810096496379734 0.013767659843273545
0.038000433936271796 0.01401468256410407
0.03774377002576536 0.013953627177888015
0.03778960893755884 0.013615113761245056
0.03795346982008374 0.013747161493003
0.03755390734551815 0.013770853480581303
0.037589437469815794 0.013537637037250586
0.03743364933030899 0.013565406037321018
0.037457360020359785 0.013917538267111682
0.037281540848577634 0.01373557376844714
0.037171206178507867 0.013739541539122576
0.03741678562870178 0.013815409306483532
0.03743174845309773 0.013925270160137606
0.03743889469802923 0.013750169014623061
0.03697726163976544 0.0136955278763106
0.0370508069142364 0.013626795892309168
0.03695894235460099 0.013669858746716595
