0.19262975404683325 0.10898756175371713
0.18878433776692402 0.10587017679829001
0.18324311679214797 0.10088020731289185
0.17767010727300409 0.09651453542360566
0.16658992908219394 0.08751001095614007
0.1541113810739333 0.07783963779089385
0.1494132183865708 0.07453550672913128
0.13665515372686823 0.06537656076524948
0.1332592566246022 0.06306344314304141
0.12801571992439198 0.0597652965453974
0.12297100071335258 0.056423531389120186
0.10995570207829934 0.048612540792148315
0.10437400202771394 0.045641009876512977
0.09934515790446233 0.04307131499872105
0.09472176640097045 0.04115535639088896
0.09024199887901736 0.03929478862234957
0.08695443606163071 0.03811002417085728
0.08279442446197745 0.03727214870366515
0.08020221926629047 0.03555974425525459
0.07172077376194651 0.031161885940833443
0.06474131779458638 0.027425813160055566
0.06183946685335386 0.02685438187352376
0.059844385579043397 0.026582636180467117
0.05843477850156668 0.02627508202648794
0.05655565730959257 0.0254008666184338
0.05086294675086928 0.020950805015656975
0.04770128153300821 0.01853284101708763
0.04730902298167875 0.01881434999663254
0.04467439149397641 0.017592765943632852
0.04436241964040154 0.017334048152592738
0.042317569246461476 0.016685319752362662
0.041157148290163835 0.015824763378753184
0.040950422033693326 0.016407758340068246
0.040448284853596965 0.015883664643046167
0.04020726888711472 0.015978945709196626
0.040424544163400716 0.015836396145928574
0.040364803953888695 0.015785261132251257
0.040292027947214364 0.016062090430929037
0.04035564820084129 0.01617444794753502
0.04018467686263604 0.016350319974308684
0.040046506045693854 0.016381800859823995
0.04002024740350709 0.015905109858604227
0.03954735443724339 0.01585648343024126
0.03961303701345302 0.015714324504728726
0.039484072308598045 0.015434411293702108
0.03924238009215263 0.015504671613001649
0.03914415838207705 0.016096018781565656
0.03913411055461015 0.015944366295634144
0.039153549143976896 0.016369636612709123
0.03894890919058424 0.01574014778628826
0.03890284505745496 0.016286460002180342
0.03892986627938742 0.015868753973344026
0.03889644706134955 0.01600586383943149
0.0386911764209345 0.01574326225873362
0.038834735655136385 0.016393100123337362
