0.16723344844145585 0.08730454598163315
0.16215617824269424 0.08337149326063806
0.1565967598969884 0.07887224377971028
0.15103057597197417 0.07473770428390678
0.13865324569946813 0.06529361008550796
0.13239719309339 0.060890330427375176
0.12747564621440347 0.05703020254966351
0.11349019715473083 0.04742523841985223
0.10665591750915059 0.04272615321172932
0.09923054089062469 0.0381573211868262
0.09267734902446863 0.03430521536350836
0.08638022379386395 0.03060684190700202
0.08074156384008302 0.027929753970748067
0.07625499771235256 0.025917735351905575
0.07183154504825526 0.024296259180682418
0.06281378967657694 0.021137220797127505
0.058693412924656053 0.019942740114213042
0.0566719756978858 0.01978330278823775
0.05161809753749779 0.017740343108278534
0.04943663423583989 0.017782546672757388
0.048296868905228836 0.017267187973872108
0.04716574262525023 0.01689337846497
0.044594669160488584 0.015550361122708946
0.04433810900180068 0.01619191909326352
0.04380830951900526 0.01574782882950416
0.04305687502453241 0.016122364692145234
0.0416321935165741 0.014711473479372282
0.041604331021051266 0.014947864097596556
0.04153653148336457 0.015018521430683789
0.04083538364246217 0.014662866744847703
0.040203472785275154 0.014143770406519656
0.03959029184984201 0.014447016391858011
0.0394628071573006 0.014632497921824224
0.039732536717354716 0.01398609803972189
0.03957756326525794 0.014052113141532777
0.0393962677806324 0.01453138063646213
0.0394326136034679 0.014749017390806144
0.03926721627191971 0.01428254551487984
0.039404993078026564 0.014620687302817742
0.03918354733007625 0.014816577669482396
0.03905173113350171 0.014640812125876899
0.03924501970949331 0.014620649779008349
0.039145505320926886 0.014831632757865334
0.0391195426499053 0.01479497869676851
