0.20062845779555635 0.11726914594830308
0.19527150294549545 0.11280580930533786
0.1880472540836673 0.10650974912786268
0.1815092694397788 0.10115300533622866
0.16850771642454423 0.09055924955372692
0.15458107264409476 0.08005340055321535
0.14953052137663544 0.07623360108017133
0.13421115758339228 0.06477068957863931
0.13027136366677963 0.06217029641954295
0.12403593613407099 0.057634407450039185
0.11815612016000707 0.053968614919058584
0.10188648608164388 0.04309528208659194
0.09544572795728233 0.039021871016026374
0.08833709385866043 0.035115884098596416
0.0823381619690987 0.03208552632585962
0.07662994082611387 0.029295248671385186
0.07303696242252573 0.02776434993710679
0.06773727299487761 0.02601402173761456
0.06445549427292059 0.024581319236954675
0.05665384784502446 0.021523111915389075
0.05112191211796961 0.019358116423614513
0.04892731792012907 0.019416375925880573
0.04762591563285793 0.019843149002484434
0.04686106733231917 0.019298848438163287
0.04569620518832017 0.019757902277591378
0.04273338144012504 0.01793147279426471
0.04111396901060084 0.016863474485476395
0.041038886080293296 0.017052107345597
0.03981343721530356 0.016665798494185525
0.03979444706119607 0.016164212972600466
0.03927186411093676 0.01626585718232636
0.03929807239408371 0.016639389255992714
0.03926634380095376 0.016546935663120294
0.038977822473583855 0.01672600852782948
0.03914101453916318 0.01633578134056418
0.03915299999063802 0.016854568210390542
0.0391544747910896 0.016466255679607224
0.03909684006905155 0.016476247502469468
0.039080497361608374 0.01631137843914291
0.03897942916675875 0.016538875769838063
