0.18044129471289613 0.09811098026563053
0.17587570415457326 0.09404008431530775
0.17143936564191442 0.09066407588584963
0.16364521257623746 0.08409517529072338
0.15468241916317757 0.07710500365649596
0.15026424564760157 0.07353174285834696
0.14010026427245942 0.06574158859117991
0.13467752907318795 0.06182810051684924
0.12880895187909377 0.05735737247689689
0.12292739968708327 0.053498404752166606
0.11218012752000314 0.04613645733731098
0.10157998512634335 0.039049910284581435
0.09600928707260453 0.03608237807304563
0.08665924503169614 0.03099966032327086
0.08184699545394375 0.028708010964651684
0.07738314132762247 0.02693568129483828
0.07012170050112028 0.023682871259561814
0.06679884662514463 0.02223297189308385
0.06142321401978497 0.020200238870486463
0.05880391623931205 0.01963334139219054
0.05430522113150102 0.01802444727883813
0.05272930948420831 0.017515967159588343
0.0509092093336945 0.01728046931350109
0.04949147775325051 0.017078449585263198
0.04717647958258158 0.016115788398043698
0.04666425922203483 0.015759809809098784
0.04473760609047743 0.01460169767549108
0.04356208085490126 0.013887657054878183
0.042722459642872905 0.0134415020991603
0.041809177787692185 0.013061773072800369
0.041877940488826676 0.013187405748505621
0.04162856677426116 0.013896971825031919
0.04097826562408074 0.012904521724888492
0.04045619192563294 0.012566909547150663
0.04053382167331395 0.012343290293220921
0.04006670259703728 0.012520624463702413
0.040199416238086365 0.012596299043593998
0.04013182894727972 0.01293471275305301
0.03983534306315819 0.012703334564111829
0.03951818336316849 0.012468756995185931
0.0392477288678555 0.01223033234387436
0.03947317304751848 0.012642970049722818
0.03926760311743141 0.012316592809881555
0.039249830721761504 0.012303939673602897
0.039079190347873195 0.012179300141579108
0.038949567245995693 0.012359261554924473
0.03895695724942148 0.012357032379161186
0.038717848625458406 0.012682776759781515
0.03848737244475849 0.012221626144101522
0.038773691388630814 0.012637888284635324
0.03849128888324394 0.012211882271107153
0.038442247221377866 0.012800793534755538
0.03845072406042247 0.013099770264276398
0.03861849652886727 0.01313064272934192
0.03850229848018439 0.013294581604543658
