0.1675871777008819 0.08969928420453156
0.1621294899865262 0.08526648789660148
0.15705526932263597 0.08108001475528431
0.15153295910399314 0.07685999996699042
0.14611361618079372 0.07245847046788828
0.1405560233953944 0.06846820347420665
0.13496781793544832 0.06406791726373477
0.1299788993599951 0.06056675675966799
0.11657627044034787 0.05128438013385908
0.10982403693042626 0.04701752213900718
0.10290810838743263 0.042306932260336515
0.09023323623530133 0.03468638190890606
0.08303241555916217 0.030672932197097103
0.07726365847776825 0.02794339244973509
0.06788136655591621 0.023274702483745385
0.06315626339723175 0.0220133237324667
0.05947823524007839 0.0209105728657045
0.05351040007961783 0.018855791375255736
0.05062988042013719 0.018383281974473514
0.04671398919800343 0.017623791425725656
0.045810872236342476 0.016964116865917152
0.043215852370161685 0.016671034645470113
0.04124472244763596 0.016659877623045834
0.04038969197850319 0.016472802045951425
0.03973922288400294 0.016534215889458893
0.03946528298781235 0.016490099502615055
0.039388091009309165 0.016397112100028075
0.039318245977002696 0.01610621920770395
0.03932000197130696 0.01619490667756099
0.038641183377480404 0.016008773068053254
0.038335958552792745 0.016757249111086635
0.03835290126622979 0.015854105790767185
0.03815620598052425 0.01640703804954009
0.03817278744717663 0.016556605943219345
0.03816139740782704 0.016327639954557962
0.038071865621937775 0.016448657000707446
0.03774274348511759 0.016324451652164455
0.03772739408531357 0.016414628082313396
0.0375202872366487 0.016520154240758707
0.03765062555502817 0.016689420658336205
0.03744006174209946 0.016723868983047667
0.037675185551659725 0.01667694976757778
