0.1886468749080738 0.10747594735543974
0.1850571191007903 0.10464743097046891
0.18114903057710033 0.10183435149272087
0.17657246633050283 0.09811509317587659
0.17284710024979408 0.09516480873952622
0.16987813345720898 0.09278150139489189
0.16575844234757414 0.0896907572953744
0.16262439144865862 0.08748181683459719
0.15896230122494706 0.0846061261247568
0.15466888877789653 0.08143143439655554
0.15007743440453894 0.07806311743310874
0.14516999334760844 0.0743456996705872
0.14099137372345172 0.07145775119280874
0.13504389322099544 0.06721372439071067
0.1304790878654985 0.06421725337565219
0.1269975751404632 0.06159211554458127
0.12147622038138335 0.05791911397420521
0.1169012648430146 0.05507633734137336
0.11061986247536379 0.05061103920654901
0.1066648724462906 0.04880670764060842
0.10145691894684461 0.04535184684135402
0.09798704062953502 0.04324852775085255
0.09404758229538457 0.04120914228484535
0.08993246834368626 0.0389122195491784
0.08459013025327503 0.03591301199147589
0.08213614160677166 0.0349092648819558
0.07770065532644826 0.03242148853756743
0.07333545427469015 0.030949223197556486
0.07042383601533084 0.02891832803052181
0.06651401430003726 0.027458431107609104
0.06422372607927469 0.027063019586866046
0.062349370328617724 0.026248900849025578
0.06044628285748255 0.025358849799713146
0.05770877374912976 0.023933669725491633
0.05605061210582052 0.023419661196373696
0.05418817324439373 0.022523577069072365
0.052912271318295026 0.021851037979800668
0.052074397661336584 0.02162087828100128
0.050526537863782556 0.020625347546313313
0.04929376463924488 0.019535219875965855
0.048373928255596464 0.0194061975576956
0.04746227425993293 0.01903642290761035
0.046591096512381844 0.018492184218307835
0.046011516282578636 0.018053020400380263
0.045528516000365254 0.01803155446330861
0.04481300950087759 0.017204005346308338
0.04395542916811706 0.01747347653270569
0.043580920934901554 0.017329069933032754
0.04332726690737027 0.01690524046944779
0.043152204979763985 0.016865949222549855
0.042511666198864526 0.016487218737391392
0.042463361861603294 0.01625073044638268
0.04267497402319236 0.01631299353843449
0.04252822248771866 0.016576968700083735
0.04214831359116381 0.01640235622906626
0.04175733046207003 0.016161850833791618
0.041363503366643295 0.01615529959388196
0.0413983251968446 0.015762882347363314
0.04130885037726506 0.016335104479147093
0.040953522159419616 0.01622213978290052
0.04091803960976722 0.01595461170370603
0.04078181649511198 0.016206009294356734
0.0405143879033721 0.015880131325116207
0.040501958717176226 0.015875598757689523
0.04046349814217181 0.016121231796971724
0.0403668703163609 0.016370181612298813
0.04001077125915585 0.015928193542027076
0.039812409395254406 0.01544986262016175
0.03964635814885791 0.015532296244483303
0.03968879740403519 0.01570833905830289
0.039534940740551215 0.015549042050307995
0.039758742697230696 0.015216610142397804
0.03945003110935294 0.015722098686183177
0.03941460840747691 0.01607533668434405
0.03913782680524641 0.01604957567072606
0.03943741041027269 0.015406227719037408
0.03936911452179386 0.015851639166374193
0.03925535586847569 0.01629120509954236
0.03913329991944202 0.01607944689583011
0.03918826172334631 0.016158517865186704
0.03922678214612709 0.016232300614315503
0.03907520927378927 0.01573912111490828
