0.17792164546861813 0.09154710580359103
0.17448181795600848 0.08883354472460697
0.1705332687108708 0.0857963890345051
0.16667920758468588 0.08278896828307516
0.1591861847560497 0.07740652090046164
0.1553149317753616 0.0746356556039901
0.150964923020357 0.07159398633567264
0.14321207703054775 0.06608388295350376
0.13820067060882088 0.0630945540387455
0.1331465241251742 0.059584791329881544
0.12972321765892098 0.057515680235047426
0.12409593269471375 0.054494397116318836
0.120787621910756 0.05254701861970018
0.1172549545506398 0.05086285356434163
0.11358150372647342 0.049049033026441466
0.10631997678927149 0.04584263959543244
0.10196346119524366 0.044052855737720664
0.09907458757948502 0.04251230502199796
0.09302776961734344 0.03969256764406398
0.08932550279178851 0.03847023491362748
0.08588054838834318 0.03661305561397357
0.08311318687687673 0.03604731182002569
0.07814325077307764 0.03428589596221511
0.07603654424788531 0.03357059834565887
0.07406921728112181 0.03255908777775338
0.07194320585576414 0.03204899715367968
0.06701287618154231 0.02907043221167305
0.06548185720786803 0.028362400812778576
0.06331959339366672 0.02794724542646946
0.060633557787016956 0.02676892008363478
0.0587446530840922 0.02473551557371031
0.0564721515339504 0.024061657644084567
0.05571355855825467 0.02405933652844639
0.05472828992680755 0.023791153862713806
0.054168716145271134 0.023533930829596105
0.05332404890137725 0.024060419358374593
0.05282437828734324 0.023403154993316903
0.05187794944759141 0.023292124721594778
0.05161268315745638 0.022981001416555968
0.051331101854895686 0.022845309961246268
0.050107049480648834 0.022220676568864037
0.049295735776107394 0.021679821781632184
0.048889182915812124 0.021366743218096784
0.04852544198973809 0.021625555652569493
0.048434293537058665 0.02146485323816323
0.04769377884091712 0.02104181249133736
0.04773353380658401 0.021075376198703453
0.047038854472810726 0.020643434268235113
0.045926137084972916 0.020206222922819143
0.04589448931490785 0.019932740019009777
0.04446995155155241 0.018945046348980518
0.04440512273565835 0.01910542445046274
0.04402458285699566 0.019372139667220848
0.043974971803058704 0.01852793704431086
0.04398717571984231 0.018821456322200097
0.04388005245029733 0.018986666954277732
0.04269354616631994 0.01808227346082909
0.04220958683737955 0.017837438645355315
0.04186539038580898 0.017666052666360416
0.0420228386408185 0.017749367584437577
0.04176754343463584 0.01767306559830878
0.04180252607948747 0.01738242225238231
0.04177867884987145 0.017810629223679986
0.04094456245982817 0.01669949830237998
0.04101675579087591 0.016645761527056938
0.041001260122686595 0.01691933690025374
0.040988998708061844 0.01685148983246284
0.04037337890586668 0.016708881935000357
0.03988305887824932 0.01629452929018504
0.04024493831171619 0.016284899072531507
0.03996305754123285 0.01652167162952996
0.04016676041370233 0.016406343541496272
0.03981624878257904 0.01639975811294778
0.04013425496750682 0.016744655526712494
0.039448260203490224 0.016268214378712068
0.039346659122438815 0.01581305191090964
0.03926901307945558 0.01628359378001905
0.03930805411359488 0.016232982201964036
0.039341697537896445 0.016645896880797966
0.03941855777705067 0.01662455655434168
0.039160598504228164 0.016436518044792535
0.03912842367061925 0.0162658637800808
0.03904105570099528 0.016377271970168958
0.03889616832853316 0.015882079638560375
0.039035452057226756 0.016059850025696303
0.038731801166638866 0.01620385568505868
