0.19267387692920138 0.10960877083773461
0.18849564398579127 0.10613500068798924
0.18366898502572268 0.10232407672191891
0.1795997864098481 0.0993692085552504
0.17704904917932385 0.09697032386224648
0.17447863715703088 0.0951158367130515
0.17063405270088192 0.09213812243915118
0.1670825422586967 0.0893282901347903
0.1633482744365507 0.08688824661599638
0.15989087954740325 0.0837581887658307
0.15594316511513964 0.08107153433240026
0.15200975701249386 0.07809378748325198
0.14950055120039196 0.07634980643353328
0.14681454020700638 0.07466652935837707
0.1434233754899559 0.07215524920151552
0.1399438081822636 0.07012397075246564
0.13685453094377756 0.06788806545418409
0.1334593949044586 0.06531722688564646
0.13059972707925036 0.06358721518809209
0.1268058032980157 0.0609089705978418
0.12361563533500734 0.05916631970408123
0.12152656671055855 0.058066709634142614
0.11815167963008329 0.055952293723105874
0.11466714577719256 0.05371406472380359
0.11185312423444391 0.052257115042224474
0.1090687584211171 0.050263428429313625
0.10073847455291524 0.04558615488548801
0.09718856220908868 0.043993170968452566
0.0952678202321166 0.042599333115180514
0.09226818961293484 0.04155553258879926
0.08907395463314552 0.040237595063260266
0.08591605485975012 0.03882341939684887
0.08330031234688878 0.037856667475691046
0.07547077393893925 0.033993036758430996
0.07391689601451494 0.033510467035238946
0.06857604651518863 0.031242673283814325
0.06712821724951004 0.030915878396338786
0.06532715561458843 0.030629430668058396
0.06399325545075943 0.030272036764337974
0.06243575548903724 0.029809085484226283
0.06033589252357913 0.029131343877521237
0.0586246162650049 0.028915733740521036
0.054581948952719256 0.025764206087349615
0.053404212663829005 0.02651741911435632
0.05033719875367467 0.024599024757883385
0.04983613271680549 0.024525135951711494
0.04919695557477952 0.024745797966748577
0.04865834858065899 0.02488998144340142
0.048276517906357175 0.025038953481503513
0.046061213865752085 0.024080812284221556
0.0444421775477707 0.023103082504503204
0.04408133746478442 0.023252681616128413
0.04406586844683978 0.023509282273470856
0.044065011980952966 0.023149643392245598
0.04394580532673934 0.02387683965455296
0.04360010411562959 0.024407351998921457
0.043387949381430674 0.024174821735213094
0.0420582023594439 0.02327422471344206
0.04234086481044831 0.023405872148840566
0.04158560544004165 0.023261523081343955
0.04168673540084517 0.023556152626068815
