0.1914566564407395 0.10961824005357457
0.18761405655089003 0.1063657405819098
0.18371564542323318 0.1030289947976133
0.1797617680448158 0.10007791872625922
0.1722071650283104 0.09402707580855876
0.16849433776593134 0.09111372724727736
0.16567312952623006 0.08880639892878316
0.15840566114544286 0.0834367096413633
0.15467258506000628 0.08080376042604405
0.1506795899836614 0.07809590296608773
0.14707312414443213 0.07530947064926226
0.14363387161023394 0.07288278445363275
0.14017794470210293 0.0707168297672992
0.13707367459043138 0.06847724800639217
0.13382459616582928 0.06635972583689674
0.12682123453538063 0.061558656275387535
0.1225233667393235 0.05912627718181868
0.1198855574469364 0.057377973215118894
0.11269868187349126 0.053337184276811986
0.10887938777525366 0.051016277699861674
0.10606485886809904 0.04918025914843338
0.10248858897844582 0.047671850255727975
0.09597588517543128 0.04347199520913155
0.09324191074372461 0.04284529398682455
0.09098162269333994 0.041461000454231074
0.08805897867888053 0.04010380715283572
0.08219975700645693 0.037043526075059285
0.07984751074213 0.03650308136945866
0.07741641098015573 0.03537760563188208
0.07234122028664897 0.03340083259114812
0.0671143263307607 0.03061817141716664
0.06277378076211165 0.029155262823622487
0.06198035846914068 0.029267528700782485
0.060221360555315684 0.02868907773681083
0.05880543788515887 0.028679305464736026
0.057276273216861615 0.02865065603626438
0.056324751026681455 0.028646375641721466
0.05534876350509293 0.02800527331742381
0.05436337987796352 0.02784684243362188
0.053235003911386476 0.02809824123546735
0.05229077915554531 0.02794881338564767
0.05137191573913705 0.027502095115094743
0.051349036389847016 0.027794250134485332
0.05055021409129492 0.026915498804212686
0.050177723910392914 0.027349678761884114
0.04931047918087502 0.026733256383078725
0.049570240052720156 0.02747089138731227
0.04907271602475566 0.02742663473440519
0.04638566462291229 0.025326148374374233
0.04597754494644574 0.025370817789184635
0.04435694433626332 0.02422527753467114
0.0443663931481586 0.024024291970745324
0.04430407027984123 0.024225652772765074
0.04435488878844229 0.023327775020790333
0.04407123756360028 0.02429293028273483
0.04427787522171168 0.024444990159756225
0.043259789697429496 0.023697853590929924
0.04197594435987577 0.02241248756139324
0.04212455711329559 0.022534374275254423
0.042172778636071474 0.022669162478866592
0.04176059098734373 0.022620483376995324
0.04179818978396758 0.022256982194587927
0.04176655159687604 0.022679387716926215
0.04121530541933252 0.02208250452172624
0.041082169168154964 0.022394807146488834
0.04116045727036435 0.02261433751307115
0.0411728336806714 0.022718136410668804
0.04088407952242753 0.022063680970771396
0.040431691299764 0.021952323705853132
0.040383234994136756 0.021792038073758343
0.0401783462286936 0.021800139196179107
0.04032716980753096 0.02227827427614642
0.04035089245849116 0.022262102854434036
0.04022248061326124 0.0221830147254578
0.040070288619229975 0.021867387223155767
0.039976013721438136 0.022081807650980372
0.03995598051528492 0.022495722071307418
0.03984983710478284 0.021936791529036482
0.03987505949109964 0.022196190943098982
0.03973459466091913 0.02221855245322518
