0.19298567307409442 0.11458097406973661
0.18948470733270903 0.11137134699680705
0.18082701124874972 0.10441913304658498
0.17710529476946008 0.1013311555028615
0.17338742792563103 0.09831024434260098
0.17117534311934926 0.09674330130258971
0.1681307602804036 0.09424028806263259
0.1650130726725372 0.09171578250673944
0.16153729235717507 0.08915816993706635
0.1592615449226794 0.08776264214275455
0.15563088860158564 0.08489414084941775
0.15344044602451018 0.08320545117636335
0.15088003624249838 0.08155338043919591
0.14748369056928945 0.07888266887263568
0.14419501019827807 0.07667700376572996
0.14165924957466317 0.07447384177995735
0.138201874730334 0.07247599506833348
0.13471145239353097 0.07001049088276969
0.13134079010914118 0.06791755254137573
0.1284369775221126 0.06571188743447001
0.12493577237553688 0.06320452610047562
0.12260499047588695 0.061897605557481326
0.11896437489887525 0.05956436758730887
0.10980220419784169 0.053818113162826475
0.10753701932034361 0.05266737874708602
0.09967118942014454 0.04800314698430871
0.0965681917147571 0.04657109735794701
0.09419368485114436 0.04504510786121592
0.09045734550282904 0.043081994652642744
0.08765370004743671 0.04202392157341706
0.08507383141155446 0.04074970614221043
0.08239627588180784 0.03927378985745675
0.07967808850315754 0.03810336763875232
0.07795712908053698 0.037960223096281435
0.07549909853412011 0.036333019033387835
0.07442105696204084 0.035742363365838234
0.06890306897535498 0.03360847687582171
0.06689419608273353 0.03245800679830437
0.06587348726563573 0.03199224284918713
0.060798509007457494 0.029875430450520372
0.059581310774444 0.029696451894845436
0.05591130581626674 0.02798432782911382
0.05503400549628351 0.02714479232984991
0.05376987426975671 0.027044605445962967
0.05239967217960001 0.026508630027993526
0.05157032950734472 0.02641845562863902
0.05070652206388878 0.02586308371921679
0.04809188700626606 0.024091696642261524
0.04707853750471915 0.024917872271943222
0.04664045473502863 0.024564662459294073
0.046062846620410776 0.024261517766635914
0.04561130927902342 0.02418299852505745
0.04481849026260566 0.023914269050650742
0.04469838067861451 0.02415125366232516
0.04283235607496225 0.02280269715186246
0.04228976336348281 0.02281404211682567
0.042375570971802744 0.02280417798537763
0.04242591309522642 0.022712549725796026
0.04226783384804811 0.023403910164363564
0.04194463684109563 0.022231401561826746
0.04189370099279992 0.0226566152183205
0.041591447151897956 0.022519276676107175
0.04161061393143619 0.02263353687304584
0.04161478915795564 0.022928910561410366
0.04141208478329885 0.022752300260428175
0.041526764657573205 0.02301387641883811
0.04153176822605121 0.023180050754665126
0.04166362302868021 0.023303747556435887
0.04155775326541019 0.022988205940579702
0.041504883023176564 0.023223890439769038
