0.19057964208846487 0.11127575826088278
0.1866478059671125 0.10784453320174324
0.18322602611071345 0.10478667619163425
0.17960191289197325 0.10159792932133224
0.1758343565228369 0.09826908442170366
0.17203269170899357 0.09506134907601366
0.1695140291614371 0.0934187865822316
0.16565508284387748 0.09027512519655609
0.1626406125899651 0.08768399713905531
0.16020066183788634 0.08594765273513497
0.15703043415511256 0.08318061950057482
0.1495642373282819 0.07753288126008688
0.14222692867263492 0.0724108830584542
0.13469835609936362 0.0673710836890227
0.13222892193873548 0.06539676802547145
0.128960017242288 0.0634170872270323
0.1261803513602624 0.06160221970203617
0.12305734117913104 0.05961985093863305
0.11486800127654828 0.05410537206962162
0.11114738471537201 0.05195601483221226
0.10809192112855938 0.05033344475253968
0.10546363660598722 0.04925212718422522
0.10326594007699737 0.047338879062044016
0.09962122007189854 0.045990476011175715
0.096550349273538 0.04419249732628449
0.09328168396819599 0.04254933300902154
0.09026726159250471 0.04149051770162026
0.08792833388693325 0.04020465571508418
0.08506857731666241 0.03912663063397456
0.08257732983850408 0.03806660358333149
0.07606515923300469 0.035550460572541284
0.07460297751209749 0.034971994859488306
0.07318607422487841 0.03441143541906173
0.07075100226352908 0.03327422653106484
0.06583943410394033 0.03161888810742395
0.06448007565065353 0.03140647950255074
0.062470358593321014 0.03120334923457121
0.06090169092087975 0.030008486736609313
0.056849843250534396 0.02832099798504101
0.05521497436178714 0.027971627309965844
0.05385946052965416 0.028263506300676235
0.05325576403988616 0.02767570017924948
0.05198611500946227 0.02725446152526834
0.05170635777579081 0.02720409456731407
0.05046020737627961 0.026689600261395417
0.05065835618209719 0.026670919444647872
0.048134077519206446 0.02563787729528459
0.04805278508761178 0.025902450232274717
0.047383275195128645 0.025645180139855357
0.04749085755792575 0.026205035203920896
0.04660119881703258 0.0252372220838538
0.04592570414691275 0.025162226242103212
0.04533369951873578 0.02473766271579717
0.044352923735279555 0.024757342073746188
0.04405906636549606 0.024198957833882814
0.04393105915358046 0.024916139811140343
0.04403811485594554 0.024631304584040337
0.043764079069694754 0.02446958408956187
0.04345538902701649 0.02406969532597221
0.04249909816582748 0.02407130918445459
0.041905288528715286 0.023115678267045456
0.04175547757491371 0.022689746469417394
0.04185499724527867 0.022604326667151436
0.04154815051411251 0.022454653437330732
0.04127485205246657 0.022525089724054596
0.041240216947327525 0.022270293045178885
0.041198462350711874 0.02236729457600192
0.041316568346505336 0.022728133631713998
0.04120145473953022 0.02284980722649341
0.04127685336210827 0.022652052888441812
0.04119356440869401 0.022927590887328108
0.04118653588583748 0.02295870759017399
0.041383344101464443 0.023091575641449914
0.04125698868817658 0.023219961052359225
0.04124175383822462 0.02306127936164524
0.04112563000078444 0.023040868639735142
