0.19394137202503733 0.11382198832002678
0.19106848952194327 0.11143241199372496
0.1868308674477939 0.10779506958390478
0.18269074047471712 0.1043716478497257
0.1750208956442519 0.09854169557917537
0.16662288787472498 0.09163016037258359
0.16372460523117044 0.08912804848389608
0.15595440682461104 0.08352472988913924
0.15391004083667295 0.0823102078758354
0.1506929423062284 0.07959664137842597
0.1476423547418916 0.07744025719037084
0.1396904321431027 0.07233709842226141
0.13612627829468216 0.06969448449677268
0.13256180790372565 0.06720158315543637
0.12917570443567794 0.0648495558868589
0.12572898786809483 0.06318750119051507
0.12302648198692637 0.06110280833149654
0.11943294723585082 0.05931067923476413
0.11671845110710848 0.057503785625312935
0.10882692098729962 0.05265013542959226
0.10147164269998428 0.04829171824147999
0.09785685163800978 0.04661509567999499
0.09521541928188354 0.04503766853441473
0.09290503286517268 0.044112300839585235
0.08970551683377043 0.04265300574015342
0.08208042919944897 0.039307087068149164
0.07626973460459885 0.036408892411963115
0.07414337450765165 0.03563126019591116
0.06916896131228636 0.0334913013953857
0.0668959604875108 0.0324596403700597
0.062243979437703816 0.031413180285818854
0.05829261253413288 0.02908485170774284
0.05722202730875766 0.02905169798911801
0.054480999160183875 0.027758373445187327
0.05358411425336172 0.028295856450584782
0.05281325164463991 0.027906042488972427
0.052096278004614076 0.027394734870594413
0.05074269415990148 0.027586474230961285
0.05002191241724619 0.02737110261508539
0.04893729860220955 0.027347082379220546
0.048469443937976385 0.027002513304856212
0.04855261309124774 0.02699116886554799
0.046069989166187826 0.02563366014672588
0.045565554654656316 0.02585040563824533
0.04375947325480316 0.02536947741320805
0.04388647875320456 0.024012686192304237
0.0438541002886561 0.02475772008626812
0.04376667219944651 0.025085247256372997
0.04368321528023338 0.024739232556573277
0.04252039627442097 0.024494826191603536
0.042706058063953715 0.02443078551629577
0.04225192024294505 0.024688019149604886
0.0423167778901216 0.025118068800035646
0.04166742445031334 0.024445281631645114
0.04143969607619244 0.024184069870988985
0.04125033649430791 0.02452203264970557
