0.1891587168873766 0.10778012016882026
0.185308278125184 0.10455262227529971
0.18138608205723902 0.10122419605560008
0.17738227738675838 0.09829777848756148
0.1695698540505466 0.09210985573360377
0.16586599645138658 0.08922896526744742
0.16300958036695581 0.08692029681290346
0.15540509797325477 0.08141206962120422
0.15163611448602143 0.07879181953509244
0.1475199781998852 0.07607847823842054
0.14383658983217376 0.07329423302362825
0.14031989728892313 0.07086315118175555
0.13670089692032364 0.06866188123023889
0.1335253199026554 0.06643615111554212
0.13020641993295293 0.0643457264969727
0.12282745365520675 0.059504495738324475
0.11845716732822405 0.057143760317975474
0.11576943074377367 0.05542397980695866
0.10816651995773065 0.05139729982098355
0.10435871584474908 0.04920843416874341
0.1015697447279846 0.047472840052339496
0.0979809019770671 0.04611527151285021
0.09132247947863717 0.04208123149968986
0.08872579072564422 0.04171522158259732
0.08656665096081193 0.04039344539672487
0.08377347291867014 0.039317675305233675
0.07808359676288687 0.036387215886869016
0.07591258369385757 0.03612884033674853
0.07369470030131935 0.03520198348283391
0.06874834310387759 0.03325736030593355
0.06372677393872785 0.03045448451977758
0.059660085795978646 0.02871316534216911
0.05880747426703285 0.029061648960002965
0.05726746646419249 0.028656788498828058
0.0559089410139614 0.029087711925898582
0.05469915289580594 0.028804144498314817
0.053821659176103466 0.02877343662087075
0.05291839684059329 0.027578807182854766
0.052071817793481245 0.02826864489473778
0.05103412071388093 0.027833210569723783
0.05017114519906826 0.027347896380937937
0.049389711205976586 0.02707176938870241
0.04946883781836938 0.027234620041196426
0.04866586130079436 0.0268587494030498
0.04825456966009116 0.027049566014630082
0.04779090227758915 0.027116862286504534
0.04799124392209487 0.02758456708759661
0.04724682416424204 0.026738600845645145
0.04501460943479776 0.025357998047732686
0.04512663439530057 0.024697104594252263
0.043315303863057625 0.02333842910238588
0.04341907309186898 0.02423002429655937
0.04349856864874247 0.023927346528906112
0.043436528478144075 0.024214253575525865
0.04353727907029517 0.023632505876871816
0.04361383265429661 0.024189796092617854
0.04239204665328832 0.02325263895302482
0.04122778245086158 0.022712799988918682
0.041186106099003 0.022252681698004265
0.041261495351721196 0.02302312457287184
0.04128760416308902 0.022886288641375648
0.04112249432074657 0.022375022717986314
0.04113680170021883 0.022517424234497135
0.04074091468945646 0.022098192154324663
0.04050965358087355 0.02191483205972521
0.0405450530850735 0.022324960595711704
0.04032946013820334 0.022599526329449268
0.04001543807451843 0.022182667630220913
0.03976616576719599 0.021773863148651578
0.03967577676516839 0.022128425623607118
0.03992175492534174 0.021961291896298085
0.03986197873223853 0.022097534147524234
0.03973103698199812 0.0222358723715322
0.03972540938079578 0.022249591344273532
0.03949267249429008 0.0221914428410747
0.03923969876344376 0.022464190010192755
0.03925407082798731 0.021874637359184938
0.03895835943096457 0.022185031630212678
0.039103390548029554 0.022263044970077014
