0.1877537162692187 0.10886903647445392
0.18390089836395906 0.10552641710376504
0.1805496144002981 0.10258279320710448
0.17695562615826993 0.0994388133677485
0.17323736520557145 0.09621084811706866
0.16948693008829815 0.09309378031247237
0.16699762646591623 0.09149523999187523
0.16314990280338093 0.08839972448467069
0.160148982086038 0.08584597965074504
0.15772486944949698 0.08415057543608508
0.15455373208052242 0.08141353082268914
0.14708195265311225 0.07581473189611337
0.13981586763916398 0.07079311137406868
0.13238876816767825 0.0658604635718352
0.1299532222119401 0.06392262434849774
0.12671056435629607 0.06198773217108463
0.12394685149753883 0.06021033962750376
0.12083459476486508 0.058243629069643726
0.11270164583108624 0.05281476566299854
0.1090665493484272 0.05074559398282742
0.10604646776700266 0.04917777094859557
0.1034617045474045 0.04813988722378515
0.10129629709072012 0.0462487095609165
0.09768949663672732 0.04496425632710249
0.09468038874357743 0.043206410902230444
0.0914953858417742 0.041628537685743774
0.08854375096522493 0.04063316212975603
0.08626618398780692 0.03938641327195763
0.08348878753346113 0.038360808905165314
0.0810638992697384 0.03732915661720408
0.07472262039878805 0.03493574511511485
0.0733309776610179 0.03441859522935228
0.07197094891263581 0.033884111208084156
0.06958962983010815 0.032770699985802364
0.06481686063346946 0.031137332167353864
0.06354086773875069 0.030979775859561538
0.061588853513480056 0.030817583082082375
0.060052963271199404 0.02959948156172621
0.05609831796531809 0.027903953204106054
0.054560359383886196 0.027625381798975283
0.05325473465813265 0.027952857434138164
0.052660460602275846 0.027348332494486757
0.051538611640367604 0.027228885376710626
0.05111314182862017 0.02738176743217606
0.05030641295448306 0.02677343184339903
0.050185175723030086 0.026564078234850328
0.047656913592144357 0.02534862689681807
0.04750688239852575 0.02493583266288938
0.04727090501022219 0.025368179413046903
0.046997640063331014 0.025259737838566998
0.04641820346819109 0.025119210706399782
0.046063655665349465 0.024571616109032322
0.045235295410922305 0.024332562646639824
0.04420106359361518 0.02416780604715688
0.04370728592383364 0.023824928588651286
0.043736156491153026 0.02421348795774424
0.04385170578994009 0.02447647402385203
0.043540875590778946 0.023836700579788647
0.043403905575874646 0.024262872567057062
0.042501606984612784 0.024001656887511883
0.04175606168921105 0.02300526929652265
0.04179154423886345 0.022379445742919835
0.04166149741472927 0.02257333140850573
0.04131851220228173 0.022147716715178137
0.0412305311832003 0.02210939702188163
0.041045931913952186 0.022175078093478483
0.041192209455037064 0.022529405041300958
0.04124265394878118 0.022420222657199965
0.04119879271043742 0.02263118607609104
0.04109075550453993 0.022976762294600616
0.040901176900298084 0.022750117730706412
0.04103050076329375 0.023064355948049776
0.041280343684425985 0.023310752736413105
0.041269255088420734 0.023060407662163954
0.041072782020341425 0.023026629981954146
