0.19057649076271352 0.11259605295775699
0.18708123244106573 0.10942687502762065
0.178030509644237 0.102294921875
0.17433842195130322 0.09923214817165127
0.17054448171419326 0.09619288438618637
0.16832772371859617 0.09465571985620691
0.16527678227779521 0.0921603670300623
0.16213071079056268 0.08965142506138689
0.15854185461570142 0.08704667397347865
0.1562289993767038 0.08565893606476213
0.1525444577353694 0.08276287346567306
0.15026966792163507 0.08106596233441422
0.14766539910875384 0.07941979874733461
0.1441703323112583 0.07671247903420264
0.1407996987554914 0.07448827248907604
0.1382150994730481 0.07231097788656476
0.1346730422247936 0.07032788556351643
0.13105219194029594 0.0678324841854533
0.12759816876863148 0.06571747090510098
0.12463926425920296 0.06353686937747205
0.12101262994530683 0.06102605006794679
0.1186596982774471 0.05979520498663161
0.11494525971594363 0.05744827537543364
0.10531857591220656 0.051796546141671826
0.1030892730846359 0.050718407633449154
0.09499637214950774 0.0461903316342032
0.09205458989929201 0.04499852229538625
0.08978601504429877 0.04357240409507165
0.0862019182446214 0.04175219536670552
0.08351088899076271 0.04087721966424342
0.08105084744074702 0.039712936565904244
0.07854855087463718 0.038463951948360435
0.07600206968659907 0.03738624771007574
0.07436177066070623 0.03737335987303479
0.07200720624944841 0.03573699028685423
0.07100948033062278 0.03516347614387457
0.06560691437430131 0.03307343203629077
0.0637359819642472 0.03186088023894622
0.06302503952292406 0.03199661521918364
0.058157472345444605 0.029531720629930286
0.056877296183061546 0.028962187744270097
0.05311254422675724 0.027203804489494488
0.05258042309830307 0.026881066400380613
0.051509137540695055 0.02709771854750613
0.050304589477938866 0.02641292340725539
0.049282223976923945 0.026320879759037477
0.04856864329040332 0.025493517304680594
0.045981377034139716 0.023987196729611818
0.04545220058952666 0.02468927635285929
0.04506706467173067 0.024093045306665138
0.044892672354882916 0.02421165764363427
0.044459387265206714 0.024575449077194184
0.04388392900919806 0.02414378475885794
0.04415685571428396 0.02372811829767738
0.0423507590178764 0.023415306378574113
0.04201831139436937 0.022972488605619974
0.04196103609663359 0.023184539109800357
0.04183731149426837 0.022925115419778593
0.04183849415590863 0.023059356079856815
0.04134814923316794 0.022560882972958697
0.04110248599115741 0.022827598891410807
0.04105785128747132 0.02221677125037633
0.040955821583454274 0.02233773700672977
0.04108016863931436 0.023081565885255548
0.04105642443253692 0.022992691598386125
0.04097038220713046 0.022604656573506826
0.04127877439711261 0.023004797210072973
0.04114512884365991 0.02363114123507104
0.040972809775760455 0.023202732592605125
0.041377189082755596 0.023188007874646456
0.041034719957981136 0.023811212208912906
0.0408982685756977 0.023593208700054966
