0.16927178451399238 0.08592471867262115
0.16945349193868647 0.08606148103458282
0.16931062332694344 0.08593333851207387
0.16921343053812363 0.08583714930801202
0.16917558759217133 0.0858066803075671
0.16917074231619667 0.0857946060553093
0.16907000653901594 0.08572248439296294
0.16912255767448817 0.08576317089878294
0.16912221295129629 0.0857601590826185
0.16911778900366725 0.08575782735397507
0.16922628105266513 0.08584798213066801
0.16924954986811658 0.08587499671830784
0.16925351418482312 0.08587756054031162
0.16925646348324247 0.0858762597379897
0.16923872939014944 0.08586044500436638
0.169239629500706 0.08586128161996762
0.16924114245249255 0.08586223158348902
