0.1876518697173086 0.10878269774440662
0.18371216241640845 0.10536581929344822
0.1803110659515218 0.10238113106456712
0.17663869148591935 0.0991714849967943
0.17283426888654102 0.09588031478682128
0.1689984190228369 0.09270347484565683
0.1664802544087798 0.09108080761062412
0.162549624818599 0.08794382835471845
0.1594872188897278 0.0853467414351289
0.15703844896932362 0.0836375573518886
0.15379623159331365 0.08086961733396711
0.1458808317205395 0.07501718894221734
0.138178164359728 0.06979722035492018
0.13025955664614058 0.06465558057797853
0.12776172112475975 0.06273336717506411
0.1244378330792085 0.06082547879025082
0.12159395292705229 0.05902371644383401
0.11839000940098447 0.05707703608272351
0.10975307516068697 0.0515379499199958
0.1060297869947737 0.04957394891717976
0.10299268949357251 0.0480436170569232
0.10038036756991293 0.04713346024558111
0.09822697754672302 0.04521863334879759
0.09460646477020905 0.044109132629761565
0.09158877709983919 0.042444696686147254
0.08848865270839053 0.040999418946176105
0.08557079112900062 0.04022607847199577
0.0833403267454944 0.03898969825013265
0.08062673280857782 0.03804732903938307
0.07828019246585248 0.0371034107403912
0.07195458892448815 0.034855686399596804
0.07059859152232213 0.034445879692992516
0.06934780651100908 0.033881417845600184
0.06699913079962298 0.032803946010291386
0.06220724861712376 0.031098691321616887
0.06099821820242636 0.030946918456513088
0.059170232508898454 0.03080073472337753
0.05760189998400484 0.029367569018304243
0.05371212966770523 0.027852110024429607
0.05230018177636933 0.027508954593643605
0.05122919863655083 0.027892877493049723
0.05030137137780191 0.026990827756759594
0.04984863013131962 0.02684823337442933
0.04958612342070815 0.02702838100221497
0.048984562299600916 0.02669658195352571
0.048338464857232505 0.02617597765495805
0.046084142756155376 0.0256335457854782
0.04639757753054401 0.025561545567332034
0.04595593445571119 0.025459338128461323
0.04546848628675822 0.025506080651730247
0.044976843985637456 0.02511512478375376
0.04476131538556293 0.025504769054368312
0.04407233342056107 0.023930728077087293
0.043346734192066895 0.024572023621792925
0.04274506773887325 0.024299427271310965
0.0427518999610233 0.02420460363981114
0.04269622237771366 0.024057348498954002
0.04262325596876716 0.024246747476033285
0.04224341888954395 0.02397890903943834
0.041500779802162595 0.023743161558050715
0.04088560211497637 0.02264410504023009
0.04086587150006374 0.02239365606372079
0.04087963170080601 0.022316405407986878
0.04046837693290124 0.022272809638882594
0.04043222887597564 0.022357900192428067
0.04060534215998343 0.021980532581071615
0.04047600872134354 0.022328190892924257
0.04047619544640581 0.022359172657769943
0.0404269335447227 0.022373606975651227
0.04048756652391552 0.022572620285244684
0.040360488149489136 0.022802460180983596
0.040439420184783886 0.02264993706059869
0.04039435720309068 0.022820139757769666
0.040578827201141844 0.022861236475110264
0.040345033059720155 0.02333053194848227
0.04047365311286574 0.02271717126857783
