0.1907515655622244 0.10804941543500378
0.18663633788584028 0.10464911332781089
0.18188711492528173 0.1009158813281111
0.17785569650293973 0.09802200488402864
0.17533963896374327 0.09566034284102028
0.17278074856075454 0.09383837664769948
0.16896288201249388 0.09088694516969012
0.16543585022660462 0.08813156239228451
0.16172701800587946 0.08572610292840187
0.15828432179385105 0.08263175297920188
0.15432924845357668 0.0799569830820667
0.1503911895976237 0.07699907998813045
0.1478891895823126 0.07527563763224682
0.14519032681589908 0.07360277377801992
0.14181225310815776 0.0711223532393869
0.13833154703576678 0.0691040125929828
0.1352447195768006 0.06688797276674524
0.1318563204311612 0.06433130986027565
0.12900538951494364 0.06262140251991694
0.12521991555916218 0.059983806409905374
0.12205014966621754 0.05825731283913005
0.11996313847378735 0.05719215652311088
0.11660009837395885 0.055098377031653066
0.11314199534541891 0.052900242733374285
0.11035184001408624 0.05148313800925102
0.10761069941205291 0.04952519187255382
0.09936849277315042 0.044916947993746945
0.09589929875061244 0.04341060066324942
0.0940147580077168 0.04203506467011958
0.09107151059529642 0.04103599810299129
0.08794762065164136 0.03978933521997587
0.08484658255756981 0.03840832929979374
0.08228974958659971 0.03747584925408763
0.07461548987934837 0.033673221117829624
0.07311711955689613 0.03323930252745703
0.06789193123009554 0.031046847180738246
0.06651052352553895 0.0307822302977951
0.06474778275814552 0.030496792402201288
0.06344043303680794 0.0301263141072193
0.06191808166952474 0.029667708908105488
0.05985187446411073 0.0289457083978468
0.058169196510595295 0.0287378348822357
0.053992303290360116 0.026083367508387908
0.05331343206455169 0.02674159654156845
0.05020072402468153 0.02456173152818393
0.04956180047311367 0.024350369746437745
0.04905305016689123 0.024676439834646305
0.04840961461905929 0.024961975455983977
0.04790460596827536 0.024987490018944028
0.046105324251286134 0.023810614175462274
0.04434947348879226 0.022911727354208825
0.044131285215580594 0.023305724978213673
0.04424577413032827 0.023700925171788827
0.04387441722041891 0.023298840742479374
0.04383916814674179 0.02396224652548062
0.0434261075682876 0.023574712373590663
0.043311130611526215 0.02450876688961456
0.04202041259646007 0.02350089143251868
0.042039651978196965 0.023724623664675436
0.0420495994227707 0.023578241358785692
0.04207334601604606 0.02381718894634101
