0.19071326861832436 0.10801790431181618
0.18649648992528173 0.10453759739564801
0.18164234750122488 0.10072387195825365
0.17751655515066145 0.09776072967860479
0.17496135855585498 0.09537383267684799
0.17237397032704557 0.09353216931693092
0.16847011268985793 0.09051926291682419
0.16486790329495346 0.0877258974003041
0.1610747833476237 0.0852570302162788
0.15756586653294954 0.08213639204197985
0.15350908906479666 0.07940210173762453
0.14946166095051444 0.076405374377335
0.1469163304599461 0.07467562871097225
0.14415334280071043 0.07296659547310032
0.14069239764514943 0.07048340603839119
0.13713620774130328 0.06841668029035926
0.13394891061366976 0.06617472142516623
0.13048065439735423 0.06359415371590631
0.1275748905254777 0.06188907294145281
0.12366192277070064 0.059222854046905575
0.1204071514423077 0.057488173230477786
0.11827540306528662 0.05643809925426136
0.11482474506981871 0.054324769184823096
0.11127645953270456 0.05214866661257728
0.1084267056589907 0.050731046113694736
0.10564291401273886 0.04879267227180995
0.09695926858770211 0.04417322250770687
0.09349489756859383 0.042798940661623264
0.09163819435938265 0.04144849575323008
0.08872617206638903 0.04055240225948869
0.0856399187744978 0.03947044797394119
0.08259826869487996 0.03820214155326426
0.08009164663461539 0.03737343267451994
0.07223689272262371 0.033551012360525816
0.07083892508268005 0.03321095391792497
0.06558726286899803 0.03099820962093878
0.06428468830383391 0.03083587087275952
0.06262777609780745 0.030567760294473292
0.06134879501469868 0.030149187360491072
0.0598805445400539 0.02970174461300953
0.05782092590182509 0.028879311898704355
0.05619395650875796 0.028699366229005905
0.051959053275048996 0.025813617309287995
0.051395096804568836 0.026635860001313433
0.04837571483800833 0.024401037830026354
0.04778711224583537 0.024297831300695773
0.047345525133206764 0.02463195833356498
0.04693042626163645 0.024122788205814413
0.046654893051812835 0.02454903532529382
0.044747036340948065 0.023996727425440036
0.043043152483463985 0.02352575449051965
0.043130052670259676 0.023647927957971503
0.04296833372887065 0.023229230152205457
0.042933309537297897 0.023772734591299645
0.0427214897338927 0.023284836100463106
0.04251036371570309 0.02439300531680167
0.042522626967479174 0.02448478336330835
0.041281105501286136 0.02316934327344584
0.0413761971383513 0.023018405862050513
0.040849279228931897 0.023780370772340888
0.04089643269996325 0.023830846119045766
0.040206915459639885 0.022605218702396703
0.040427194657949535 0.023387114235226995
0.04010763718765311 0.023610575006984134
0.04049086978656296 0.02329858828430773
0.03998119602829495 0.022770691460889548
0.04010739316664625 0.023402210148049725
0.03954814008145517 0.023239244326347348
0.03959884142653724 0.02293510823842788
0.03942461999709089 0.02329064535301492
0.03950635746493753 0.02298778512897366
0.039430093723205537 0.023545600960335682
