0.19145683925256365 0.11178296553220786
0.1885998797982477 0.10942800980916384
0.18434182634223245 0.1057944090181176
0.1801837044055968 0.10240610747833943
0.17208693002391756 0.09632208653751959
0.16341700262381148 0.08931418338830112
0.16052702682377612 0.08683707763076617
0.15232574544424307 0.08106694874220383
0.1502721133929799 0.07990737112504354
0.14698101105450948 0.07717101476782916
0.14385740767854688 0.07503334930324256
0.1353065961939386 0.06978318849867207
0.1316832680756915 0.0671811636961615
0.12801913474690102 0.06470728402185921
0.12449304274037895 0.0623485388468467
0.12094943538020096 0.060775299763189544
0.11822470437612957 0.05875477779206396
0.11457658042589973 0.057052543212295366
0.11183088087687117 0.05535073381647836
0.10366861096684445 0.050592925398244296
0.09624873881779919 0.04645495014463057
0.09282683726659496 0.045107127647705504
0.09026462687423877 0.043702864638607244
0.0880872362836172 0.0429847289443805
0.08498964694879087 0.04166210656878592
0.07751533907576025 0.03861454744780782
0.07198541771029782 0.03596950997379506
0.07012231548908239 0.03547618232176969
0.06547850699202175 0.03338749539100597
0.06340953221996307 0.03299195207564601
0.05914729176949503 0.030934540081921043
0.05508389278869293 0.029388270947792852
0.05484827962776746 0.029333613550816626
0.051706527813077066 0.027984531446434986
0.050916687040495345 0.027877273479848322
0.05037440171542266 0.027881169227804717
0.049622498086164646 0.026721501259054717
0.04906104754936989 0.027093090773542265
0.048229519084023356 0.027352399836015055
0.04773219239125363 0.027327816231414358
0.04740615837532414 0.02726988226061123
0.04735239890130196 0.02674294381721308
0.045273064555339464 0.026219590206006727
0.04443254340431253 0.0255386049595497
0.04294424193395902 0.024864590072498968
0.043115784007948785 0.024781673887140532
0.04316700634558433 0.025112549380864137
0.042601435959723204 0.025242105588311727
0.04271093090056773 0.02530629242060285
0.041803508964177664 0.024503220917247638
0.04193693643917963 0.02448188731247687
0.04176804181185418 0.024487823943400874
0.04169639768455082 0.024529106647700062
0.040988541428780154 0.024811194940379006
0.04084021247409339 0.024425882613854057
0.04059746271781196 0.024546180440755887
0.04016470111017798 0.02361659013780722
0.03998707998066827 0.024575297569240356
0.03998525506498753 0.02407031190474247
0.040191206751464766 0.024398851544132055
0.04028956275231318 0.02448333293791226
0.04007896844197534 0.024347409600789686
0.040284852983066166 0.02445258682341328
0.039903011558828874 0.024706421642509416
0.03988012217621037 0.024940373797069565
0.03996212347936803 0.02514645514360333
0.03981395759204827 0.02479384212035495
