0.18921594640526565 0.10782520234553399
0.1854367666342021 0.10465387223413074
0.18160691209914037 0.10139675197336641
0.1776933982052087 0.09852942904457777
0.17025354171368712 0.09259617502442692
0.16661747406924027 0.08975943936083787
0.16380193894986556 0.08747028328717833
0.1565546523113212 0.08215749617643103
0.1528818818782751 0.07958173860717109
0.1488817283207073 0.07690068386820986
0.14528640747968716 0.0741473689934459
0.1418599769640649 0.07174047392699917
0.13836160706619335 0.06956673573048865
0.1352593972938296 0.06734941630964013
0.13203030895199988 0.06525973144617019
0.12505704744139207 0.06053736003404674
0.12083728087956057 0.058177149947029244
0.11820859457796891 0.056449736021073026
0.11099053600867466 0.05246874395330614
0.10725452753333954 0.05021771743053421
0.10447328987620945 0.04842154916468141
0.10094263494053343 0.04698595790437544
0.09446766888725884 0.042843500884789984
0.09181747839307794 0.04229957182545999
0.08960335152616136 0.04094810358526919
0.08675654716417582 0.03966183296389892
0.08105302964558024 0.03666985862057845
0.07877790715217946 0.03620277564261346
0.07641468838316684 0.035107112571599715
0.0714430177611598 0.033170406918481304
0.06639541644843042 0.030464208546954592
0.06212964203070722 0.02897525038887532
0.06166876329350087 0.02955424008753897
0.059675710834310544 0.028582670934460357
0.0580451583061228 0.028144966418978075
0.05687599241273821 0.028289612663372234
0.05592604183021608 0.028202343003812247
0.0552256797931427 0.02831752233674441
0.0539240580397008 0.02786796029749391
0.05284727201109356 0.027673426148511603
0.05193256281370822 0.027701330461339584
0.051037675997058565 0.027020284041942955
0.05100942539110798 0.027575052121643354
0.05019082383520107 0.027180950272675874
0.04973052965937972 0.02718450699375192
0.04924800777646802 0.02686250714453331
0.049314226123523146 0.026747306369424347
0.048654299443236904 0.026611773050168517
0.046428438225239434 0.02522288285092438
0.045836066716815005 0.024920591042453453
0.04437890372009499 0.02403498089587816
0.04421067461987027 0.02392517282823341
0.04416214165045483 0.024314053507151052
0.04434950315732145 0.023836981155071196
0.04425850803221842 0.023855030107389284
0.04431077836130846 0.024452722744763306
0.042971260739063454 0.02304277364763333
0.0420375724626126 0.02263580917286031
0.0421924812296381 0.022667334533294725
0.04198821056598728 0.022590767200228075
0.04222261488988627 0.022780428614533475
0.04157850011591565 0.02254780511874506
0.04188207913420211 0.022816829389916894
0.041264446907566775 0.02220572869136508
0.04112648562921958 0.0217434970059002
0.041302318818936076 0.022479277261840885
0.041055451837968326 0.022714038274628656
0.04083566634018115 0.02222083202464581
0.04037536258138628 0.022339853527632618
0.04024087033945499 0.02206720552858225
0.040479222848446114 0.022358966547974212
0.04036102166150668 0.022368779024130512
0.040545393280633626 0.022608985009688432
0.04032781186675711 0.022302916697829297
0.03994003205159657 0.021875019297959115
