0.19063787425351547 0.11264763667386644
0.18720484212893956 0.1095276256532283
0.17866085393418188 0.10275196805741228
0.17502834940501874 0.09973843678876834
0.17130307057649688 0.09673733481126812
0.16910898904052835 0.09520650360932804
0.16610395593902608 0.09274560106670938
0.16300869580939026 0.09026125334209828
0.15950064367437095 0.08770213566295076
0.1572219946489684 0.08632603403070864
0.15361638968699132 0.08348252618609964
0.15138702940217497 0.081792552584533
0.1488325568688835 0.08016583134349589
0.14541678107042696 0.0775050243683158
0.14212392547289612 0.07531080672486798
0.13960225145068053 0.07314177134316444
0.13615777575800664 0.07117738229806544
0.13262640555744867 0.068713048753204
0.12926078035826355 0.06663536650354374
0.12636686956990723 0.06446134645820444
0.12284167602325992 0.0619644129973788
0.1205256893643727 0.06069556794782736
0.11692073558451332 0.05840613459748431
0.10783318269320344 0.05281390843720998
0.10561693223660985 0.051706530884716946
0.09783114985585126 0.04715198330055683
0.09482532192911707 0.04580645319301584
0.09251047483893585 0.044321597960595004
0.08887095094959208 0.04242871779950449
0.0861256437509806 0.04142931971382248
0.08361117103689031 0.040191763678434904
0.08101652631266057 0.038805606404399416
0.07836978701901391 0.0376965942706492
0.07670278952629489 0.037600839097992535
0.07430605628481143 0.03598638261104191
0.07326574018262517 0.0354109857325548
0.0678961738377395 0.033326905418963784
0.06596564868770716 0.03220138833024212
0.06497808312515935 0.031768868958673986
0.05998185002218616 0.029578708097752232
0.05883556360654994 0.0294439036959533
0.05521873532924994 0.02771686609924651
0.05438623729658603 0.026917741980172518
0.053157911510325756 0.027217409815998156
0.05184419468077674 0.025977971045103136
0.05109681476948459 0.026499634436421414
0.04992039681659279 0.02577288504390302
0.04726186921137402 0.024235226902751844
0.04653349807219449 0.024733005447482102
0.046434580635651805 0.024464243605129707
0.045776067931012084 0.02430271137217993
0.04518666192861451 0.02448721405725208
0.044553454352593204 0.023956126199081336
0.04406501988327139 0.024339484055808897
0.042514536108584695 0.023404719363005734
0.042403667564940475 0.022590743751519135
0.042305822663650496 0.02269695916529024
0.04251284590794093 0.02283223290230163
0.042218339218998216 0.02318995264871647
0.04182616478860637 0.02264641122344275
0.041560520789410464 0.02218837647002262
0.041631585826109554 0.022896701758123233
0.04167769526576811 0.02274248198356986
0.04150611356585489 0.02317381453046281
0.04151781569155848 0.02268242595767688
0.04147552715873767 0.02324176563777455
0.04147934806557542 0.02237510445136073
0.041339990304281315 0.02263063454724926
0.04147065765716625 0.023758336472304777
0.04142339907259409 0.023488854443160852
0.04124085740306733 0.02334300717722512
