0.17280189409845004 0.0899997287326389
0.17274451356966053 0.08994064942256617
0.17268532970763595 0.08990663470643939
0.17264377630564395 0.08987568131476402
0.17281075728945663 0.08998929046662749
0.17291625228371052 0.09007306233468848
0.17291122597192754 0.09005298302257489
0.17288187384586673 0.09000480968086033
0.1727685132492044 0.08992177125511581
0.17277494002190397 0.0899123534305882
0.17267226513387945 0.08983195114534352
0.1726640925811331 0.08982776308342041
0.17266234680108636 0.08982415964943073
0.17266040917707842 0.0898219274336849
0.17265856747505107 0.08982151287933211
0.17278871441831684 0.08994026675700975
0.17279232108478704 0.08994068131136254
0.17279375991449591 0.08994158482725967
0.17279354888613863 0.08994143601287662
0.17279433544637945 0.08994362571022728
0.17279504526903583 0.0899456453339973
0.17280057037511787 0.089946368146715
0.1728003977155528 0.08994628310992468
0.1728003977155528 0.08994710158903148
0.172799783814877 0.08994695277464843
