0.19151982162501965 0.11183414705037988
0.18870923085612132 0.10951688388464385
0.18454807778489904 0.1059610173495461
0.18047799304204973 0.10263762013997736
0.17280688204144076 0.09685544791598637
0.1645794811065928 0.09012509422076367
0.1617283728930929 0.087666138503162
0.1539636036706349 0.08211355498342802
0.15193467152937393 0.08092988538061106
0.14872709805160203 0.07823209852260482
0.1456688271366199 0.07609712234651199
0.13761380759309189 0.07100282334899372
0.1340825166152218 0.06839733861207713
0.13052774393650302 0.06594701412869264
0.1271103219417924 0.06360565366250054
0.12367588338772494 0.061984863068658025
0.12098196252381935 0.059941126053775905
0.11741889259377947 0.05819330112479863
0.114731321764989 0.056431710865388805
0.10693723878526246 0.05167655984685214
0.0997476944960121 0.0474449006243061
0.09625386105156275 0.045871629651852576
0.09364749777154055 0.044354756673177086
0.09138599319613881 0.04348264858308298
0.08822817444969944 0.042062693628771554
0.08076358347330269 0.038753553368579385
0.07513281453354599 0.03595996990888138
0.07308473156886001 0.03524337816387882
0.06823593300317755 0.03323648068100183
0.06607013938000943 0.032284911025155925
0.06151402755370403 0.031322236095974565
0.057706682707891324 0.029029721293620473
0.05703334877293533 0.028517884852702673
0.05381453803513722 0.027807973810539392
0.05317267130591408 0.027347462387377276
0.05256698634776982 0.027709952965300908
0.05201252372726112 0.027054505329935943
0.050557842911104725 0.02761203841605032
0.04988884464967144 0.026765816056408643
0.04911363197912983 0.026897407832024448
0.04905725383503752 0.027097363872255694
0.048556459562669435 0.02713445054243268
0.04631071017257976 0.025898143166409517
0.045582930921440355 0.025726887042910245
0.044253073378626925 0.025169962501326575
0.04433608426063031 0.025047206579704644
0.0439778588280145 0.025171689811129886
0.043781986143647846 0.02518091364547958
0.04365446266655126 0.025557225359229416
0.042710748648804614 0.02465818186580242
0.042886966919348186 0.025129678979313612
0.0424529871025607 0.025213105385413947
0.04249268441422825 0.024939063699018743
0.04170246954592222 0.024072549435287683
0.04144454493231131 0.024329163894467303
0.041457499195790115 0.024419988501325214
0.040901084562976385 0.02459055104350346
0.04091146332127633 0.023838440494145387
0.04074715856072214 0.0240270627246672
0.04098928962022876 0.024707649361169617
0.04102679511463981 0.02431280228453038
0.04093846535881267 0.024798322496244776
0.04107717813494519 0.02524138543299373
0.04081757968277296 0.02502822211626638
0.04073381581322195 0.025494768494141305
0.04062820571259135 0.02499954877353138
0.04058638372905371 0.02531983187206113
0.04062386524296961 0.02508382023273549
