0.19039431880818225 0.1077400374467677
0.18599972057202352 0.10412620458923567
0.180929825300098 0.10014284897732832
0.1766452374755022 0.09707255584874244
0.17387277605952964 0.0945211647032334
0.17097128016291033 0.09244560020458993
0.16690211982484077 0.08929707761804227
0.1630281188755512 0.08632422791450309
0.15888118760717784 0.08360837520048979
0.15518072865629592 0.08038034729210217
0.15088624601910827 0.07751686355436088
0.1464813510534052 0.07431031359279099
0.14369519575269477 0.0724484481499344
0.14077334563326802 0.07070134530562011
0.13711333675281726 0.06812455089591488
0.13332869533929445 0.0659379862398678
0.12981287895026947 0.0635398670651908
0.12620160728503185 0.0608939968421989
0.12312398563816757 0.05912325522628591
0.11891586729850563 0.05633995546138365
0.11551130534970602 0.05456242190627224
0.1132828193900049 0.05350599575670477
0.10975393113057325 0.05139421301154432
0.10603433327719256 0.049152921938934356
0.10298468313633023 0.04765783207120897
0.10009798161134248 0.045729149365590534
0.09057466468642822 0.04061497116699653
0.08706376699534542 0.039355929689758554
0.08521996340641842 0.03807290197161037
0.08226330919279765 0.037248680333271715
0.07917113719530867 0.03626352882622782
0.07634116337732728 0.03519678175226689
0.07384306769812592 0.03451286170686655
0.0660844484933856 0.03050769696645392
0.06479004623958844 0.03032067432413744
0.05964042786930426 0.027966219554738925
0.0588867761667075 0.02759954984916357
0.057053570745039195 0.02724825837522655
0.05636732625704312 0.027724364626303705
0.054900807853074475 0.02700600440000389
0.05311758846000735 0.02614359914185504
0.05192075633114895 0.026377546428849406
0.04771969546178344 0.023538287817169986
0.04729669222348114 0.024114701400509808
0.04481899861434346 0.02291970286074959
0.04454030748560755 0.023648413872086816
0.0443590142316879 0.02312900154345868
0.043791828071411076 0.023887679068309686
0.04329812094255267 0.02376816048356609
0.041735769269047034 0.022968226407181217
0.04046544853931896 0.022015335254027865
0.0404672571656051 0.022753820197053323
0.04055832484841989 0.022904560799658923
0.04038828526916952 0.023120798010182242
0.04040029014576188 0.022794901656629438
0.040557688479911806 0.023048947871611478
0.040662875888045076 0.02335866518534708
0.039776570059866484 0.02241594836797139
0.0398089315516291 0.022606011366763587
0.03993675788905561 0.02349653992231281
0.0396878875627756 0.023543939622690024
