0.18738189400420655 0.10851495916193182
0.1831974332370764 0.1048883762636242
0.17966995741979133 0.1017938916827412
0.17583881877304283 0.09846356786263044
0.171847460447227 0.09502669699756257
0.16787690042065423 0.09174355829736137
0.16526499024969604 0.09005141418478621
0.1612262707875745 0.08687369444786047
0.15798209040449973 0.08416266048338289
0.15541635398996412 0.08237461863282632
0.15191305667433128 0.07942384841967523
0.14326376985299163 0.07306830639294361
0.13496386956225975 0.06745586253578771
0.12625781832199168 0.06177098935764503
0.12328430309840269 0.05951505808767853
0.11974368949724958 0.05750566394159555
0.11672319616312363 0.055640065126044615
0.1133293771878432 0.053589628237821124
0.10411113431396102 0.04786428985217877
0.10030670213893846 0.045947927360952975
0.09715658330902396 0.044379904618480834
0.09443473516679086 0.04353486348851477
0.09220508471304323 0.04159921835706054
0.08846244417016395 0.04062650428882622
0.08546737417143865 0.03905413384398766
0.08258764280732762 0.037850953767693506
0.07975966780021866 0.03737435275099073
0.07755959651146259 0.036217683104605145
0.07503907150110556 0.03539054284974548
0.07276159549230762 0.03451042323724769
0.06645851865396778 0.03193579000089124
0.06508637192782692 0.031690569871889646
0.063976621792389 0.0312674987598658
0.06179817230827875 0.03033125303556525
0.05716983734121284 0.028344900902396258
0.05611997328471868 0.02833506931970176
0.05430480937879961 0.028531512060391426
0.05312226998383325 0.027004718274500076
0.04954217600156642 0.02564768458913905
0.04848059614437068 0.025938551544847952
0.047574917350699616 0.02519534002735204
0.04689536260743107 0.02469822033833901
0.04621967163660476 0.024763800206435708
0.045963882240412715 0.025052351626061196
0.04524246756844211 0.02512828123877316
0.04511018483138286 0.02483051355373408
0.04305174689626559 0.02384617052864261
0.043405380225084327 0.02385507373789574
0.04287354894517768 0.023688479282850085
0.04281057472097339 0.024255658781566426
0.04227274908778583 0.023151533992458326
0.04240542442625804 0.023083495553998
0.041841342376622806 0.02285142108497579
0.041098023418501925 0.023499196352450975
0.04059838066663643 0.02290318600061212
0.04060994325703052 0.023118207005169183
0.040558651318773044 0.023238169586106076
0.04071598872893052 0.023512209773190164
0.04027497285879403 0.0226395684246634
0.04014438740467255 0.022737700735928103
0.03985897575308994 0.02158092583790237
0.03961384404891331 0.021283220224343386
0.03953113202806323 0.021529685831086814
0.039532743130203024 0.021230763076766034
0.039244573693085434 0.02125777901378587
0.03947748448132796 0.020806709616100743
0.0392941228640951 0.02164302565497394
0.039559262876866716 0.021839703187783954
0.039374000494256454 0.022551088228552934
0.03968231948072124 0.02198610956861984
0.03942164650597765 0.02258328578478041
0.039285004456887845 0.022491992131365792
0.039559303573354646 0.02209033163183352
0.03952491504105424 0.022798009925737033
0.03957734887488479 0.02310764675727361
0.03957613516198007 0.023138337056038866
