0.19132082188408572 0.11166989848988267
0.18826378836265323 0.10914154212178356
0.18358676687981298 0.10512460610958725
0.1792058565510569 0.1015523593627547
0.17018159335464797 0.09475331720015348
0.16063415249170007 0.08704509356427965
0.1575206688846898 0.08440631160915459
0.14822953155388083 0.07789635201523587
0.14597879901689945 0.07663070694655336
0.14244755600001965 0.07371411511226217
0.13899710806739157 0.07142498317972287
0.12939534658683502 0.06563531177378581
0.1255701890292266 0.06298009645893199
0.12145103060110699 0.06023655449293582
0.11761340318602173 0.05774147408384764
0.1139731064694081 0.05619604734542352
0.11101665673682323 0.054116807470584075
0.10722101437264261 0.052356987039372714
0.10413603877826398 0.05053593480433375
0.09557752475861425 0.0456716018618295
0.08778919709772316 0.041482057109687935
0.08451184997126945 0.04044032985430817
0.08197956723685762 0.039157517983580414
0.07990805053231327 0.038581611635958184
0.07674758913530862 0.03738501644101304
0.06943421436521442 0.034484871253449095
0.06420276383455868 0.031709142862317956
0.06261928377896384 0.031642335833925186
0.05800049653054033 0.02912617161563779
0.056208745874587455 0.028907002575594306
0.052250506161107185 0.026968838735890694
0.04942443838064052 0.0258699959888146
0.049018865858405036 0.025539931001998705
0.046518007164834785 0.024891134838076347
0.045976724224459274 0.024998942886400373
0.04578448218705799 0.02513423641979466
0.04497837304656805 0.024707516491184744
0.04458858928233783 0.024080343588600173
0.044131837587358065 0.024498514662383532
0.04398515849073747 0.024720197602540763
0.04362727837725179 0.024927798981701443
0.04369321994280901 0.02531085783328299
0.04225500413462105 0.024413483186865967
0.04189326316141659 0.023986428425894178
0.041047125778426057 0.023614979753590594
0.04065406148245963 0.023857297402398173
0.040605409853903915 0.023876425365420097
0.04058435497916421 0.0240150831668313
0.04062973087208274 0.023874727287013453
0.04015897696598622 0.024460713151687945
0.03990865656738665 0.023822028393614213
0.039939694522256354 0.02484040773525258
0.03974698246715017 0.024814280181427693
0.03948845834116057 0.024301425956425787
0.039467525766946114 0.024575953946965615
