0.19042329059331425 0.11242991908186208
0.18672532310890586 0.10907839093504176
0.1763141084964404 0.10085581064182098
0.17231971908156662 0.09755162601022517
0.16835978486168585 0.09438752984756164
0.16581423735389006 0.09259743140067063
0.16249826479118046 0.089893968867733
0.15894588439111867 0.08707225543988642
0.15483581438827493 0.08407325198419822
0.15212252045171507 0.08237346010577326
0.14816541121308027 0.07929870486786282
0.14547351052432878 0.07731056314528736
0.1426844687855469 0.07558336640618095
0.13892298231603875 0.07270389777391395
0.13499364407948283 0.07007788094568952
0.13220404692065935 0.0678095029440157
0.12798214596530624 0.06538593682674673
0.12420130598021142 0.062845096247597
0.12058487990363118 0.060643978837060276
0.11735797564793386 0.058336759300562355
0.11348905370521092 0.05572657579243636
0.11092151922473474 0.0543669926018097
0.10710410770276432 0.05207582756637241
0.09673407078303654 0.046201660415193566
0.09441962589357508 0.0450771467327882
0.08591805072233717 0.04059271081631441
0.08313801061871189 0.03959647939465209
0.08083508590700936 0.0382760937862521
0.07745381318458393 0.0365889361959602
0.07481461994253663 0.03582100938187063
0.07242851629150406 0.034731221110529543
0.07019312299589127 0.033889913466239284
0.06789330097545548 0.032925240791621554
0.06635409318523358 0.032982817972340685
0.06420531668748407 0.03153739498975274
0.06331919668028889 0.03105621310917337
0.05847959681714438 0.02908356484326664
0.056772441497798545 0.027982957586079747
0.055955964460471866 0.027768236726380204
0.0518535985166531 0.02555634888191621
0.05063667320555659 0.02570554623023052
0.047875143911248016 0.024005619485365202
0.04715446725488586 0.02374387339524041
0.04606848700669507 0.023729342884955863
0.04529281419000912 0.02359566866392716
0.04514959242894301 0.02367220536883231
0.04435848755368805 0.02257959838888766
0.042607449262953775 0.02244468609393644
0.042816775585175236 0.022274548033427197
0.04245942982187335 0.022029834226055662
0.042359267478340915 0.022479514003495394
0.04202715981020416 0.022277288519495342
0.041858020043232365 0.02221262275867081
0.04164913901466493 0.022331369962080305
0.04046763609553041 0.021750680924473412
0.040026728344593934 0.02161512261927286
0.0397668540104851 0.021447435081984986
0.039833458928488254 0.02169591301170701
0.039994973640147875 0.021572299827129274
0.039717182221594365 0.02154376073968438
0.03987343480717042 0.021656061327244593
0.03971112527027888 0.02144468785259482
0.03964459935598855 0.022015406214265787
0.039642705660932996 0.021714380273385712
0.03978335621025491 0.02193474799094319
0.03994237871388314 0.022429265465145506
0.03992291267785699 0.022259557628581016
0.0399748468457964 0.02275351405839143
0.03998030767818794 0.022510861010228617
0.03994815077302212 0.022809114097094862
0.04010225589404087 0.022971938350543297
0.03973891542477299 0.02371817324636512
