0.1888390480565423 0.10751372256430594
0.1847923308306184 0.1041199941951739
0.18044762145997292 0.10044167453451608
0.17606151364370107 0.09723204869535504
0.16785716585627933 0.09068994406507992
0.1640816084492081 0.08776067468752745
0.16112244372264636 0.08539916198826959
0.15266708910969423 0.0791827211391731
0.14858095711366356 0.07632622650966647
0.14426021475980316 0.07346431236997464
0.14026340565999548 0.07047424906066112
0.13651647259484231 0.0679304724980925
0.13242117927612213 0.06540918877898297
0.1289437385924283 0.06300568693701421
0.12541457860062213 0.060814907570495014
0.1170365585840137 0.055361052378606404
0.1125029975541185 0.05295537951623704
0.10960124442194277 0.05113946836609927
0.10150008609343414 0.04688795107478482
0.09760789431559476 0.04474025708226523
0.0948265512457559 0.0431442166932664
0.09093607482017742 0.041732431609748266
0.08401116899397484 0.03757229283512235
0.08154566156556042 0.03737329871336647
0.0792663225638088 0.03602370130310112
0.07629757965520921 0.03503452276232874
0.07065900594819 0.032127748908507434
0.06858344408695269 0.0320935942011434
0.06665441547388035 0.03154667127787826
0.061774084964023215 0.02936504504057889
0.057038409439520245 0.027609541863019827
0.053304557133228174 0.02509825823911355
0.052810847128726475 0.025219800538009946
0.051255961759489134 0.025353605081761592
0.04988136566265725 0.02580129361081454
0.049010603981855826 0.02611530892944872
0.04870543898145104 0.02623291122835884
0.047609314512271114 0.026013530957014096
0.046993924701440544 0.025754088658598004
0.04622350633641542 0.02537366155788221
0.045594264337355014 0.025433045666518914
0.04509567659932928 0.02600365415432741
