0.19151101371129067 0.1134110454622039
0.18871516328889565 0.11082628158075725
0.18416397485854794 0.10722966334919679
0.18095824359788384 0.1045413975667591
0.17841489861783913 0.10245410743188749
0.17695962149924493 0.10143489476878756
0.1747563468039675 0.09957999569463165
0.17257716584704544 0.0977593311176971
0.1705340244954794 0.09625991840170364
0.16914497642873952 0.09544641482275831
0.1657946252806978 0.09272336428802258
0.16444554830453628 0.09163178768768229
0.16205231995503933 0.09001914110836132
0.15950951124262094 0.08789266957523588
0.157366691146007 0.08650399839075205
0.15544721693956048 0.08465142441402797
0.1535169503471337 0.08364888663761436
0.15070546197770598 0.08151637308796071
0.14762425014463904 0.07952690427961209
0.14535343445706428 0.07769405317112649
0.14287709420169056 0.07574366865719463
0.14093911876213497 0.0746279024121111
0.13750212208760712 0.07225502449778759
0.13375229943897213 0.06963618256419038
0.13173318479230814 0.06851775675290293
0.12754630402819725 0.0658014603295005
0.12432967504326914 0.06383345686379983
0.12237507530729667 0.06245176636626911
0.11952686218167154 0.06074559800254386
0.11756508028998902 0.05967535727306877
0.11497054090404303 0.05834898898937434
0.1131313919270578 0.05679810584508131
0.11061419957000529 0.055401768852127345
0.10910151308676871 0.05493570280218369
0.10654116076200258 0.053019196738070644
0.10540981801834709 0.052304307500317636
0.10037153578774344 0.04987057784810301
0.09779713516640844 0.04830962827270141
0.09611948893082331 0.04716825898257966
0.09239599127691757 0.04529475912896909
0.09051755112009453 0.044590386776235474
0.08641590817995058 0.0427018520118534
0.08505017817874934 0.04219854933772594
0.08294522240703878 0.041106821686972446
0.08070946521553668 0.039832784279467084
0.07882929655323942 0.03939071096926374
0.07632661693882505 0.038437402140910876
0.07373175196182019 0.036666117562450286
0.07184240450452549 0.03591149397403797
0.07054544125019611 0.035746711459875485
0.06943158944974652 0.034838283485546115
0.06749008996578919 0.03446545600048198
0.06578134978408333 0.03331090216715049
0.06419457218254182 0.032868097880840386
0.06202963104634088 0.032186963015781056
0.06038086665291779 0.031114947443950804
0.05906182545193571 0.031071339729124316
0.05867417099153739 0.030718183863051307
0.05740148342350801 0.030427042283585327
0.05616025848559248 0.02924591976150262
0.05527254403982967 0.02909222326873785
0.054701246646029045 0.02904571322811478
0.05384726439158446 0.02830215947712734
0.05317710223038302 0.028301388041088473
0.052063753180833124 0.02850161615310677
0.05130696943366461 0.027926629268598364
0.05074644048532526 0.02798110452118918
0.05027703394053129 0.028036046411663646
0.04951413578480163 0.028065922025532528
0.049152131196495814 0.02734739948587618
0.04827984880930201 0.027548671464142877
0.04777388988004766 0.027480671804912607
0.04728818941799947 0.026423861075568707
0.04688008017813891 0.026611373979589723
0.04665295647406793 0.026598062661926044
0.045258167470863815 0.02524242836067317
0.045047763825285844 0.025545424700246927
0.04448896338242072 0.025656729973477274
0.044235921672444056 0.025002676289642534
0.04392642821858636 0.025537802049037696
0.04292879327373306 0.024237692261281654
0.042896890138068994 0.024305230677285884
0.042416427861585344 0.023730090045035464
0.04181436690082665 0.023392330531794125
0.041698427755251136 0.023541813796962005
0.04140868522959609 0.02342798382396809
0.04113908146855204 0.023677894035286758
0.040939776647598014 0.023488377015961973
0.04112566998978946 0.023489113386726344
0.04093299190450391 0.023624117390857013
0.040982151366287335 0.02374008634559506
0.04102853851596668 0.023974311589899683
0.04100899347622772 0.02385449354695372
0.040758666621109454 0.023707262551339876
