0.18850814297463328 0.10955298861978245
0.18604325724500903 0.10741209469374557
0.18278696367199757 0.10451784731011783
0.17954957242067382 0.10165694580509926
0.1766736808898945 0.09910022693764924
0.17317018248573304 0.09614401602433012
0.1710569527143964 0.09482381501550341
0.1673654652629334 0.09179499666303723
0.16483960183092447 0.08957455408712306
0.1630014611667026 0.08828070377097519
0.16060239841543772 0.0861013471173616
0.1562840988690628 0.08280880593730655
0.1512389696239116 0.07923383412531504
0.1467818136607213 0.07623023838384606
0.1455380811113753 0.07502414634550761
0.14323121266264807 0.07360800441853942
0.14114197945572346 0.07213178809388265
0.13892156949864684 0.07062162676589583
0.13470472390276905 0.06743750557024066
0.13200406666119197 0.06564031492327058
0.12970681215926028 0.06429329363752431
0.12724184024883806 0.06297575900358153
0.12580550319167713 0.06152541838984292
0.12264212209451973 0.060016789957538355
0.12030645968362684 0.05839679449490958
0.11717870955860724 0.05647789516928005
0.1149243347914869 0.0553847246470281
0.11280006430236605 0.05391932495246728
0.10958336601819893 0.05234798273519024
0.10668845725800126 0.050633957076502804
0.10294202476001138 0.048939513620404246
0.1014548697589818 0.047937383068126546
0.09934334445231605 0.04680815171470143
0.09698418341051047 0.04535509614839881
0.09292818948621842 0.0437375889424937
0.09168394942772885 0.04318704460044189
0.08873208473571835 0.042073034253439216
0.08694351718161672 0.04118629728141167
0.08382781321702423 0.03906872064180917
0.08132635810212877 0.03864480481790408
0.07911981846570296 0.038240916491988526
0.07739210891843329 0.03681041176427916
0.0755927113107203 0.03645570833943613
0.07453839936748656 0.036083946052607944
0.07313655856862351 0.03529921141369081
0.071173953680847 0.03449330500254245
0.06899520256394386 0.03455961893336023
0.06800349618261198 0.03383150427932658
0.06679912431882697 0.03335386154126227
0.06541730140420311 0.033438799614867516
0.063749995020665 0.032644006697415545
0.062204591375853074 0.032000314653826384
0.0606579333216485 0.031118127791165545
0.058479838136374335 0.030531428161340423
0.05727821448248009 0.03020045223445238
0.05632902874930136 0.029271922265003206
0.055528217623291395 0.03007368877830546
0.05445133109881207 0.029211335102913866
0.0537122158485032 0.029186649545157466
0.05216449968561245 0.028519839923374216
0.051305009011830285 0.027689882163070393
0.05090641803340475 0.027281586762068336
0.050327953366153026 0.02766955510272042
0.04965716512516669 0.026726281807369506
0.04894249170672606 0.026646549641811935
0.0485174192842137 0.02661676612640802
0.04831913641937706 0.02706775591067303
0.047995742975000984 0.02660752287339439
0.047705825982813484 0.026798554600276078
0.04727656421595544 0.026899037531504244
0.04706386043092544 0.026475423968719602
0.046200769314917046 0.026148990054918254
0.046228696681280886 0.02581709924838886
0.04613379247142934 0.025837982253299654
0.04609471905519493 0.025657146441713
0.045706397955193954 0.026288467369443923
0.04563696017114204 0.026130047458450323
0.04476430298655917 0.025622658987622147
0.04487473410351134 0.025225455490236446
0.044285334050561856 0.025272443600665735
0.04359060669902877 0.024727237405901794
0.043789018835062365 0.025547657748351556
0.043697604947528536 0.025526043379479682
0.04360836951905446 0.025525565698958978
0.043272020228050476 0.024700403635182226
0.04294328357420037 0.025142023324713422
0.04253024773647092 0.024868501299550098
0.04260993145983684 0.02456530101062301
0.04229912519978624 0.024958596703522948
0.04234486326439687 0.024654932227875178
0.04208639747564569 0.024423656591814148
0.04196189973733625 0.02415068241493163
0.04221288694795262 0.02482779320365007
0.041914596054895864 0.024405914943547987
0.041832245514615035 0.024816709396313728
0.041728608317236036 0.025016606549808487
0.04195887862158525 0.02522980319260286
0.04137806313367783 0.024430608597584398
0.04119909913105242 0.024967459431376016
0.04118227951198227 0.024958558920882893
0.04142616638241048 0.025325436452103875
0.04142585996179548 0.02542320443076804
