0.19211601510318443 0.11235009714602925
0.19030947807392345 0.11086668348694378
0.18803484177937882 0.1088770883334966
0.18484963730748075 0.10624246786629768
0.17991316605153818 0.1025920085315711
0.1755196899433247 0.09876945599244057
0.17360926940908378 0.09696354030607802
0.1689651491655862 0.09362256174011124
0.1674268867316419 0.0926697989118012
0.1644609982761669 0.09008235260403061
0.1619327442649399 0.08816786088083148
0.15751052033914328 0.08538056217141785
0.15464528281790232 0.08302536196760166
0.15217085062998487 0.08113124187048285
0.1497130033525116 0.0793216430281397
0.14692288233427137 0.07784863574626927
0.14497911931957705 0.07610555161835217
0.1427878008573737 0.07505645805101119
0.14087536596154035 0.07346610531330275
0.13621209969071685 0.07036951716790753
0.13143212514610836 0.06709694538495134
0.12830941384456526 0.06521305627666754
0.12614291999093882 0.06368223460698036
0.12362825812436154 0.06231408831716954
0.12129543555639045 0.06095629525657981
0.11771155055656235 0.05908850467566288
0.11345499348344433 0.05662100807543376
0.11097871000130147 0.05494959401735567
0.10630739587630639 0.052129896290831264
0.10255508147075869 0.05012213515305262
0.09810251742250117 0.048441909157577935
0.09356475547108282 0.04569473718359511
0.09190062421420714 0.045209788312815656
0.08745483225777935 0.04334172933452929
0.08486578289525382 0.04200925863565613
0.0833398368436174 0.041069487834466706
0.08163980198940653 0.040399041835209586
0.07932358831237477 0.039853092354376195
0.0776538935806248 0.039488515717690104
0.07553315930783927 0.038132896410052845
0.07395103654826979 0.038072076503178336
0.07319895546334768 0.037411319383217956
0.07090890930262111 0.036842630533173874
0.06915091359163818 0.03574314469537101
0.06676485432443914 0.034885205860463474
0.06484611255838195 0.03442128233608988
0.06352802943868606 0.0338422535438232
0.062018548395018074 0.03255418799389368
0.06116142794524988 0.03318277729051697
0.05840834240371582 0.032005804334937465
0.05750798032509724 0.032035963164103315
0.05631906094836604 0.031042310926649306
0.055213608083046026 0.0310688397478285
0.053822283735069934 0.03000962414504011
0.0534318477013717 0.03040821549785299
0.052949575963455724 0.02969190277981866
0.05140062302477458 0.028906181439087807
0.05074429126087832 0.02922384699891561
0.05049473584007396 0.02968580139011342
0.04984144480296244 0.02874348214261418
0.0496044887343087 0.028582063712794703
0.04958141470187755 0.03033035634411872
0.04931918798743714 0.029707158911481464
0.04823898178740865 0.029460554876961968
0.04829017534845002 0.028875111121825746
0.04772643227631915 0.028536523854180273
0.04752937975159123 0.0288097204874717
0.04726529215072735 0.02887900155498275
0.047016475329173545 0.028141110751405487
0.046791883603817974 0.028549802880468204
0.04606356239348823 0.02809948789994503
0.04558247529203255 0.02848685705383577
0.04536816160689729 0.027803923933400546
0.04532741874564131 0.028032128132415207
0.045138150289638336 0.027241907813996647
0.04449367927864215 0.02779913795654552
0.043897610499052137 0.027237113864942528
0.043916507129228545 0.027229590766399175
0.04346550595698521 0.02716362347631079
0.043410849612444506 0.026904957504564776
0.043154440566126925 0.027044680923254637
0.04292386810528151 0.027123608351667265
0.042906088966178986 0.026768327299122693
0.04302360778069995 0.027424104452050135
0.04294036188984412 0.027141354466846537
0.04280592723404595 0.027413931926008467
0.042751726518913055 0.026871511471973236
0.04268870098156579 0.0277780621195454
0.042290960489045556 0.02643317870668566
0.04170404746250295 0.02662637166468701
0.0414096916806636 0.026518922365322134
0.041519901240263536 0.02594889950062995
0.04126537706086457 0.02702202393343456
0.04104315460842959 0.026215370255287248
0.040988200905749055 0.02604585207119008
0.040908777505819775 0.02626921183055637
0.040883142356506856 0.02625609490564998
0.04100838768656442 0.02653159018967966
0.04045975232637661 0.026170526635393536
0.04045004981803984 0.02662665866385433
0.04069406094836604 0.026497487779362863
0.040404362178684386 0.02589419427045917
0.04069190270380275 0.026996164776979113
0.040401033685957884 0.026202630681137887
0.04011627729632617 0.02668300350963841
0.04019833615267219 0.026131959793585097
0.040251500910414705 0.026961464451730397
0.04028869465838883 0.026262063425370352
0.040110315745232446 0.026840717524279703
0.040408280591591524 0.026950646177562262
0.04011075458829365 0.026596196891122977
0.040035863501947294 0.026648669905547935
