0.18964873265558455 0.10818784316059744
0.18704467459595117 0.10600209198453693
0.18421967149873414 0.10356319446922208
0.18151512637872158 0.1016186248977637
0.17664755080662572 0.09770896559165312
0.17409382252394365 0.09569356178914895
0.17146371794227033 0.0934589974976122
0.16668359658656015 0.08993901759150492
0.16363222448874454 0.08773918426583359
0.16059456562604263 0.08566952639549118
0.15847015455726354 0.08388891978944811
0.15533852505617923 0.08157814464103394
0.15296762074239986 0.08010199014277403
0.15078520393487627 0.07838799365894794
0.14848345035805055 0.07682788767798722
0.14378504301758482 0.07335442121389481
0.14076681842519087 0.07155591575077123
0.1385553460419406 0.0699686264501773
0.13386596586253507 0.06725272817392247
0.13092399299047652 0.06526042831691606
0.12808350380804367 0.06314442854197315
0.12533849937381017 0.06184612081860399
0.1208531311177703 0.058509739551313014
0.11843168620162209 0.057703251037115204
0.11656129101206013 0.056396875694726525
0.11437421687940356 0.055109278338667
0.10917047059606402 0.05194069282589364
0.10720210866815988 0.05107595663842932
0.10413397594964968 0.049210556944246225
0.10028860658045159 0.047261999127903784
0.09684550169089651 0.045046963298884045
0.09281506593699096 0.04331627676069433
0.09130569010902204 0.043043433101780694
0.0889624710057553 0.04191051424858379
0.08693078478880047 0.04119468593815184
0.08448584242156988 0.04004418718025426
0.08221400688808804 0.039404483957992543
0.08084271212563539 0.039159083605105775
0.07927908229305684 0.03811382573119538
0.07774004716202923 0.03799186262957936
0.07548410978162473 0.03671024496057384
0.07382614515766982 0.036339048716968754
0.07252645916487989 0.036257300417933756
0.07156818097836487 0.03596654986112331
0.07018800279945489 0.035384070448186096
0.06840142029633928 0.034787725987678125
0.06743245230285753 0.035042475129647976
0.06630418654047603 0.03416135711911147
0.0640510138479334 0.033165928183803026
0.0632576825932109 0.03311402203432395
0.061656659997939275 0.03177252440634332
0.06039708833232341 0.03148438175428569
0.05942183869969629 0.031159519374464803
0.058549855189770475 0.03056863998876773
0.057689797690396054 0.031218678340245148
0.05624777579184494 0.030920498069174865
0.054552887970899654 0.029347269476014952
0.0531469124272614 0.02913321758560403
0.052668884958932745 0.02860826217246646
0.052289974185769236 0.028628310607770782
0.051427909053441405 0.029382694632354153
0.05126978040731164 0.028393843084777905
0.05064638881358801 0.028659313315145794
0.04916142561067307 0.02747553093831652
0.04887833019829549 0.027112847238899472
0.048403570523938726 0.026947758559202364
0.04793972585642651 0.026590443444800632
0.04718095559572057 0.026400822234576727
0.046286974370068984 0.02570539347509414
0.046242169177354624 0.02508948302825976
0.04613653126870596 0.02580464127066683
0.04596281112465164 0.025807552046166894
0.045935442152265325 0.02540855065980151
0.04530802570966135 0.02528882826566068
0.04485125806809707 0.024666788036534725
0.04434346588400094 0.02486664520590665
0.044342795075854216 0.02537579237420132
0.04429057745311856 0.02503284619852505
0.04433356667235001 0.02493743655259886
0.04412317248861696 0.025231081803276777
0.04382716401941495 0.024675954567115042
0.043655532963589 0.024789305954475344
0.04374993483578003 0.025020200674759574
0.04307141239536926 0.024951802811052224
0.04303382318171894 0.024441267261810007
0.043088048437408 0.024612180172779344
0.04315003590165201 0.024716898403707128
0.04260094589315153 0.02496959177697666
0.042212840256891156 0.02481581652581158
0.04234541111263076 0.024657910975341153
0.042378419664936315 0.024805470675507476
0.04230592447022256 0.025342787503567978
0.04205626405247238 0.024826358035978942
0.042152980212769614 0.02477404984568494
0.041988272855315194 0.025316228687333953
