0.19177896098726116 0.10891265950578745
0.18814934468397845 0.1059110458583048
0.1844421584088682 0.10301832040631671
0.18115497534909358 0.10070558638573542
0.17896494901396373 0.09857819466759696
0.17718652391597256 0.097350357563295
0.17435385151273886 0.09519195420910426
0.17160332327902988 0.09296309059358877
0.1694657566756492 0.09174337558444338
0.16635088115507105 0.0888052239491833
0.16336352814184224 0.08678165497548257
0.16043371623897598 0.08446177068797533
0.15822470411256737 0.08286419909018636
0.15571308679875062 0.08123613163110434
0.1530865595143312 0.07910953257733278
0.15013410628980892 0.07744366154300002
0.14754977071594808 0.07544161937898895
0.14489229582618815 0.07331050322416774
0.14272924577413032 0.07197645452391145
0.14012413492160705 0.06998906579227172
0.13732307998530133 0.06833093137932808
0.13534666294096032 0.06723557780845546
0.1323002089968153 0.06516065938556306
0.13005113914747674 0.06360606539824153
0.12806306651151397 0.06250738915207758
0.12622829648456638 0.060936502111571006
0.12229736686979421 0.058672674396584794
0.11917248170320921 0.056917536324441825
0.11769313066511514 0.05564380069577255
0.11557603311795689 0.05476425814259585
0.11327800595602645 0.053565087256493504
0.10961520279581087 0.05145507443313856
0.10784794524742773 0.05048620512086373
0.10445573746019109 0.04877705244041596
0.10275968619855463 0.04784883160837985
0.0979790371600931 0.04527806090494212
0.09608803703760412 0.044398303898049725
0.0937711771956149 0.04337524837540723
0.09229411325636942 0.0428678970323341
0.09015247006675649 0.041668775009103695
0.08782138045075943 0.04050322720809798
0.08573525921729544 0.039796621217101605
0.08291585964294464 0.037655520748782464
0.08050966897354238 0.03776155046626907
0.07712425071196717 0.03592317177718739
0.07530723201708721 0.03570303368072157
0.07331335072421608 0.034606097495719176
0.07181554021466192 0.03415574469275374
0.06999318655071043 0.03407892139966198
0.06674650140862322 0.032925695186194905
0.06421593658133268 0.03105148100975972
0.06197921132410583 0.030540410659211828
0.06097604096490691 0.030791210207814446
0.059487627656479664 0.030681743801668687
0.0584363947283807 0.02998915602570856
0.057312122963620774 0.02990854043083415
0.056417867313816754 0.029645929640244175
0.05416926636758942 0.028433210165596925
0.053491237253490934 0.027985794564155345
0.0527406716989221 0.028030889565739806
0.05199337889668055 0.027446356601847424
0.05019857089815041 0.02672337069033813
0.04925768331240813 0.026199335391104507
0.048853608448677116 0.02650800215309359
0.0481312775600196 0.02602671100838374
0.047576254172280744 0.02636438331407195
0.047233672602278294 0.026407971710438533
0.04634991942522048 0.025190469103550023
0.04619521967632288 0.025330124620737245
0.04571505810570799 0.02553212101869663
0.044882381874693775 0.02559624267969028
0.044880688081822634 0.025476053587759628
0.0440374854544341 0.02490430912329323
0.043816144047035765 0.02502926234523717
0.043940441649314065 0.02515766311425625
0.0439418052961171 0.02562293538078467
0.04385598167258697 0.026252289171257895
0.044032471061979425 0.025678055414927004
0.043132966568165114 0.02516116766801531
0.04252144514024988 0.024621585831695596
0.042463066702902987 0.024541116825436977
0.042445214891597256 0.024755920725050312
0.042441176583170016 0.024937039103675115
0.0421336526978197 0.025225658515152443
0.04245350682110485 0.025215109564023307
0.041797281701678096 0.024161840498903388
0.04153844718428466 0.025019747658230576
0.04167996501408623 0.02486274853611179
0.0413144263305365 0.024129194671245385
0.04125424883635473 0.024871139377063967
0.041239464034174424 0.025575986304670822
0.04127153605003675 0.02481742822239565
0.04098469653356198 0.02538153379121681
0.04101549581240813 0.02510974220991177
0.04104812285644292 0.025865675270122644
0.04085547066389025 0.025650529330405788
0.04082920252021068 0.02557182210214069
0.040925198470418915 0.02547241058919676
0.04100666320890495 0.025692831004478184
