0.14259229695344366 0.06757978959517046
0.08335048650401043 0.03687678506781703
0.0505667029034579 0.020731793387770273
0.038713187680634954 0.013200965668145615
0.03677425378536707 0.013140931751857092
0.03676239674391326 0.014258534148425064
0.03572316644032397 0.012515428001314749
0.035902592467782934 0.01484886361045554
0.03614590958738013 0.016199200322866692
0.035620431747412584 0.015649228117935725
0.034567278457129307 0.014245329115725593
0.03412763908584925 0.01331736993401726
0.03408320809667448 0.013358380291037733
0.033456175761945504 0.013992224559372374
0.03353247210116905 0.015929363454488803
0.03375568515572908 0.016992444152076378
0.03253496048552959 0.015033925680208426
