0.1010570702933611 0.039138853666600415
0.055751986618079376 0.01897014406859461
0.04251101922311367 0.015730573664015243
0.03843766746539686 0.01330161115873371
0.03748810517209701 0.014752478770059403
0.03674625021052793 0.014972709163061093
0.03622019594408378 0.013948331628272467
0.03591412422296056 0.014796835399356903
0.03462343491624816 0.013924580200607932
0.034509548876929204 0.014831890438061511
0.034486424297985055 0.0157196053065687
0.03378628496677487 0.015834680084570556
0.03352026379149314 0.015927595550151635
0.03307514315899069 0.01639306462546978
