0.14488346592053178 0.06910461085634088
0.09286749859416746 0.03605347583203397
0.04908857236170046 0.018097945598308653
0.03871848540880874 0.013343881456248232
0.03785899808416947 0.015302067473971939
0.037646163995584826 0.015575031584789843
0.03656623357125054 0.014454289206807433
0.03711076347066905 0.015589746935614225
0.036184509651439475 0.014904357049158748
0.035458473782297315 0.014933681454819613
0.03571114426942136 0.0164793912063115
0.03455529879159791 0.014690237068540333
0.034986105988877345 0.015852476071497573
0.03498851842668921 0.015883966257911823
