0.11723761229444096 0.0523585022307125
0.07851310933025996 0.03125184767023295
0.0569592685202323 0.02146099725122774
0.04547839630545314 0.01688086954932426
0.04219984756209673 0.015951611453281056
0.0393836405163675 0.01330922318786114
0.03915963147382279 0.013755845543097877
0.03809092191606278 0.013527768859809334
0.03772205836905387 0.013174049252015617
0.03768359553117462 0.014575857776455056
0.03706814463812048 0.01303374095078553
0.03667006168763116 0.013131660729809997
0.036554677962097215 0.013280918768022473
0.03639486063323707 0.013451690700801412
0.036245098322371 0.013980104157459785
0.0362682416221207 0.012913689588897742
0.0362263098030335 0.014086040397699338
0.03612522814357018 0.01415289234352213
0.035828969008634214 0.013977138444436234
0.03602772319765048 0.01435985568557208
0.03570025759615432 0.014014106684403725
0.03579550734518107 0.014850274568651808
0.03601146279712291 0.014396698499750032
0.035734892345040105 0.014344499792672518
0.03546248514921723 0.013596964784365609
0.035188040615224604 0.013417380678373447
