0.18460853288829004 0.1012350318907334
0.18022735102278295 0.09792967577291074
0.17623114818103872 0.09484236750647683
0.17238455414012738 0.09171113694738481
0.16820266566634004 0.08874063266169832
0.16459770026947576 0.08602840665862391
0.16096923230034296 0.0833814017311616
0.1576621830597746 0.08096974754095969
0.15059655002143557 0.07578552170084839
0.146375168422342 0.07297395204992994
0.14233173076923078 0.07004963403663439
0.13423817598603627 0.06465142682192059
0.12923073095296422 0.06103198016332448
0.12472209356626654 0.05824729052117617
0.11615288920872122 0.05242219554043987
0.11097082082925036 0.04928823951893569
0.10620673651090153 0.04636076170658857
0.09693175641536012 0.0407209547362152
0.09141926445369916 0.03783040368202805
0.08282716996876531 0.03295452970984228
0.0780746216238976 0.030749877647368685
0.07057734891750367 0.02722815944723887
0.0632770250872734 0.02395559846029399
0.05755380423964968 0.022072802063324893
0.05308391356106076 0.02046074398131032
0.05091083472409358 0.02026799488186391
0.04767602048628124 0.019568676245295267
0.04509516819267516 0.018715582078853297
0.04314390445094317 0.01768838542781464
0.04219040911317981 0.01761828077961342
0.04147035575391965 0.017247535096137807
0.040923638649865264 0.017034312453352244
0.040719359574044586 0.017099890499389845
0.03983154177256859 0.017044881764011352
0.03950955605401764 0.016623842612298607
0.03922795581210191 0.01655561511276074
0.039028205479085004 0.01612675925884101
0.03879378502419157 0.01641070005033093
0.038960853288829006 0.016040901763649983
0.03870591832281969 0.016885499219583926
0.03885293141000123 0.01679420708719256
0.03857438860775968 0.016676170676230874
0.038344394024069084 0.016567632664651808
0.03842374630619182 0.01621844636611382
0.03829531948569941 0.016659116176624904
0.03834294664456762 0.016921061889235818
0.03810883241211416 0.016448146655156166
0.038018867608555856 0.01662520262890069
0.03823599367267883 0.016290618185258128
