0.18571307722929936 0.10230938528509162
0.18020292978319452 0.09773406140894636
0.17517468076310633 0.09379391143424212
0.16977846720357667 0.08958187758169699
0.16426506614404704 0.08529267296674857
0.15901583935570798 0.08127048223007194
0.15367535828025478 0.0773687330434976
0.1490678493232484 0.07426623928230909
0.13853822804385105 0.06637586272286682
0.1327787868232484 0.0626322229314457
0.1271087338467663 0.059222408851850206
0.11635992428650171 0.05265422903161693
0.1104367401855708 0.049185752359664096
0.1048991284143802 0.04610640331214697
0.09525912160093092 0.040902781626483
0.09010972332802548 0.03902287492546783
0.08571053175526702 0.03688309918389883
0.07805477458200637 0.03323278476326221
0.07387046982177854 0.031415004489303504
0.0677375137800098 0.02881026866066564
0.06497628211507839 0.027669369463945194
0.06000895700636943 0.025636698423045275
0.0557261443149804 0.023351941111248553
0.05195392883390495 0.021861612658932463
0.04896001596184468 0.020786467957509366
0.047943577558488486 0.02047177341734678
0.045800714263841254 0.01991513843872309
0.04390652751408623 0.018160905687012847
0.04258496237291769 0.018255322328603812
0.04188997140647967 0.017677389924328133
0.04155694971827536 0.018231675413193132
0.04130578990078393 0.017959908263324057
0.04132173260656541 0.018100944156643334
0.040775948524007836 0.01713143962703339
0.04109343420810877 0.01780194817139063
0.04045058239680304 0.01733418932760171
0.04073936451188143 0.017420934498299484
0.04049425737230524 0.017269645545686656
0.04046693658898824 0.017329750950067967
0.0401255392385779 0.016769407822385504
0.040015430740139635 0.01762416332647313
0.03968993303298016 0.017516347399557045
0.03961836310708599 0.017666203041259897
0.039707681972684955 0.017389966295911122
0.03941019883405806 0.017263882441402777
0.039350815604329986 0.017489995381264178
0.03919429287496938 0.017102672968485923
0.039442115346337576 0.01698073431427974
0.03913307231060142 0.01712400975589586
0.038956798233862076 0.017323603729318626
