0.17207150378022712 0.08911541727547176
0.17186866055055994 0.08893096314231815
0.1715364427560356 0.08865415247080498
0.1715140727350507 0.08862766470191798
0.17152466402067112 0.08863729416575979
0.1715084227725588 0.08862740036369487
0.1715006468919767 0.08862136374182429
0.17149515014880662 0.08861737169518959
0.17149375202249506 0.08861568316735627
0.17142610569191394 0.08855722126278837
0.1714876998592834 0.08859717949173866
0.1714907259408892 0.08859738988338563
0.1714888681566122 0.08859738988338563
0.1714895576435604 0.08859701765201024
0.17149022797809332 0.08859689896954272
0.1714901513684324 0.08859677489241757
0.1714912047512699 0.08859730356886379
0.17149139627542215 0.08859715791310821
0.17149145373266783 0.08859714712379298
0.1714913579705917 0.08859725501694526
