0.19770641105467524 0.1114338516219159
0.1928129312870156 0.10731460468736183
0.1878696390181303 0.10336342573081557
0.18010319786682225 0.09700864475440507
0.17229540908377786 0.09054732213055745
0.16824847371891669 0.08749506774621672
0.16011555351207052 0.08098026109661026
0.15562340814490508 0.07747204041455717
0.1505776756341681 0.07391345547330982
0.14553176118619096 0.07015534040992825
0.13678538690811795 0.0634654382112636
0.12730364145662554 0.057009594070224066
0.12163492710866411 0.052913766974984525
0.11182462215273964 0.04666772983417437
0.1062947163433725 0.043542927383406656
0.1011677632183725 0.04023517329320918
0.09237610571878922 0.03528549091783057
0.08774024908318952 0.03266216665348232
0.07995036675483409 0.02886346493840091
0.075944635387046 0.02721751550081386
0.06932766414339504 0.024882551044130813
0.06666440936813618 0.023389408096729087
0.0637430287394959 0.022910496941462903
0.06099185039902093 0.021977026891826446
0.05695553442359831 0.020869972598734028
0.05572442257333258 0.020271958417592217
0.052270956910213856 0.018843724696426204
0.04951219465951767 0.01809345052399988
0.04680243098028857 0.017185367709720855
0.04503311047106654 0.01638836720658563
0.04461102564955042 0.01654313839405385
0.0439518143624245 0.016580630917409134
0.04247029941583974 0.015981229573625282
0.04174967952233929 0.01549425587284721
0.041449827799274884 0.015100657918826825
0.04104652081607164 0.01536462363481606
0.04111084520611076 0.015534506528926562
0.04082793758549135 0.01562080207881381
0.040529522209059754 0.015193744898264088
0.0402193000633065 0.015501311780877615
0.04029714526298243 0.015493609519826257
0.04006674808134732 0.015476535814661081
0.04002907270916884 0.014985064630336376
0.040114863299635234 0.01555963738208362
0.03983634132406799 0.01542055948403854
0.03962616550911172 0.015658024726168698
0.039510810117120085 0.015354395334400977
0.03955798213445246 0.015528222466257296
0.03947941397363802 0.015730139641615036
0.03923291534624917 0.01540248588829189
0.039248992852892364 0.015061922616489708
0.0390215880600756 0.015502256346879007
0.03917931088991288 0.015433869768378168
