0.1888894119626292 0.10447687746169017
0.18215670598070172 0.09890394799170275
0.1658792023463394 0.08554476892566731
0.15985381421115338 0.08072457221659834
0.15416375613796604 0.07657689510437843
0.1508582503701779 0.07398694156230666
0.14604396521185942 0.07056885412983914
0.141322569267391 0.06705452600552965
0.1355473308274824 0.06329885168886445
0.13197594165530802 0.06054249453801706
0.1262151920175185 0.0568180229209939
0.12272535382937987 0.05447902885114681
0.11888736303724823 0.05225200629474545
0.11382777374470474 0.04921960451376613
0.10895023773509972 0.04636576050516782
0.10510379115164545 0.04450990657661415
0.09997899746146227 0.04197917828316273
0.09571014436018063 0.039767630302128446
0.09162622698032909 0.03744837258716386
0.08854488108035556 0.03612749606492095
0.08404342189614426 0.03430279628409078
0.08154914540391064 0.03310017874874326
0.07789705753017807 0.03185415040357218
0.06824306238232757 0.026818555805273057
0.06621790514865951 0.02640794953293486
0.05901637198249868 0.022543154779373176
0.05677332250889898 0.022544775873986324
0.05494131259468954 0.022444632147360293
0.05213595778623821 0.021226685692401284
0.04995420082946812 0.020425390223637475
0.04844922798146414 0.020178509112569326
0.046918040265118456 0.02035358733078901
0.04496708427614289 0.019521086465054356
0.044348188342399834 0.01896907407866153
0.04316178719307105 0.01873065179073286
0.04312198368612593 0.01923090918063696
0.04034000918856273 0.01686077849570361
0.039810693888939284 0.017010380443339006
0.039801706618094096 0.01753946283754157
0.03774331515590373 0.015323951131825062
0.03781924251201852 0.015639398341172995
0.036621483980460244 0.01457795225227387
0.03684519137246514 0.015216493598138231
0.036772867064464886 0.015206408285727998
0.03645722807937129 0.014987613110865133
0.03651930345117329 0.014824114525214888
0.03646880571437589 0.014793549743835762
0.035939040332994616 0.014644092103291553
0.035960759171861825 0.014411845349667033
0.03585840866488973 0.014880839350030935
0.035493002128829255 0.015010891058471528
0.0356901738495374 0.014948772924705426
0.03577027643217164 0.015249649163836702
0.03561441647110774 0.015134359935958077
0.03485531528169679 0.014391446800562356
0.03489747692976671 0.014941718061210117
0.03489967466941399 0.014966050664380138
0.03485368732640251 0.01496332501362043
0.03484284466533223 0.015175405188417696
0.03455110789444169 0.015243615239294928
0.0348148270759073 0.015115304656599401
0.03498993282022225 0.015608183503551325
0.034684107053880496 0.015731891094637313
0.034975453594310785 0.01600169815190251
0.03483057514932755 0.015442657875302445
