0.1901156372488976 0.1059238153555028
0.1866263473787359 0.10323625967354563
0.1833327527866242 0.10072597849095467
0.18007129241180794 0.09793320475810577
0.17646477676384126 0.09502856762378246
0.17281184927731505 0.09226616488044276
0.16965532750489956 0.08983759870734467
0.16586760472807446 0.08689470737350727
0.16119080337457128 0.08345366448953978
0.15709852324228318 0.08062353237649551
0.15309943042626165 0.07751736304149617
0.14794899865262126 0.07413509133404587
0.14336144200146986 0.07111757010714563
0.13911750520578148 0.06848408390758429
0.13262395310203332 0.06450289997887386
0.12713062875122488 0.060603089019552796
0.12258880450759432 0.058134390140975246
0.11491585581516414 0.05365254636804227
0.11065965098297403 0.050940233497639986
0.10400299715213131 0.04725634214017468
0.09927840595908868 0.045153683179045376
0.09334237965458109 0.04218376253321807
0.08809706677180304 0.039024365243061736
0.08332974797893189 0.03660477897998299
0.07856266363761637 0.03455399610122059
0.07474544781204066 0.03300197012927943
0.07043302723848603 0.03082169521069149
0.06704815443563204 0.030153264695693325
0.06380188556467419 0.027964471349765388
0.06114631021098726 0.02638292134476183
0.05885868982729054 0.025862738068598783
0.056514891980034294 0.02479337411638554
0.05548772622182754 0.02434849938428438
0.05291228545290299 0.022716180855344357
0.0513270197283807 0.02233591505565416
0.05023050415696962 0.0216831640933379
0.048816373713865754 0.02135284564987533
0.047684154519843217 0.020744539541486445
0.0469734887922587 0.020005665052787537
0.04632550775508329 0.020201854912799102
0.04638091009309162 0.020146050798449732
0.0458989016183856 0.019293279669883305
0.0449382866088927 0.018797891586621318
0.044754897645149436 0.019176285666856155
0.044069050289380206 0.01857494387501946
0.043706592969132776 0.0180044481283913
0.04372744001867957 0.018234589540583025
0.04353851034266291 0.01785080832871778
0.04323773770516903 0.017848194165069466
0.042970209341315534 0.017773710860622415
0.04247478449595787 0.01798945808512442
0.04277821744089907 0.018616917082008317
0.04218741387493875 0.017808528371477356
0.04197398640372366 0.018021045217223915
0.04172754911042381 0.01803839968057146
0.04173022377204801 0.01791261986171069
0.04137780002143557 0.01830115027326724
0.04158815569879961 0.017958755913927683
0.04131816798597501 0.017137732079096524
0.04125494262157031 0.01768619338508773
0.041074663729483096 0.01734522690745016
0.04129664629011514 0.017784201447765633
0.04128989982698432 0.018063072716292698
0.041101544318042624 0.01789652904652336
0.041201167090274375 0.017788679187057323
0.04089752361740568 0.017803439846286524
0.04102736193195737 0.017854887021222034
0.04102321357484076 0.017850949488125583
0.040515922609933856 0.017997246283989448
