0.18322000976926395 0.1042821087431777
0.1801724966107886 0.10155693271334187
0.1744316942134578 0.09697975993514672
0.17040235164079506 0.09364459917952868
0.16726553077011708 0.09139993609272803
0.16556502612695875 0.09006608541892236
0.1623685071780188 0.08761237934956138
0.15943141726953364 0.0852710709715977
0.15667595929085196 0.08340533403029432
0.15447658211207319 0.08180380044565914
0.14894389943480457 0.0777784525895047
0.14675401227777068 0.07624222133529256
0.142651124430637 0.0732793836642517
0.13834083507901215 0.0701661051763164
0.13457790260215438 0.067915114156134
0.13100734656004237 0.0657281846951233
0.12769377762544373 0.0634103808403858
0.12256260618099002 0.06002213125918387
0.11693187271396772 0.056789458208925336
0.11283063197454353 0.0541456066426275
0.10814827822851497 0.051576940419502386
0.10470279703404166 0.049441033630209255
0.09869510573052521 0.04578858069233914
0.09198950041614368 0.04255352050608621
0.08932205736163683 0.04098547695592159
0.08272594640510698 0.03808799825920872
0.0783972084895149 0.03646457585130287
0.07605136321528908 0.03525855428700062
0.0724428997553394 0.03383378205376083
0.07030101333896772 0.03274761359767904
0.06791070094468905 0.03280015756284388
0.06605020660093354 0.03185792936123111
0.06369012629409039 0.030916736933880314
0.062104430804009195 0.02985060963083624
0.06005248891764645 0.028951865066924827
0.05889064595274226 0.028540363281422627
0.05518523775501824 0.026048589810605222
0.05330020437925337 0.02544933236148936
0.052681906958486145 0.024734230034760583
0.05011114529604425 0.02274031872586646
0.049122248640638175 0.022863103830500376
0.047187064665601894 0.02084825046074692
0.0466973613487713 0.020722205634249462
0.045980778521163876 0.020413526022878874
0.04526438721770872 0.01966230646342129
0.044846744863169016 0.020180470070612185
0.04413516081593579 0.01932620041273878
0.043451299889743375 0.0176986659270663
0.04321467179961609 0.01743536752421295
0.04304064337865765 0.017901374232922845
0.043134456696542395 0.017891052904241977
0.04284795092906068 0.017559566029141854
0.042389973588053305 0.01799079877486894
0.04228485076897713 0.0179464991952034
0.041668334522826 0.01681475262560144
0.041839001694912135 0.016850872555659056
0.04162350829498764 0.01717061121513929
0.041658643400721236 0.016983552811022297
0.041652150731959346 0.016935947654903492
0.04147426788743651 0.017383880911940545
0.041535019348535956 0.016728469123051364
0.04143428722065053 0.016829284484550393
0.041448340305323204 0.01688363026535846
0.041446367606554846 0.0171599068657678
0.04113261274030918 0.01707617368760496
0.041305156849087546 0.01737737765218631
0.041435287934346136 0.01729737757709268
0.041271175676371376 0.01697246409229577
0.04123544205766195 0.017167915234996466
0.04118646933192698 0.017444752879797708
0.04114580875440046 0.017001209525394422
