0.18305971720357667 0.1056815206612202
0.14819862735791278 0.07779269989562022
0.11687693302915238 0.05566722229905155
0.08939589011207741 0.039439680652248545
0.07428421461599706 0.03181668444261753
0.06628947398640372 0.028006830030521703
0.05515819738332925 0.02410082434488136
0.047695068478993144 0.019887452192566102
0.04415174948707741 0.018495806382020964
0.041537849093581575 0.016747817219501925
0.0387280070086661 0.015278039676738875
0.037455365687010043 0.014330950989627346
0.03733587434162176 0.01535609811464889
0.03724049562101911 0.015719844191720362
0.036627756480432386 0.015912416841907022
0.035806943976604604 0.014367062009286466
0.03532969151916952 0.015590829922198146
0.03480207025508329 0.014409268672218995
0.03508751741640127 0.014295800939782874
0.03510963959532704 0.015397560976086466
0.03528620314796668 0.015839369562973948
0.035405371524375305 0.016983865609989327
0.03465441601466805 0.015340885473854324
0.034670621880358896 0.015630681666163996
0.03479123524390618 0.016259199358606397
0.03435515295810877 0.016263417853216455
0.032863354456302056 0.014938069458767902
0.03250985175006124 0.013741311855618162
0.03263169718045689 0.013941477253182124
0.03268466887784787 0.01457988560528459
0.032789315611985545 0.01476946404726347
0.03237242964539441 0.015599231621566309
0.03254620848772048 0.01545650724456141
0.03252894998239221 0.015530550783161082
0.032550598473481136 0.015418627660398783
0.0319912760097685 0.016401135143150405
0.03221356000811489 0.016029816678231605
0.0317270036517026 0.01598151030011967
