0.15919183899251352 0.0789434097662468
0.14191508824300872 0.06627547348772717
0.12021735831417184 0.051986116801296646
0.09666065111929323 0.038953351350399054
0.07857203895035006 0.031133281328587892
0.06125194404728928 0.02458488051445188
0.05372783851204601 0.021980119670791005
0.04445378399583513 0.01915376904072338
0.040890729872455484 0.01821337937043672
0.04050925057024876 0.017755800563621995
0.03951079575365376 0.016867421396132024
0.03670990066839529 0.014601136333410251
0.03601178832663089 0.013734432256892245
0.035629894877811714 0.01308401220461316
0.03534677898693055 0.013009407683063152
0.03540819238112718 0.012816837662979197
0.03548554682903691 0.01359559454848752
0.03557985734894689 0.013722115116234081
0.03515729613913089 0.013818525618616245
0.03495175493597648 0.01390188896575917
0.03490874832387924 0.014004281269690153
0.03498899461634301 0.014610877507644615
0.03514592506162119 0.01404775019707425
0.03525915705450732 0.015453589607727245
0.035290534046700954 0.015083520792801557
0.03511632195751907 0.015766406927928512
