0.19319042717676094 0.10547007941496135
0.17193652269002807 0.08869954184071996
0.14654406734208486 0.06987418974302323
0.12068242961037623 0.052155618485009
0.07536646919863649 0.0257056105771342
0.06059537442900811 0.01991266478098446
0.05180058131084038 0.015819574353063796
0.04232567018717004 0.012122779576824061
0.04060566539261672 0.013020755158730432
0.03997104255392224 0.01294157858077491
0.03943908929782716 0.012948638417485014
0.03926345974629806 0.012748822792330632
0.03944894778184062 0.01339879145673346
0.03965068374899417 0.013913623482151189
0.039640856409644674 0.014399145392024745
0.037545901005736904 0.012559970820199285
0.03749407388917238 0.012676003819795143
0.037745248416739444 0.013735834333110564
