0.15872962489458511 0.07854223360921757
0.14127575118836905 0.06538958900995172
0.10514717137213418 0.040660276205606714
0.07992117574532007 0.026328645368673492
0.0650099766846158 0.019795035270703056
0.059221733754768184 0.017832632808270587
0.051108325371035906 0.016562818069012948
0.04657384742297358 0.016089962842461496
0.04394323446294789 0.014576273165091368
0.04345445525015199 0.014303840258232333
0.04145895553146267 0.013921613930939407
0.0411844822688472 0.013684035906927397
0.04031164446161182 0.014038726553091718
0.0395475660382938 0.013611970024520229
0.039508928434625605 0.013184599853645097
0.03936871599680201 0.013706612549043911
0.03932316915934074 0.013427902958050452
0.0389601399168203 0.013257562597880667
0.038726576213129305 0.01330933512700664
0.03876276948980417 0.01341417355442165
0.03867894655051212 0.013317931513915282
0.03865748866330238 0.013309039769502248
0.03810904488897115 0.013664128271665636
0.03640647417902023 0.012097900023788282
0.03657027999835136 0.011630910138728152
0.03638229904290018 0.012104314271691875
0.03645854480791813 0.012089182257083315
0.036455061462398755 0.012245798608281913
0.036407944126888886 0.012437697368943483
0.036481965817688616 0.013026704968591872
0.03647662229384034 0.01364114837889244
0.03657778295701646 0.01340327904336925
0.036551728490152285 0.013558670807289366
0.03660518048699842 0.01362242352231265
0.03653007429068647 0.01370740286638443
