0.1755131736440703 0.09414032505703664
0.17146781965227795 0.09118617817941267
0.15967926867498383 0.0824187266778162
0.15427016695696621 0.07863320911522781
0.14870105638593617 0.07441723563760883
0.14539098276711643 0.07217760576636247
0.13998342281852458 0.06855305939233196
0.13484457125556493 0.06494605644486366
0.1283983375243925 0.06080274361065384
0.12446859708711683 0.058040500888349056
0.1174656409501314 0.053867560594520615
0.11331266953717958 0.051181112811699
0.10868016952798643 0.048327500773378114
0.10257143965794092 0.04538754184528018
0.09682166435407637 0.0421698470618882
0.09227579071895409 0.03952130214346578
0.08713114555038833 0.03715094892890584
0.08238034107233913 0.03495770771848622
0.07783967689415855 0.032860696410593346
0.07444381481943409 0.03169912682503425
0.07060665236926102 0.030283209922268593
0.06821433375948734 0.029176649660404147
0.06488934040920591 0.027552706668038492
0.05745124139826727 0.023362147422441224
0.056149245846837066 0.02262246433829216
0.051336957327806 0.020280171435313826
0.049936125737597814 0.019628237851921568
0.049114683436623584 0.019461084385737525
0.047104082038527915 0.018238346126152473
0.04621375807619045 0.01792583495921121
0.045451314790322425 0.01812221128569278
0.04469235724402567 0.018102035266214702
0.043702282715083154 0.017246027179925037
0.04331524113197209 0.01628400463086041
0.04272415929324217 0.016176996202419983
0.04253263035287023 0.016175228103386844
0.04117111867112269 0.015805084460485903
0.04080444089350154 0.015576586993903433
0.04084430664579615 0.015431860468087104
0.039984561908420195 0.014452365971673646
0.03951122193634902 0.01456275685043834
0.03926770137079198 0.014259028186093418
0.03906991677279659 0.014252719134013308
0.038784189072183464 0.013905282953676032
0.038921246149598444 0.014352064451312395
0.03878045435121423 0.01417195301753842
0.03873123503813322 0.014313229659810302
0.03860230816098203 0.014318432807079447
0.03849961769863966 0.013920509374792845
0.038385730255545314 0.014092298200532111
0.03849618941631406 0.01367184532938312
0.03854033812746377 0.013494764344524068
0.0385329333249267 0.014039992948966712
0.03844330720382092 0.014144975683472909
0.03841155968153057 0.01411451070325965
0.038329063046992976 0.01407847843638827
0.03842346051354214 0.014432556788913349
0.038219417863871376 0.014485472985453586
0.03822397853274726 0.014092813390334292
0.03831989622225505 0.01424748631612728
0.038162604618152934 0.014373090129364753
0.03814935114681598 0.014455025537877574
