0.20436156773767 0.11725713346914522
0.19721105954875082 0.11094106154556582
0.19036630571310817 0.10565871696532474
0.18387614106382352 0.1004829400037601
0.17170177817056895 0.09119644044426818
0.16540990440945577 0.08627522500562643
0.16077676670166624 0.08265512621551412
0.1481741503045699 0.07329104886037403
0.14153698284141758 0.06842879940792146
0.1344157506366161 0.0634357205137477
0.12793679806635527 0.059442334867792684
0.12158553861831001 0.055330443671230016
0.11587022445930563 0.051331992311006935
0.11071298434648107 0.048507752075945786
0.10538322196129277 0.04524051110773373
0.09397075337811317 0.0385605734847414
0.08756063530667968 0.03523148791810529
0.08409399463414814 0.033686193120766456
0.07468507186616834 0.029036416878458194
0.07032584908211979 0.027311841360655356
0.06739862440631562 0.026200554983573578
0.06411375836708584 0.02487035470249237
0.058054894607223816 0.021858069257201827
0.056374247084936116 0.02164601014909689
0.054544220171346636 0.021130935559054157
0.052806429377931625 0.01974182155708971
0.04887335663503621 0.01830731848725614
0.04831023715329569 0.0179241776110396
0.04699132771561537 0.017689870904372695
0.04475878716507124 0.01641333101085969
0.04302188279670726 0.015586438925304376
0.04207256948192452 0.014655265493173497
0.041935700662559125 0.014853033390443856
0.04202761575312052 0.014984905458011758
0.04162926112667557 0.014990700206290895
0.0416859827469678 0.015266141048868951
0.04147068208079014 0.014727693145982457
0.04140682114522207 0.015529136047952941
0.04130040701571792 0.015125351716025985
0.04113561820298854 0.014955831206412343
0.04089409372976076 0.015193079511708459
0.04116471690209605 0.015216762395979713
