0.2002816230981357 0.11577791953410724
0.19652407135244773 0.11247301782643243
0.19115359150312353 0.10813867136477925
0.18584973906151775 0.10385671819556012
0.1749488006836398 0.09485438342544518
0.16188217419677237 0.0848893471521519
0.1570622193706536 0.08123137800588047
0.14367106963905096 0.07191942428222146
0.14023159518100248 0.06961154705221667
0.13467107470373155 0.06567947775675669
0.1295173017929583 0.06216167050012517
0.11585923955816341 0.05432652945470328
0.11032504966456468 0.05102561916137398
0.10482259076214541 0.04860957513408601
0.099815530520686 0.04602779971726968
0.09518123268800094 0.04408348133986688
0.09154300788616808 0.042448223862071685
0.08682229394116867 0.04061270474308005
0.08384759025567735 0.03889941538057025
0.07490593027285429 0.034647820345494275
0.06754221085124695 0.03132206602239393
0.06425642259050124 0.030924787425031564
0.06208995271736995 0.030478198118884154
0.060610034828120087 0.029509958594736426
0.058437929538629085 0.028677310232749095
0.05304008314824228 0.024829916321247224
0.049122015560233476 0.022894210576263715
0.04843112310673032 0.0231290476449231
0.045963664446801826 0.02176421646123479
0.045170490385394564 0.02098690844794592
0.04309650368985001 0.020069918205662497
0.04195295540993831 0.019342926726944144
0.04170918408456359 0.019561985484900186
0.040989788414527835 0.01912926116167399
0.040808284842853704 0.01891612840504316
0.04069951890906166 0.019005318711087165
0.04027087235439504 0.01871070609363435
0.04050521454907768 0.018776884646998677
0.0402993228138383 0.018817859092932966
0.04016699844161314 0.018862451588555273
0.040067709599503475 0.018920501156245238
0.04006036437383973 0.01870667348959354
0.03979206339997839 0.018965137498962552
0.03967479398260697 0.019113380541082293
0.0394896981327597 0.018755954966981916
0.03949282279127746 0.018894203528839717
0.03944579704029276 0.018728081501555832
0.03928946099827617 0.01871743197226848
0.03923692932560555 0.018933232758195504
0.03911431225781618 0.01851928296383147
0.039016047382849334 0.018321722569427438
0.0390042082123949 0.018490718574484064
0.038829778886789346 0.01842132191008618
0.03884453168740423 0.01829778471295321
0.03904135639742825 0.018760050019915615
0.03889168453501321 0.018499630164369313
0.03853423607044019 0.018477028979942883
0.038850368539923186 0.018740550020936057
0.03871002748817014 0.018610564643437338
0.038815426560443435 0.018745705376349023
0.03866796569968102 0.018817637200058232
0.038785283078042736 0.019038736840981882
0.03887496533379622 0.019045317891332507
0.03882937361642135 0.01891679275496751
