0.16986608292813965 0.08469142005876186
0.1699739105462387 0.08476242582722203
0.16993854937393285 0.08474208792253096
0.16998431765548644 0.08475699559594842
0.16994629241654075 0.08472287573212169
0.16980019040218436 0.08459819483459677
0.16992739479275018 0.08473957382730161
0.16988956121327498 0.08471177404508552
0.1700382122985889 0.0848427053371465
0.16986010315266029 0.0846999218818615
0.16988402225457774 0.0847272070518345
0.1698795374229682 0.08472740003142565
0.16987725667526937 0.08472637080693944
0.1698762217141287 0.0847265798681632
0.169876336709811 0.08472679428993117
0.16987604922060526 0.08472704623550852
