0.1728467088477821 0.08998756847162356
0.17292691880795222 0.09004382030841823
0.17289950430589934 0.09001370665504724
0.1729221610777149 0.0900306396059191
0.17282268998384212 0.08992510894913576
0.17270127194081014 0.08981611304314699
0.17279420115560662 0.08991279987373738
0.17285131310285046 0.08996198302733695
0.1727940668648338 0.08991755130439634
0.17265112392935722 0.08981865351725771
0.17273858559126 0.08990044827994384
0.17273630264812195 0.08990059709432689
0.1727358038538229 0.08989958728244188
0.17273683981121327 0.08990055457593173
0.17273873906642898 0.08990095850068573
0.17273662878285598 0.08989939594966366
