0.17162002389608544 0.0887306810837237
0.17163511599928416 0.08872106780385473
0.17165225741091217 0.08873779663711717
0.17175221386598089 0.0888335733884043
0.17173696854346035 0.08881617561759766
0.17168956631577398 0.08878152573173999
0.17168707650179452 0.08878069495446736
0.17168663599624429 0.08878102402858185
0.17146115461177902 0.08859108352863432
0.1715444293131852 0.0886608040836436
0.17153916239899783 0.0886553932420563
0.17157403894712586 0.08868021945639805
0.17157576266449626 0.08867924302336982
0.17157051490272412 0.08866725609415049
0.17156898270950596 0.08866670044441621
0.17156934660539527 0.08866600453358395
0.1715698637206064 0.08866621492523091
0.1715667227245092 0.08866419192862549
0.17156601408514582 0.08866222827325382
