0.18414551777117 0.10550898311413932
0.17707744750402024 0.099278420663192
0.17159837878981016 0.09483130677327445
0.16527337851403162 0.08983727297599045
0.1586742562712043 0.08460003772218783
0.15196162434180852 0.07930238262941612
0.14743571525312793 0.07632950417431243
0.14055800879304597 0.0709179722044128
0.13463308850836897 0.06723283700905885
0.13070122366008394 0.0645471821836587
0.1246005615770611 0.05983362511606827
0.11041728972191717 0.051078329501238064
0.09745524765220524 0.04278063833144262
0.08493754420117372 0.035777191496755616
0.08105927423358075 0.03369827999173013
0.07658667275626568 0.03151280524918752
0.07301828021123412 0.029923022404803292
0.06886981907854418 0.02803355035825715
0.059785137290224444 0.023857783292939732
0.05632881329730644 0.02209365515477842
0.05451824570061235 0.021207379670711554
0.05233469718595564 0.02087608529014304
0.05079270725830767 0.0208481855092219
0.048629277172154456 0.020071683437696903
0.046663253779391865 0.019350914808394085
0.0448416406770915 0.018635669191439413
0.04425216401898827 0.01890422010067541
0.04333882949776435 0.018664589103642056
0.04239886510996823 0.01867211999343316
0.04157941978030868 0.01849442418911114
0.04011935188286275 0.01679399353394375
0.03987346370279284 0.016967513007159617
0.03982678722504878 0.01716169013882594
0.039619079532389884 0.017744320038565065
0.03873779229845491 0.016689075190649043
0.03897544781840779 0.016767568625364784
0.03877975516533231 0.016736149661398456
0.0387372536684676 0.01657254273367721
0.037922598554828456 0.016413883982423258
0.037816921745230866 0.0165095347838643
0.037731107215653925 0.016940074714199158
0.03776790402247534 0.017050841270422487
0.03755865943891934 0.016566187153867838
0.037692912364776586 0.01748238783823883
0.03779109623277303 0.017093103852084807
0.0377785593205797 0.01695709174540425
0.03736558093671556 0.016967438791259507
0.03720176560324413 0.016882525006494297
0.03708495950115337 0.016482756337724815
