0.17067374678466438 0.08748044290696996
0.17063026319818717 0.08744935526200576
0.17055349706026457 0.08738610498889487
0.17050584119304263 0.08735767222663894
0.1705389132165605 0.08737227136693038
0.17055175542013717 0.08738051290466275
0.1705172862567369 0.08734101541651841
0.17051828147966683 0.0873396092516484
0.17048036731381674 0.08730423796157823
0.17047586967172954 0.08730024749370385
0.17037617512861342 0.08722390740012342
0.17050982208476237 0.087347693342349
0.17044742926261636 0.08726937158785136
0.17047755389514943 0.08727676073992895
0.170476577811122 0.0872752351324831
0.17047223328025476 0.08727309059532612
0.17053814766046055 0.08731921714642912
0.17054166921852032 0.08731996637713207
0.17054117160705537 0.08732011296574786
0.17054438694267515 0.08732215977716098
0.17054725777804997 0.08732378853955869
