0.17687261192637121 0.09757189350400557
0.17272857133648634 0.09390111037639325
0.166761360845906 0.08888083590484587
0.16135345223975522 0.08428410842666971
0.1503857233867918 0.07585645228551681
0.13837032506961633 0.06680386077232454
0.13445839648836536 0.06402509763073896
0.12254111676513633 0.055828916947628225
0.11974059780420006 0.05416822815472886
0.11519268730723518 0.05136973647778975
0.11112626678404447 0.048881150753562023
0.09964130742733872 0.042675625526377735
0.09541450535259999 0.040257011793582376
0.09099520704721142 0.03789585104224492
0.087412895167865 0.03669361418774218
0.0837278796238999 0.03526004803218064
0.08108489333168808 0.03372887027093402
0.07761284856512995 0.03264620311581603
0.0753590033598784 0.031839682307653584
0.06788269551355247 0.027824455003462697
0.06143684872812058 0.024781198212594696
0.05922601973506503 0.02378566453615492
0.0570897365092257 0.023724010205775428
0.05586676482938473 0.02295876147231338
0.05419127161390804 0.022925796429067072
0.04944470669513938 0.01965956918788845
0.04657107120449768 0.01875014057644399
0.045957012257447846 0.018186118120268553
0.04397858303896796 0.017226408849149496
0.04387619112078619 0.01685599789142775
0.042143130328657866 0.016649851438601395
0.04104561021113272 0.016211974417361927
0.041018843182448826 0.016384207135249993
0.04028598006633811 0.01605559707476843
0.04060777433072548 0.01575829649752169
0.04048630353060418 0.015743482822908505
0.04003886346189028 0.015458189706194487
0.04002223538655484 0.01602137773886494
0.040107948870361364 0.01593053187280945
0.04014844473251734 0.016401346034598408
0.03997193150188345 0.016046860873263208
0.03964348265009258 0.015994563247218277
0.03924057436086801 0.015801993449445967
0.039348222803586165 0.016275797185894506
0.039467698426511176 0.015774509293075556
0.03905221476563114 0.01624352572396922
0.038972884889632936 0.016566060968742517
