0.19306862013894335 0.1091021769536777
0.1871725512702973 0.10434784701994716
0.18281546078919242 0.10057455952782322
0.17787873741224114 0.09683839617831402
0.1728945188399651 0.09304064712551402
0.1679237444721721 0.08921907881691889
0.16450487561161556 0.08696658576719744
0.15939698759425497 0.08336212730340246
0.15452392310006963 0.0799898323677098
0.15157076569608957 0.07808129628049555
0.14668377821521023 0.07476869791609093
0.13492110473517904 0.06745923058827269
0.12369094240579405 0.06051577448971414
0.11211865188411908 0.05410900999810698
0.10832341232754648 0.05218726078191325
0.10369834744298125 0.050154457591555755
0.09991845764409123 0.04844368123991311
0.09559161662307322 0.046588796501577975
0.08469828715472526 0.041133080432893196
0.08038318587351938 0.039490034861070424
0.07699407811519454 0.038165488848637304
0.07449773639431186 0.03717959673530355
0.07207625227210886 0.03639510768354677
0.06854845088292036 0.035732003459248984
0.06564597736378991 0.03349473681347
0.06238518802581777 0.0324928788359527
0.0605400619291384 0.031049827572984835
0.05888102411438314 0.030546384689282478
0.05689988556722133 0.029653024960205165
0.055039079353133825 0.02861559462707541
0.04992920917741999 0.02435175892654813
0.04916068233589337 0.024430581609984358
0.04867631752437882 0.024205596783492603
0.04779795804366371 0.024325340764869176
0.044613352531095565 0.02104920804563832
0.044779944801390414 0.021266979086639437
0.0446430705429283 0.02097494896536882
0.04434937117127442 0.021053357389144437
0.04242615090816942 0.019452679650624142
0.0421824124602266 0.019491255726121027
0.04215939261152485 0.01936796692347923
0.04204254581294615 0.019393991066197602
0.041845526933146374 0.019556229722596834
0.04190844849130746 0.019217242526636976
0.04194302135475908 0.019357108462603217
0.04174245948659839 0.019392798214275843
0.04028954220147278 0.01781713123409243
0.040282413134351956 0.01806115176427225
0.04037143789865322 0.018174471347459347
0.04029157702586925 0.01807395333235113
0.04006598442372088 0.017931392684520913
0.04014334126554165 0.018103349575694476
0.040060710637667425 0.017783344108222607
0.039517177920525524 0.017261932880413756
0.039510491726949815 0.016880387588571143
0.03940351981147165 0.01741189352817488
0.0393425085943322 0.016741754985926723
0.03944757495661084 0.017752105961176545
0.039357369994159626 0.017241500568423627
0.038735226025804294 0.016438004149958822
0.038911748239153936 0.016164745253895888
0.03870733456810627 0.015910918779241605
0.03861888913028024 0.015707111122501078
0.03883257202493161 0.0162841114088719
0.03873611177289452 0.016106067464509363
0.038699334117361546 0.01604901162988523
0.038630109391393504 0.016702390872508677
0.038644489615098934 0.016465759547219752
0.038743896771644325 0.016793800572603466
0.038766552745865775 0.01693463941155114
0.03868278740415163 0.016678833396433942
0.03848795416514478 0.0160734030228012
0.03837091345977065 0.015891847991673484
