0.17906803114282216 0.09527395696662071
0.17470068670382166 0.09193531980380493
0.1701965182508574 0.08838313017381805
0.16584645624081332 0.08498957114295165
0.16287431865507104 0.08272792054037037
0.16000841154764822 0.08065244290905477
0.1550333686765066 0.0769488652434092
0.1498163335221705 0.0733841992934559
0.14395032689245468 0.06933909729905155
0.13858723320369917 0.06555207270656356
0.13173069267515924 0.06151447930681262
0.12480336691572759 0.05668719674615838
0.12060863623836354 0.0543686263269853
0.11572366104238119 0.05143263551650618
0.11011390517822146 0.0478812982721741
0.10411623246876531 0.044604635518591
0.09857354888841255 0.04123486999175108
0.092582077183366 0.03848490827852584
0.08829987215213131 0.036132644194552234
0.08200816848358648 0.03309230400646015
0.07789139534082558 0.03140480300748588
0.07529128931130573 0.03027418944530694
0.07100221819879961 0.02818321685438117
0.06702160399314061 0.02565492698887959
0.06340431792779275 0.02443147125542747
0.06030086833200637 0.02358569566135919
0.052835021703515436 0.018874211320671783
0.050909758160828024 0.018355830541562194
0.04921460164288339 0.01777688558999594
0.047779944726849585 0.01666786398800258
0.04645498721521313 0.01726111083072268
0.04521938923934346 0.016985962641576372
0.04425647756155071 0.016050807353632027
0.04109103227584517 0.01462867925481384
0.04067433052119059 0.014447399357251268
0.04053534859597011 0.01444186970891106
0.04061516260411563 0.014044605058996814
0.04041594098328025 0.014397389565131733
0.040436754539747675 0.014698626455983282
0.040154173429078885 0.014781861643714003
0.039560070794800346 0.014427684545729047
0.039505044057753555 0.014828324805712535
0.039238307565990935 0.014574980315863503
0.03923931953546056 0.01465153214855564
0.03904377736863057 0.014591562474374138
0.039198816833047524 0.01454718955745266
0.03880106259186673 0.014996433444685665
