0.17941292797767297 0.09678994803872258
0.174756656068599 0.09305688286569795
0.17108263459219092 0.09036395218332707
0.1668411412880942 0.08703486979281813
0.16224755154607587 0.08378813736507064
0.15732780578632433 0.0800986733586703
0.1539745971181754 0.0777399355251122
0.14874143094750156 0.07416868260440618
0.14396245673340916 0.07072597162268969
0.14081436794006902 0.06880923670258335
0.1358014320107811 0.06539755606339262
0.1230921390702218 0.057290545781678345
0.11127183936328247 0.05061542199279548
0.09914809706669674 0.04396675684699162
0.09524455697401063 0.0420444759750771
0.09087104426307067 0.03982995447861166
0.08713620787022965 0.03835214048803253
0.08297503506983939 0.03659714495372469
0.07294077015910584 0.03176809715052396
0.06897575921835779 0.03000638170380621
0.06626972525255187 0.028909880911709353
0.06402761209785358 0.028498800390383192
0.06190965674609498 0.027213748031848305
0.05904814304511002 0.02629352484569138
0.056453224854817914 0.024594952286786733
0.054165684843946106 0.023631411303805933
0.05205133951005795 0.022786445739119983
0.05058978499384707 0.022113261646207333
0.04909171375840818 0.02170799290454974
0.048297998184764275 0.020949831606011785
0.04464644116969328 0.019151167436079544
0.044177909685894357 0.019106461127233625
0.04389333590318089 0.018160842609439252
0.043608991935928675 0.018367427290223875
0.0419020184462146 0.017712419345938025
0.04162699636860929 0.01807973272689965
0.041088213170999865 0.0172087942959354
0.041001960555699914 0.017156909285478892
0.04103978913818589 0.01705099240098271
0.04094194999338131 0.016811612388629733
0.040872804266478074 0.01735845133319608
0.04056580911282652 0.01721348743958232
0.04043541277767836 0.017637422154807438
0.040500761761648886 0.017205971392971236
0.0402896044431602 0.017521950310517165
0.04008936096516978 0.017475561324808764
0.03884461579144768 0.016777211294859005
0.03901223265567393 0.016683577816520936
0.0389733028741028 0.01638592482878203
0.03878016691803371 0.016264082561502365
0.03892416306188348 0.01648877052439368
0.038652245886916084 0.016689251959429302
0.03865825460366332 0.016249331139320613
0.038651939466301084 0.01610554390506859
0.03863643410439996 0.016486329495970082
0.03847684641785108 0.016472190692309232
0.03857425944648793 0.016752853636443087
0.03860198333041212 0.01696269302179251
0.03860809498533471 0.01692116315347127
0.038554722738370725 0.016711783906702526
0.038431141867995226 0.016484285185267067
0.03859195523700409 0.01668078055177681
0.038512879567046056 0.01664613791898573
0.038301207557680614 0.016855318806894178
