0.17892259894237192 0.09845785993352164
0.17597957828706978 0.09596934330168604
0.1726206015551332 0.09341087328021595
0.16767687859745797 0.08935293890548807
0.15898506180138103 0.08228243804899751
0.15131002759176587 0.07610498824961631
0.14771834413491572 0.07365183097815439
0.13927205883255736 0.0672999547774349
0.1363331436380245 0.06492371328281468
0.13080583135043414 0.06065994204232519
0.12593890353042 0.057354753335483066
0.1176786876860119 0.05193587953892372
0.11259034315819975 0.048358238270705435
0.10839913773045831 0.04540037701911355
0.104317197030808 0.04263584691030727
0.09939959362844766 0.039925469292534724
0.09652709481327597 0.038138633735999544
0.09311074714474796 0.03601982517966573
0.09032029999177373 0.03456620362858787
0.08379274206717546 0.03126022035923622
0.07744373331724913 0.027910743429037137
0.07372343287272366 0.026648263323394233
0.07146941021180801 0.025718540150460694
0.06917489888288494 0.024393515485539665
0.06709086915597251 0.02405177388445337
0.06427741991205259 0.02272094280119351
0.060527949593229415 0.020957275783920155
0.05892062812935869 0.020553093262143933
0.05590901846183502 0.019259453816349106
0.053411315601426215 0.018516544513443298
0.0511579308216815 0.017585753065831402
0.04887718909307225 0.016800435649854555
0.04855183132710592 0.016937504326246706
0.04664869606729088 0.016717466316502172
0.0458284096580696 0.015940624676860197
0.045453939838040726 0.015945756115675887
0.04506332155257937 0.01605091606520145
0.044444111595171795 0.01600695204460758
0.04411067719843971 0.016596597148665397
0.04378195257095464 0.01664473993028344
0.04348149615114971 0.016149273071501654
0.04322711585472163 0.01615241013184444
0.042544602186223086 0.015652922627320483
0.0422305823983626 0.01579639165088384
0.04173365378181233 0.015517905463494727
0.04136441650582469 0.015525033938183016
0.04134471413101132 0.015594919564125223
0.04126824033198521 0.015697826038707386
0.041199118952771396 0.015767360887889537
0.04070725501679632 0.01537412951026632
0.04051195306821419 0.01533916875984726
0.040503555098813454 0.015515798145534684
0.040322511952646155 0.015451330957575485
0.03985747020049382 0.015234687775944385
0.040005365108218414 0.015200246547166165
0.03991557733828628 0.015514498677082654
0.03963378733590435 0.015724022684924406
0.03968981056866847 0.015423065525694037
0.0394418426566429 0.015456894223842003
0.039399898372580004 0.01552689278927135
0.03968718710249931 0.01568585179567088
0.039385725899947696 0.015881117525436205
0.03955897058909295 0.015970488534659634
0.0395316592031692 0.016431425141773336
0.03933636924483464 0.016161835928571136
